/*--------------------------------*- C++ -*----------------------------------*\
| =========                 |                                                 |
| \\      /  F ield         | OpenFOAM: The Open Source CFD Toolbox           |
|  \\    /   O peration     | Version:  2312                                  |
|   \\  /    A nd           | Website:  www.openfoam.com                      |
|    \\/     M anipulation  |                                                 |
\*---------------------------------------------------------------------------*/
FoamFile
{
    version     2.0;
    format      ascii;
    arch        "LSB;label=32;scalar=64";
    class       volScalarField;
    location    "0.01";
    object      p;
}
// * * * * * * * * * * * * * * * * * * * * * * * * * * * * * * * * * * * * * //

dimensions      [1 -1 -2 0 0 0 0];

internalField   nonuniform List<scalar> 
6000
(
108172
108162
108151
108139
108129
108121
108114
108108
108104
108100
108097
108095
108093
108092
108092
108092
108092
108093
108095
108097
108100
108104
108108
108114
108121
108129
108139
108151
108162
108172
107989
107990
107984
107976
107967
107960
107954
107948
107944
107941
107938
107936
107934
107933
107933
107933
107933
107934
107936
107938
107941
107944
107948
107954
107960
107967
107976
107984
107990
107989
107802
107804
107803
107798
107793
107787
107782
107777
107774
107771
107768
107766
107765
107764
107764
107764
107764
107765
107766
107768
107771
107774
107777
107782
107787
107793
107798
107803
107804
107802
107606
107607
107607
107605
107602
107598
107594
107591
107588
107585
107583
107581
107580
107579
107579
107579
107579
107580
107581
107583
107585
107588
107591
107594
107598
107602
107605
107607
107607
107606
107410
107410
107411
107410
107408
107406
107403
107401
107398
107396
107395
107393
107392
107392
107391
107391
107392
107392
107393
107395
107396
107398
107401
107403
107406
107408
107410
107411
107410
107410
107216
107217
107217
107217
107216
107215
107213
107212
107210
107209
107208
107207
107206
107206
107205
107205
107206
107206
107207
107208
107209
107210
107212
107213
107215
107216
107217
107217
107217
107216
107026
107026
107027
107027
107027
107027
107026
107025
107024
107023
107023
107022
107021
107021
107021
107021
107021
107021
107022
107023
107023
107024
107025
107026
107027
107027
107027
107027
107026
107026
106838
106838
106839
106840
106840
106841
106841
106840
106840
106840
106839
106839
106839
106838
106838
106838
106838
106839
106839
106839
106840
106840
106840
106841
106841
106840
106840
106839
106838
106838
106652
106653
106654
106655
106656
106657
106658
106658
106658
106658
106658
106658
106658
106658
106658
106658
106658
106658
106658
106658
106658
106658
106658
106658
106657
106656
106655
106654
106653
106652
106469
106470
106471
106473
106474
106475
106476
106477
106478
106478
106478
106478
106478
106478
106478
106478
106478
106478
106478
106478
106478
106478
106477
106476
106475
106474
106473
106471
106470
106469
106289
106290
106291
106293
106294
106296
106297
106298
106299
106300
106300
106300
106300
106300
106300
106300
106300
106300
106300
106300
106299
106299
106298
106297
106296
106294
106292
106291
106290
106289
106111
106112
106113
106115
106117
106118
106120
106121
106122
106123
106123
106124
106124
106124
106124
106124
106124
106124
106124
106123
106123
106122
106121
106120
106118
106116
106115
106113
106112
106111
105936
105936
105937
105939
105941
105943
105945
105946
105947
105948
105949
105949
105950
105950
105950
105950
105950
105950
105949
105949
105948
105947
105946
105945
105943
105941
105939
105937
105936
105935
105763
105763
105765
105766
105768
105770
105772
105773
105775
105776
105777
105777
105778
105778
105778
105778
105778
105778
105777
105776
105776
105775
105773
105772
105770
105768
105766
105765
105763
105763
105593
105593
105595
105596
105598
105600
105602
105603
105605
105606
105607
105607
105608
105608
105608
105608
105608
105608
105607
105606
105606
105604
105603
105602
105600
105598
105596
105594
105593
105592
105425
105426
105427
105429
105430
105432
105434
105436
105437
105438
105439
105440
105440
105441
105441
105441
105441
105440
105440
105439
105438
105437
105436
105434
105432
105431
105429
105427
105426
105425
105260
105261
105262
105264
105266
105268
105270
105271
105273
105274
105275
105276
105276
105276
105277
105277
105276
105276
105276
105275
105274
105273
105272
105270
105268
105266
105264
105263
105261
105260
105098
105099
105101
105102
105104
105106
105108
105110
105111
105113
105113
105114
105115
105115
105115
105115
105115
105115
105114
105114
105113
105111
105110
105108
105106
105104
105102
105101
105099
105098
104939
104940
104941
104943
104945
104947
104949
104951
104952
104953
104954
104955
104956
104956
104956
104956
104956
104956
104955
104954
104953
104952
104951
104949
104947
104945
104943
104941
104940
104939
104782
104783
104785
104786
104788
104790
104792
104794
104795
104797
104798
104798
104799
104799
104800
104800
104799
104799
104798
104798
104797
104795
104794
104792
104790
104788
104786
104785
104783
104782
104629
104630
104631
104633
104634
104636
104638
104640
104641
104642
104643
104644
104645
104645
104645
104645
104645
104645
104644
104643
104642
104641
104640
104638
104636
104634
104633
104631
104630
104629
104478
104479
104480
104482
104483
104485
104487
104488
104490
104491
104492
104493
104493
104494
104494
104494
104493
104493
104492
104492
104491
104490
104488
104487
104485
104483
104482
104480
104479
104478
104330
104331
104332
104334
104335
104337
104338
104340
104341
104342
104343
104344
104344
104345
104345
104345
104345
104344
104344
104343
104342
104341
104340
104338
104337
104335
104334
104332
104331
104330
104185
104186
104187
104189
104190
104192
104193
104194
104196
104197
104197
104198
104199
104199
104199
104199
104199
104199
104198
104197
104196
104195
104194
104193
104191
104190
104189
104187
104186
104185
104043
104044
104045
104047
104048
104050
104051
104052
104053
104054
104055
104056
104056
104057
104057
104057
104057
104056
104056
104055
104054
104053
104052
104051
104050
104048
104047
104045
104044
104043
103904
103905
103906
103908
103909
103911
103912
103914
103915
103916
103916
103917
103918
103918
103918
103918
103918
103918
103917
103916
103916
103915
103914
103912
103911
103910
103908
103906
103905
103904
103768
103769
103770
103772
103773
103775
103776
103778
103779
103780
103780
103781
103782
103782
103782
103782
103782
103782
103781
103781
103780
103779
103778
103776
103775
103774
103772
103770
103769
103768
103635
103636
103637
103639
103640
103642
103643
103645
103646
103647
103647
103648
103648
103649
103649
103649
103649
103648
103648
103647
103647
103646
103645
103643
103642
103641
103639
103637
103636
103636
103506
103506
103507
103509
103510
103512
103513
103514
103515
103516
103517
103518
103518
103518
103519
103519
103518
103518
103518
103517
103516
103515
103514
103513
103512
103510
103509
103508
103506
103506
103379
103380
103381
103382
103383
103385
103386
103387
103388
103389
103390
103390
103391
103391
103391
103391
103391
103391
103390
103390
103389
103388
103387
103386
103385
103383
103382
103381
103380
103379
103255
103256
103257
103258
103259
103260
103262
103263
103264
103265
103265
103266
103266
103267
103267
103267
103267
103266
103266
103265
103265
103264
103263
103262
103261
103259
103258
103257
103256
103255
103135
103135
103136
103137
103138
103139
103141
103142
103142
103143
103144
103145
103145
103145
103145
103145
103145
103145
103145
103144
103143
103143
103142
103141
103140
103138
103137
103136
103135
103135
103017
103018
103019
103020
103021
103022
103023
103024
103025
103025
103026
103026
103027
103027
103027
103027
103027
103027
103027
103026
103025
103025
103024
103023
103022
103021
103020
103018
103018
103017
102902
102903
102904
102905
102906
102907
102908
102909
102910
102911
102911
102912
102912
102912
102912
102912
102912
102912
102912
102911
102911
102910
102909
102908
102907
102906
102905
102904
102903
102902
102791
102791
102792
102794
102795
102796
102797
102798
102799
102799
102800
102800
102801
102801
102801
102801
102801
102801
102800
102800
102799
102799
102798
102797
102796
102795
102793
102792
102791
102791
102682
102683
102684
102685
102686
102687
102688
102689
102690
102690
102691
102691
102692
102692
102692
102692
102692
102692
102691
102691
102690
102690
102689
102688
102687
102686
102685
102684
102683
102682
102577
102577
102578
102579
102580
102581
102582
102583
102584
102585
102585
102586
102586
102586
102586
102586
102586
102586
102586
102585
102585
102584
102583
102582
102581
102580
102579
102578
102577
102577
102474
102475
102476
102477
102478
102479
102480
102480
102481
102482
102482
102483
102483
102483
102483
102483
102483
102483
102483
102482
102482
102481
102480
102480
102479
102478
102477
102476
102475
102474
102375
102375
102376
102377
102378
102379
102380
102380
102381
102382
102382
102382
102383
102383
102383
102383
102383
102383
102382
102382
102382
102381
102380
102380
102379
102378
102377
102376
102375
102375
102278
102278
102279
102280
102281
102282
102283
102283
102284
102284
102285
102285
102286
102286
102286
102286
102286
102286
102285
102285
102284
102284
102283
102283
102282
102281
102280
102279
102278
102278
102184
102185
102185
102186
102187
102188
102188
102189
102190
102190
102191
102191
102191
102191
102192
102192
102191
102191
102191
102191
102190
102190
102189
102188
102188
102187
102186
102185
102185
102184
102093
102094
102094
102095
102096
102097
102097
102098
102098
102099
102099
102100
102100
102100
102100
102100
102100
102100
102100
102099
102099
102098
102098
102097
102096
102096
102095
102094
102094
102093
102005
102005
102006
102007
102008
102008
102009
102009
102010
102010
102011
102011
102011
102012
102012
102012
102012
102011
102011
102011
102011
102010
102010
102009
102008
102008
102007
102006
102005
102005
101920
101920
101921
101921
101922
101923
101924
101924
101925
101925
101925
101926
101926
101926
101926
101926
101926
101926
101926
101925
101925
101925
101924
101924
101923
101922
101921
101921
101920
101920
101837
101837
101838
101839
101840
101840
101841
101841
101842
101842
101843
101843
101843
101843
101843
101843
101843
101843
101843
101843
101842
101842
101841
101841
101840
101840
101839
101838
101837
101837
101757
101757
101758
101759
101759
101760
101761
101761
101762
101762
101762
101763
101763
101763
101763
101763
101763
101763
101763
101762
101762
101762
101761
101761
101760
101759
101759
101758
101757
101757
101680
101680
101681
101681
101682
101683
101683
101684
101684
101684
101685
101685
101685
101685
101685
101685
101685
101685
101685
101685
101684
101684
101684
101683
101683
101682
101681
101681
101680
101680
101605
101605
101606
101606
101607
101608
101608
101609
101609
101609
101610
101610
101610
101610
101610
101610
101610
101610
101610
101610
101609
101609
101609
101608
101608
101607
101606
101606
101605
101605
101533
101533
101534
101534
101535
101535
101536
101536
101537
101537
101537
101537
101538
101538
101538
101538
101538
101538
101537
101537
101537
101537
101536
101536
101535
101535
101534
101534
101533
101533
101463
101463
101464
101464
101465
101465
101466
101466
101467
101467
101467
101467
101468
101468
101468
101468
101468
101468
101467
101467
101467
101467
101466
101466
101465
101465
101464
101464
101463
101463
101396
101396
101396
101397
101397
101398
101398
101399
101399
101399
101400
101400
101400
101400
101400
101400
101400
101400
101400
101400
101399
101399
101399
101398
101398
101397
101397
101396
101396
101396
101331
101331
101331
101332
101332
101333
101333
101334
101334
101334
101335
101335
101335
101335
101335
101335
101335
101335
101335
101334
101334
101334
101334
101333
101333
101332
101332
101331
101331
101331
101268
101268
101269
101269
101270
101270
101271
101271
101271
101272
101272
101272
101272
101272
101272
101272
101272
101272
101272
101272
101272
101271
101271
101271
101270
101270
101269
101269
101268
101268
101208
101208
101209
101209
101209
101210
101210
101211
101211
101211
101211
101212
101212
101212
101212
101212
101212
101212
101212
101211
101211
101211
101211
101210
101210
101209
101209
101209
101208
101208
101150
101150
101150
101151
101151
101152
101152
101152
101153
101153
101153
101153
101153
101154
101154
101154
101154
101153
101153
101153
101153
101153
101152
101152
101152
101151
101151
101150
101150
101150
101094
101094
101094
101095
101095
101096
101096
101096
101097
101097
101097
101097
101097
101097
101097
101097
101097
101097
101097
101097
101097
101097
101096
101096
101096
101095
101095
101094
101094
101094
101040
101040
101041
101041
101041
101042
101042
101042
101043
101043
101043
101043
101043
101043
101043
101043
101043
101043
101043
101043
101043
101043
101042
101042
101042
101041
101041
101041
101040
101040
100988
100989
100989
100989
100990
100990
100990
100990
100991
100991
100991
100991
100991
100991
100991
100991
100991
100991
100991
100991
100991
100991
100990
100990
100990
100990
100989
100989
100989
100988
100939
100939
100939
100939
100940
100940
100940
100941
100941
100941
100941
100941
100941
100941
100941
100941
100941
100941
100941
100941
100941
100941
100941
100940
100940
100940
100939
100939
100939
100939
100891
100891
100891
100891
100892
100892
100892
100893
100893
100893
100893
100893
100893
100893
100893
100893
100893
100893
100893
100893
100893
100893
100893
100892
100892
100892
100891
100891
100891
100891
100845
100845
100845
100845
100846
100846
100846
100846
100847
100847
100847
100847
100847
100847
100847
100847
100847
100847
100847
100847
100847
100847
100846
100846
100846
100846
100845
100845
100845
100845
100801
100801
100801
100801
100802
100802
100802
100802
100802
100803
100803
100803
100803
100803
100803
100803
100803
100803
100803
100803
100803
100802
100802
100802
100802
100802
100801
100801
100801
100801
100758
100758
100759
100759
100759
100759
100760
100760
100760
100760
100760
100760
100760
100760
100760
100760
100760
100760
100760
100760
100760
100760
100760
100760
100759
100759
100759
100759
100758
100758
100718
100718
100718
100718
100718
100719
100719
100719
100719
100719
100719
100720
100720
100720
100720
100720
100720
100720
100720
100719
100719
100719
100719
100719
100719
100718
100718
100718
100718
100718
100679
100679
100679
100679
100679
100680
100680
100680
100680
100680
100680
100680
100680
100681
100681
100681
100681
100680
100680
100680
100680
100680
100680
100680
100680
100679
100679
100679
100679
100679
100641
100641
100641
100642
100642
100642
100642
100642
100643
100643
100643
100643
100643
100643
100643
100643
100643
100643
100643
100643
100643
100643
100642
100642
100642
100642
100642
100641
100641
100641
100605
100605
100606
100606
100606
100606
100606
100606
100607
100607
100607
100607
100607
100607
100607
100607
100607
100607
100607
100607
100607
100607
100606
100606
100606
100606
100606
100606
100605
100605
100571
100571
100571
100571
100572
100572
100572
100572
100572
100572
100572
100572
100572
100572
100573
100573
100572
100572
100572
100572
100572
100572
100572
100572
100572
100572
100571
100571
100571
100571
100538
100538
100538
100538
100539
100539
100539
100539
100539
100539
100539
100539
100539
100539
100539
100539
100539
100539
100539
100539
100539
100539
100539
100539
100539
100538
100538
100538
100538
100538
100506
100506
100507
100507
100507
100507
100507
100507
100507
100507
100508
100508
100508
100508
100508
100508
100508
100508
100508
100508
100507
100507
100507
100507
100507
100507
100507
100507
100506
100506
100476
100476
100476
100476
100477
100477
100477
100477
100477
100477
100477
100477
100477
100477
100477
100477
100477
100477
100477
100477
100477
100477
100477
100477
100477
100477
100476
100476
100476
100476
100447
100447
100447
100447
100447
100448
100448
100448
100448
100448
100448
100448
100448
100448
100448
100448
100448
100448
100448
100448
100448
100448
100448
100448
100448
100447
100447
100447
100447
100447
100419
100419
100419
100419
100420
100420
100420
100420
100420
100420
100420
100420
100420
100420
100420
100420
100420
100420
100420
100420
100420
100420
100420
100420
100420
100420
100419
100419
100419
100419
100392
100393
100393
100393
100393
100393
100393
100393
100393
100393
100393
100393
100393
100393
100394
100394
100393
100393
100393
100393
100393
100393
100393
100393
100393
100393
100393
100393
100393
100392
100367
100367
100367
100367
100367
100367
100368
100368
100368
100368
100368
100368
100368
100368
100368
100368
100368
100368
100368
100368
100368
100368
100368
100368
100367
100367
100367
100367
100367
100367
100342
100342
100343
100343
100343
100343
100343
100343
100343
100343
100343
100343
100343
100343
100343
100343
100343
100343
100343
100343
100343
100343
100343
100343
100343
100343
100343
100343
100342
100342
100319
100319
100319
100319
100319
100319
100319
100319
100320
100320
100320
100320
100320
100320
100320
100320
100320
100320
100320
100320
100320
100320
100319
100319
100319
100319
100319
100319
100319
100319
100296
100296
100297
100297
100297
100297
100297
100297
100297
100297
100297
100297
100297
100297
100297
100297
100297
100297
100297
100297
100297
100297
100297
100297
100297
100297
100297
100297
100296
100296
100275
100275
100275
100275
100275
100275
100275
100275
100275
100275
100275
100275
100275
100275
100275
100275
100275
100275
100275
100275
100275
100275
100275
100275
100275
100275
100275
100275
100275
100275
100254
100254
100254
100254
100254
100254
100254
100254
100254
100254
100254
100254
100254
100254
100254
100254
100254
100254
100254
100254
100254
100254
100254
100254
100254
100254
100254
100254
100254
100254
100234
100234
100234
100234
100234
100234
100234
100234
100234
100234
100234
100234
100234
100234
100234
100234
100234
100234
100234
100234
100234
100234
100234
100234
100234
100234
100234
100234
100234
100234
100215
100215
100215
100215
100215
100215
100215
100215
100215
100215
100215
100215
100215
100215
100215
100215
100215
100215
100215
100215
100215
100215
100215
100215
100215
100215
100215
100215
100215
100215
100196
100196
100196
100196
100196
100196
100196
100196
100196
100196
100196
100196
100196
100196
100196
100196
100196
100196
100196
100196
100196
100196
100196
100196
100196
100196
100196
100196
100196
100196
100178
100178
100178
100178
100178
100178
100178
100178
100178
100178
100178
100178
100178
100178
100178
100178
100178
100178
100178
100178
100178
100178
100178
100178
100178
100178
100178
100178
100178
100178
100161
100161
100161
100161
100161
100161
100161
100161
100161
100161
100161
100161
100160
100160
100160
100160
100160
100160
100161
100161
100161
100161
100161
100161
100161
100161
100161
100161
100161
100161
100144
100144
100144
100144
100144
100144
100144
100144
100144
100144
100144
100144
100144
100144
100143
100143
100144
100144
100144
100144
100144
100144
100144
100144
100144
100144
100144
100144
100144
100144
100128
100128
100128
100128
100128
100128
100128
100128
100128
100127
100127
100127
100127
100127
100127
100127
100127
100127
100127
100127
100127
100128
100128
100128
100128
100128
100128
100128
100128
100128
100113
100113
100113
100113
100112
100112
100112
100112
100112
100111
100111
100111
100111
100111
100111
100111
100111
100111
100111
100111
100111
100112
100112
100112
100112
100112
100113
100113
100113
100113
100098
100098
100098
100097
100097
100097
100097
100096
100096
100096
100096
100096
100096
100095
100095
100095
100095
100096
100096
100096
100096
100096
100096
100097
100097
100097
100097
100098
100098
100098
100083
100083
100083
100083
100082
100082
100082
100081
100081
100081
100081
100080
100080
100080
100080
100080
100080
100080
100080
100081
100081
100081
100081
100082
100082
100082
100083
100083
100083
100083
100069
100069
100069
100068
100068
100068
100067
100067
100066
100066
100066
100066
100066
100065
100065
100065
100065
100066
100066
100066
100066
100066
100067
100067
100068
100068
100068
100069
100069
100069
100055
100055
100055
100055
100054
100054
100053
100053
100052
100052
100052
100051
100051
100051
100051
100051
100051
100051
100051
100052
100052
100052
100053
100053
100054
100054
100055
100055
100055
100055
100043
100042
100042
100042
100041
100040
100040
100039
100039
100038
100038
100038
100037
100037
100037
100037
100037
100037
100038
100038
100038
100039
100039
100040
100040
100041
100042
100042
100042
100043
100030
100030
100030
100029
100028
100028
100027
100026
100026
100025
100025
100025
100024
100024
100024
100024
100024
100024
100025
100025
100025
100026
100026
100027
100028
100028
100029
100030
100030
100030
100019
100019
100019
100018
100017
100016
100015
100014
100014
100013
100013
100013
100013
100013
100012
100012
100013
100013
100013
100013
100013
100014
100014
100015
100016
100017
100018
100019
100019
100019
100009
100009
100009
100008
100007
100006
100005
100004
100004
100003
100003
100003
100002
100002
100002
100002
100002
100002
100003
100003
100003
100004
100004
100005
100006
100007
100008
100009
100009
100009
100001
100001
100000
99999.5
99998.3
99997.3
99996.4
99995.7
99995.2
99994.9
99994.6
99994.4
99994.3
99994.2
99994.2
99994.2
99994.2
99994.3
99994.4
99994.6
99994.9
99995.2
99995.7
99996.4
99997.3
99998.3
99999.5
100000
100001
100001
99995
99995.1
99994.4
99993.3
99992.2
99991.3
99990.6
99990.1
99989.7
99989.5
99989.3
99989.1
99989.1
99989
99989
99989
99989
99989.1
99989.1
99989.3
99989.5
99989.7
99990.1
99990.6
99991.3
99992.2
99993.3
99994.4
99995.1
99995
99991.9
99991.4
99990.5
99989.5
99988.7
99988.2
99987.8
99987.6
99987.4
99987.3
99987.2
99987.1
99987.1
99987
99987
99987
99987
99987.1
99987.1
99987.2
99987.3
99987.4
99987.6
99987.8
99988.2
99988.7
99989.5
99990.5
99991.4
99991.8
99994.6
99994.5
99994.4
99994.3
99994.2
99994.2
99994.1
99994.1
99994.1
99994.1
99994.1
99994.1
99994.1
99994.1
99994.1
99994.1
99994.1
99994.1
99994.1
99994.1
99994.1
99994.1
99994.1
99994.1
99994.2
99994.2
99994.3
99994.4
99994.5
99994.6
99995.4
99995.4
99995.4
99995.5
99995.5
99995.5
99995.5
99995.5
99995.5
99995.5
99995.5
99995.5
99995.5
99995.5
99995.5
99995.5
99995.5
99995.5
99995.5
99995.5
99995.5
99995.5
99995.5
99995.5
99995.5
99995.5
99995.5
99995.4
99995.4
99995.4
99995.4
99995.4
99995.4
99995.4
99995.4
99995.4
99995.4
99995.4
99995.4
99995.4
99995.4
99995.4
99995.4
99995.4
99995.4
99995.4
99995.4
99995.4
99995.4
99995.4
99995.4
99995.4
99995.4
99995.4
99995.4
99995.4
99995.4
99995.4
99995.4
99995.4
99995.4
99995.4
99995.4
99995.4
99995.4
99995.4
99995.4
99995.4
99995.3
99995.3
99995.3
99995.3
99995.3
99995.3
99995.3
99995.3
99995.3
99995.3
99995.3
99995.3
99995.3
99995.3
99995.4
99995.4
99995.4
99995.4
99995.4
99995.4
99995.4
99995.4
99995.3
99995.3
99995.3
99995.3
99995.3
99995.3
99995.3
99995.3
99995.3
99995.3
99995.3
99995.3
99995.3
99995.3
99995.3
99995.3
99995.3
99995.3
99995.3
99995.3
99995.3
99995.3
99995.3
99995.3
99995.3
99995.3
99995.3
99995.3
99995.3
99995.3
99995.3
99995.3
99995.3
99995.3
99995.3
99995.3
99995.3
99995.3
99995.3
99995.3
99995.3
99995.3
99995.3
99995.3
99995.3
99995.3
99995.3
99995.3
99995.3
99995.3
99995.3
99995.3
99995.3
99995.3
99995.3
99995.3
99995.3
99995.3
99995.3
99995.3
99995.3
99995.3
99995.3
99995.3
99995.3
99995.3
99995.3
99995.3
99995.3
99995.3
99995.3
99995.3
99995.3
99995.3
99995.3
99995.3
99995.3
99995.3
99995.3
99995.3
99995.3
99995.3
99995.3
99995.3
99995.3
99995.3
99995.3
99995.3
99995.3
99995.3
99995.3
99995.3
99995.3
99995.3
99995.3
99995.3
99995.3
99995.3
99995.3
99995.3
99995.3
99995.3
99995.3
99995.3
99995.3
99995.3
99995.3
99995.3
99995.3
99995.3
99995.3
99995.3
99995.3
99995.3
99995.3
99995.3
99995.3
99995.3
99995.3
99995.3
99995.3
99995.3
99995.3
99995.3
99995.3
99995.3
99995.3
99995.3
99995.3
99995.3
99995.3
99995.3
99995.3
99995.3
99995.3
99995.3
99995.3
99995.3
99995.3
99995.3
99995.3
99995.3
99995.3
99995.3
99995.3
99995.3
99995.3
99995.3
99995.3
99995.3
99995.2
99995.2
99995.2
99995.2
99995.2
99995.2
99995.2
99995.2
99995.2
99995.2
99995.2
99995.2
99995.2
99995.2
99995.2
99995.2
99995.2
99995.2
99995.2
99995.2
99995.2
99995.2
99995.2
99995.2
99995.2
99995.2
99995.2
99995.2
99995.2
99995.2
99995.2
99995.2
99995.2
99995.2
99995.2
99995.2
99995.2
99995.2
99995.2
99995.2
99995.2
99995.2
99995.2
99995.2
99995.2
99995.2
99995.2
99995.2
99995.2
99995.2
99995.2
99995.2
99995.2
99995.2
99995.2
99995.2
99995.2
99995.2
99995.2
99995.2
99995.2
99995.2
99995.2
99995.2
99995.2
99995.2
99995.2
99995.2
99995.2
99995.2
99995.2
99995.2
99995.2
99995.2
99995.2
99995.2
99995.2
99995.2
99995.2
99995.2
99995.2
99995.2
99995.2
99995.2
99995.2
99995.2
99995.2
99995.2
99995.2
99995.2
99995.2
99995.2
99995.2
99995.2
99995.2
99995.2
99995.2
99995.2
99995.2
99995.2
99995.2
99995.2
99995.2
99995.2
99995.2
99995.2
99995.2
99995.2
99995.2
99995.2
99995.2
99995.2
99995.2
99995.2
99995.2
99995.2
99995.2
99995.2
99995.2
99995.2
99995.2
99995.2
99995.2
99995.2
99995.2
99995.2
99995.2
99995.2
99995.2
99995.2
99995.2
99995.2
99995.2
99995.2
99995.2
99995.2
99995.2
99995.2
99995.2
99995.2
99995.2
99995.2
99995.2
99995.2
99995.2
99995.2
99995.2
99995.2
99995.2
99995.2
99995.2
99995.2
99995.2
99995.2
99995.2
99995.2
99995.2
99995.2
99995.2
99995.2
99995.2
99995.2
99995.2
99995.2
99995.2
99995.2
99995.2
99995.2
99995.2
99995.2
99995.2
99995.2
99995.2
99995.2
99995.2
99995.2
99995.2
99995.2
99995.2
99995.2
99995.2
99995.2
99995.2
99995.2
99995.2
99995.2
99995.2
99995.2
99995.2
99995.2
99995.2
99995.2
99995.2
99995.2
99995.2
99995.2
99995.2
99995.2
99995.2
99995.2
99995.2
99995.2
99995.2
99995.2
99995.2
99995.2
99995.2
99995.2
99995.2
99995.2
99995.2
99995.2
99995.2
99995.2
99995.2
99995.2
99995.2
99995.2
99995.2
99995.2
99995.2
99995.2
99995.2
99995.2
99995.2
99995.2
99995.2
99995.2
99995.2
99995.2
99995.2
99995.2
99995.2
99995.2
99995.2
99995.2
99995.2
99995.2
99995.2
99995.2
99995.2
99995.2
99995.2
99995.2
99995.2
99995.2
99995.2
99995.2
99995.2
99995.2
99995.2
99995.2
99995.2
99995.2
99995.2
99995.2
99995.2
99995.2
99995.2
99995.2
99995.2
99995.2
99995.2
99995.2
99995.2
99995.2
99995.2
99995.2
99995.2
99995.2
99995.2
99995.2
99995.2
99995.2
99995.2
99995.2
99995.2
99995.2
99995.2
99995.2
99995.2
99995.2
99995.2
99995.2
99995.2
99995.2
99995.2
99995.2
99995.2
99995.2
99995.2
99995.2
99995.2
99995.2
99995.2
99995.2
99995.2
99995.2
99995.2
99995.2
99995.2
99995.2
99995.2
99995.2
99995.2
99995.2
99995.2
99995.2
99995.2
99995.2
99995.2
99995.2
99995.2
99995.2
99995.2
99995.2
99995.2
99995.2
99995.2
99995.2
99995.2
99995.2
99995.2
99995.2
99995.2
99995.2
99995.2
99995.2
99995.2
99995.2
99995.2
99995.2
99995.2
99995.2
99995.2
99995.2
99995.2
99995.2
99995.2
99995.2
99995.2
99995.2
99995.2
99995.2
99995.2
99995.2
99995.2
99995.2
99995.2
99995.2
99995.2
99995.2
99995.2
99995.2
99995.2
99995.2
99995.2
99995.2
99995.2
99995.2
99995.2
99995.2
99995.2
99995.2
99995.2
99995.2
99995.2
99995.2
99995.2
99995.2
99995.2
99995.2
99995.2
99995.2
99995.2
99995.2
99995.2
99995.2
99995.2
99995.2
99995.2
99995.2
99995.2
99995.2
99995.2
99995.2
99995.2
99995.2
99995.2
99995.2
99995.2
99995.2
99995.2
99995.2
99995.2
99995.2
99995.2
99995.2
99995.2
99995.2
99995.2
99995.2
99995.2
99995.2
99995.2
99995.2
99995.2
99995.2
99995.2
99995.2
99995.2
99995.2
99995.2
99995.2
99995.2
99995.2
99995.2
99995.2
99995.2
99995.2
99995.2
99995.2
99995.2
99995.2
99995.2
99995.2
99995.2
99995.2
99995.2
99995.2
99995.2
99995.2
99995.2
99995.2
99995.2
99995.2
99995.2
99995.2
99995.2
99995.2
99995.2
99995.2
99995.2
99995.2
99995.2
99995.2
99995.2
99995.2
99995.2
99995.2
99995.2
99995.2
99995.2
99995.2
99995.2
99995.2
99995.2
99995.2
99995.2
99995.2
99995.2
99995.2
99995.2
99995.2
99995.2
99995.2
99995.2
99995.2
99995.2
99995.2
99995.2
99995.2
99995.2
99995.2
99995.2
99995.2
99995.2
99995.2
99995.2
99995.2
99995.3
99995.3
99995.3
99995.3
99995.3
99995.3
99995.3
99995.3
99995.3
99995.3
99995.3
99995.3
99995.3
99995.3
99995.3
99995.3
99995.3
99995.3
99995.3
99995.3
99995.3
99995.3
99995.3
99995.3
99995.3
99995.3
99995.3
99995.3
99995.3
99995.3
99995.3
99995.3
99995.3
99995.3
99995.3
99995.3
99995.3
99995.3
99995.3
99995.3
99995.3
99995.3
99995.3
99995.3
99995.3
99995.3
99995.3
99995.3
99995.3
99995.3
99995.3
99995.3
99995.3
99995.3
99995.3
99995.3
99995.3
99995.3
99995.3
99995.3
99995.3
99995.3
99995.3
99995.3
99995.3
99995.3
99995.3
99995.3
99995.3
99995.3
99995.3
99995.3
99995.3
99995.3
99995.3
99995.3
99995.3
99995.3
99995.3
99995.3
99995.3
99995.3
99995.3
99995.3
99995.3
99995.3
99995.3
99995.3
99995.3
99995.3
99995.3
99995.3
99995.3
99995.3
99995.3
99995.3
99995.3
99995.3
99995.3
99995.3
99995.3
99995.3
99995.3
99995.3
99995.3
99995.3
99995.3
99995.3
99995.3
99995.3
99995.3
99995.3
99995.3
99995.3
99995.3
99995.3
99995.3
99995.3
99995.3
99995.3
99995.3
99995.3
99995.3
99995.3
99995.3
99995.3
99995.3
99995.3
99995.3
99995.3
99995.3
99995.3
99995.3
99995.3
99995.3
99995.3
99995.3
99995.3
99995.3
99995.3
99995.3
99995.3
99995.3
99995.3
99995.3
99995.3
99995.3
99995.3
99995.3
99995.3
99995.4
99995.4
99995.4
99995.4
99995.4
99995.4
99995.4
99995.4
99995.4
99995.4
99995.4
99995.4
99995.4
99995.4
99995.4
99995.4
99995.4
99995.4
99995.4
99995.4
99995.4
99995.4
99995.4
99995.4
99995.4
99995.4
99995.4
99995.4
99995.4
99995.4
99995.4
99995.4
99995.4
99995.4
99995.4
99995.4
99995.4
99995.4
99995.4
99995.4
99995.4
99995.4
99995.4
99995.4
99995.4
99995.4
99995.4
99995.4
99995.4
99995.4
99995.4
99995.4
99995.4
99995.4
99995.4
99995.4
99995.4
99995.4
99995.4
99995.4
99995.4
99995.4
99995.4
99995.4
99995.4
99995.4
99995.4
99995.4
99995.4
99995.4
99995.4
99995.4
99995.4
99995.4
99995.4
99995.4
99995.4
99995.4
99995.4
99995.4
99995.4
99995.4
99995.4
99995.4
99995.4
99995.4
99995.4
99995.4
99995.4
99995.4
99995.4
99995.4
99995.4
99995.4
99995.4
99995.4
99995.4
99995.4
99995.4
99995.4
99995.4
99995.4
99995.4
99995.4
99995.4
99995.4
99995.4
99995.4
99995.4
99995.4
99995.4
99995.4
99995.4
99995.4
99995.4
99995.4
99995.4
99995.4
99995.4
99995.4
99995.5
99995.5
99995.5
99995.5
99995.5
99995.5
99995.5
99995.5
99995.5
99995.5
99995.5
99995.5
99995.5
99995.5
99995.5
99995.5
99995.5
99995.5
99995.5
99995.5
99995.5
99995.5
99995.5
99995.5
99995.5
99995.5
99995.5
99995.5
99995.5
99995.5
99995.5
99995.5
99995.5
99995.5
99995.5
99995.5
99995.5
99995.5
99995.5
99995.5
99995.5
99995.5
99995.5
99995.5
99995.5
99995.5
99995.5
99995.5
99995.5
99995.5
99995.5
99995.5
99995.5
99995.5
99995.5
99995.5
99995.5
99995.5
99995.5
99995.5
99995.5
99995.5
99995.5
99995.5
99995.5
99995.5
99995.5
99995.5
99995.5
99995.5
99995.5
99995.5
99995.5
99995.5
99995.5
99995.5
99995.5
99995.5
99995.5
99995.5
99995.5
99995.5
99995.5
99995.5
99995.5
99995.5
99995.5
99995.5
99995.5
99995.5
99995.6
99995.6
99995.6
99995.6
99995.6
99995.6
99995.6
99995.6
99995.6
99995.6
99995.6
99995.6
99995.6
99995.6
99995.6
99995.6
99995.6
99995.6
99995.6
99995.6
99995.6
99995.6
99995.6
99995.6
99995.6
99995.6
99995.6
99995.6
99995.6
99995.6
99995.6
99995.6
99995.6
99995.6
99995.6
99995.6
99995.6
99995.6
99995.6
99995.6
99995.6
99995.6
99995.6
99995.6
99995.6
99995.6
99995.6
99995.6
99995.6
99995.6
99995.6
99995.6
99995.6
99995.6
99995.6
99995.6
99995.6
99995.6
99995.6
99995.6
99995.6
99995.6
99995.6
99995.6
99995.6
99995.6
99995.6
99995.6
99995.6
99995.6
99995.6
99995.6
99995.6
99995.6
99995.6
99995.6
99995.6
99995.6
99995.6
99995.6
99995.6
99995.6
99995.6
99995.6
99995.6
99995.6
99995.6
99995.6
99995.6
99995.6
99995.7
99995.7
99995.7
99995.7
99995.7
99995.7
99995.7
99995.7
99995.7
99995.7
99995.7
99995.7
99995.7
99995.7
99995.7
99995.7
99995.7
99995.7
99995.7
99995.7
99995.7
99995.7
99995.7
99995.7
99995.7
99995.7
99995.7
99995.7
99995.7
99995.7
99995.7
99995.7
99995.7
99995.7
99995.7
99995.7
99995.7
99995.7
99995.7
99995.7
99995.7
99995.7
99995.7
99995.7
99995.7
99995.7
99995.7
99995.7
99995.7
99995.7
99995.7
99995.7
99995.7
99995.7
99995.7
99995.7
99995.7
99995.7
99995.7
99995.7
99995.7
99995.7
99995.7
99995.7
99995.7
99995.7
99995.7
99995.7
99995.7
99995.7
99995.7
99995.7
99995.7
99995.7
99995.7
99995.7
99995.7
99995.7
99995.7
99995.7
99995.7
99995.7
99995.7
99995.7
99995.7
99995.7
99995.7
99995.7
99995.7
99995.7
99995.8
99995.8
99995.8
99995.8
99995.8
99995.8
99995.8
99995.8
99995.8
99995.8
99995.8
99995.8
99995.8
99995.8
99995.8
99995.8
99995.8
99995.8
99995.8
99995.8
99995.8
99995.8
99995.8
99995.8
99995.8
99995.8
99995.8
99995.8
99995.8
99995.8
99995.8
99995.8
99995.8
99995.8
99995.8
99995.8
99995.8
99995.8
99995.8
99995.8
99995.8
99995.8
99995.8
99995.8
99995.8
99995.8
99995.8
99995.8
99995.8
99995.8
99995.8
99995.8
99995.8
99995.8
99995.8
99995.8
99995.8
99995.8
99995.8
99995.8
99995.9
99995.9
99995.9
99995.9
99995.9
99995.9
99995.9
99995.9
99995.9
99995.9
99995.9
99995.9
99995.9
99995.9
99995.9
99995.9
99995.9
99995.9
99995.9
99995.9
99995.9
99995.9
99995.9
99995.9
99995.9
99995.9
99995.9
99995.9
99995.9
99995.9
99995.9
99995.9
99995.9
99995.9
99995.9
99995.9
99995.9
99995.9
99995.9
99995.9
99995.9
99995.9
99995.9
99995.9
99995.9
99995.9
99995.9
99995.9
99995.9
99995.9
99995.9
99995.9
99995.9
99995.9
99995.9
99995.9
99995.9
99995.9
99995.9
99995.9
99996
99996
99996
99996
99996
99996
99996
99996
99996
99996
99996
99996
99996
99996
99996
99996
99996
99996
99996
99996
99996
99996
99996
99996
99996
99996
99996
99996
99996
99996
99996
99996
99996
99996
99996
99996
99996
99996
99996
99996
99996
99996
99996
99996
99996
99996
99996
99996
99996
99996
99996
99996
99996
99996
99996
99996
99996
99996
99996
99996
99996.1
99996.1
99996.1
99996.1
99996.1
99996.1
99996.1
99996.1
99996.1
99996.1
99996.1
99996.1
99996.1
99996.1
99996.1
99996.1
99996.1
99996.1
99996.1
99996.1
99996.1
99996.1
99996.1
99996.1
99996.1
99996.1
99996.1
99996.1
99996.1
99996.1
99996.1
99996.1
99996.1
99996.1
99996.1
99996.1
99996.1
99996.1
99996.1
99996.1
99996.1
99996.1
99996.1
99996.1
99996.1
99996.1
99996.1
99996.1
99996.1
99996.1
99996.1
99996.1
99996.1
99996.1
99996.1
99996.1
99996.1
99996.1
99996.1
99996.1
99996.2
99996.2
99996.2
99996.2
99996.2
99996.2
99996.2
99996.2
99996.2
99996.2
99996.2
99996.2
99996.2
99996.2
99996.2
99996.2
99996.2
99996.2
99996.2
99996.2
99996.2
99996.2
99996.2
99996.2
99996.2
99996.2
99996.2
99996.2
99996.2
99996.2
99996.2
99996.2
99996.2
99996.2
99996.2
99996.2
99996.2
99996.2
99996.2
99996.2
99996.2
99996.2
99996.2
99996.2
99996.2
99996.2
99996.2
99996.2
99996.2
99996.2
99996.2
99996.2
99996.2
99996.2
99996.2
99996.2
99996.2
99996.2
99996.2
99996.2
99996.3
99996.3
99996.3
99996.3
99996.3
99996.3
99996.3
99996.3
99996.3
99996.3
99996.3
99996.3
99996.3
99996.3
99996.3
99996.3
99996.3
99996.3
99996.3
99996.3
99996.3
99996.3
99996.3
99996.3
99996.3
99996.3
99996.3
99996.3
99996.3
99996.3
99996.3
99996.3
99996.3
99996.3
99996.3
99996.3
99996.3
99996.3
99996.3
99996.3
99996.3
99996.3
99996.3
99996.3
99996.3
99996.3
99996.3
99996.3
99996.3
99996.3
99996.3
99996.3
99996.3
99996.3
99996.3
99996.3
99996.3
99996.3
99996.3
99996.3
99996.4
99996.4
99996.4
99996.4
99996.4
99996.4
99996.4
99996.4
99996.4
99996.4
99996.4
99996.4
99996.4
99996.4
99996.4
99996.4
99996.4
99996.4
99996.4
99996.4
99996.4
99996.4
99996.4
99996.4
99996.4
99996.4
99996.4
99996.4
99996.4
99996.4
99996.5
99996.5
99996.5
99996.5
99996.5
99996.5
99996.5
99996.5
99996.5
99996.5
99996.5
99996.5
99996.5
99996.5
99996.5
99996.5
99996.5
99996.5
99996.5
99996.5
99996.5
99996.5
99996.5
99996.5
99996.5
99996.5
99996.5
99996.5
99996.5
99996.5
99996.5
99996.5
99996.5
99996.5
99996.5
99996.5
99996.5
99996.5
99996.5
99996.5
99996.5
99996.5
99996.5
99996.5
99996.5
99996.5
99996.5
99996.5
99996.5
99996.5
99996.5
99996.5
99996.5
99996.5
99996.5
99996.5
99996.5
99996.5
99996.5
99996.5
99996.6
99996.6
99996.6
99996.6
99996.6
99996.6
99996.6
99996.6
99996.6
99996.6
99996.6
99996.6
99996.6
99996.6
99996.6
99996.6
99996.6
99996.6
99996.6
99996.6
99996.6
99996.6
99996.6
99996.6
99996.6
99996.6
99996.6
99996.6
99996.6
99996.6
99996.6
99996.6
99996.6
99996.6
99996.6
99996.6
99996.6
99996.6
99996.6
99996.6
99996.6
99996.6
99996.6
99996.6
99996.6
99996.6
99996.6
99996.6
99996.6
99996.6
99996.6
99996.6
99996.6
99996.6
99996.6
99996.6
99996.6
99996.6
99996.6
99996.6
99996.7
99996.7
99996.7
99996.7
99996.7
99996.7
99996.7
99996.7
99996.7
99996.7
99996.7
99996.7
99996.7
99996.7
99996.7
99996.7
99996.7
99996.7
99996.7
99996.7
99996.7
99996.7
99996.7
99996.7
99996.7
99996.7
99996.7
99996.7
99996.7
99996.7
99996.8
99996.8
99996.8
99996.8
99996.8
99996.8
99996.8
99996.8
99996.8
99996.8
99996.8
99996.8
99996.8
99996.8
99996.8
99996.8
99996.8
99996.8
99996.8
99996.8
99996.8
99996.8
99996.8
99996.8
99996.8
99996.8
99996.8
99996.8
99996.8
99996.8
99996.8
99996.8
99996.8
99996.8
99996.8
99996.8
99996.8
99996.8
99996.8
99996.8
99996.8
99996.8
99996.8
99996.8
99996.8
99996.8
99996.8
99996.8
99996.8
99996.8
99996.8
99996.8
99996.8
99996.8
99996.8
99996.8
99996.8
99996.8
99996.8
99996.8
99996.9
99996.9
99996.9
99996.9
99996.9
99996.9
99996.9
99996.9
99996.9
99996.9
99996.9
99996.9
99996.9
99996.9
99996.9
99996.9
99996.9
99996.9
99996.9
99996.9
99996.9
99996.9
99996.9
99996.9
99996.9
99996.9
99996.9
99996.9
99996.9
99996.9
99997
99997
99997
99997
99997
99997
99997
99997
99997
99997
99997
99997
99997
99997
99997
99997
99997
99997
99997
99997
99997
99997
99997
99997
99997
99997
99997
99997
99997
99997
99997
99997
99997
99997
99997
99997
99997
99997
99997
99997
99997
99997
99997
99997
99997
99997
99997
99997
99997
99997
99997
99997
99997
99997
99997
99997
99997
99997
99997
99997
99997.1
99997.1
99997.1
99997.1
99997.1
99997.1
99997.1
99997.1
99997.1
99997.1
99997.1
99997.1
99997.1
99997.1
99997.1
99997.1
99997.1
99997.1
99997.1
99997.1
99997.1
99997.1
99997.1
99997.1
99997.1
99997.1
99997.1
99997.1
99997.1
99997.1
99997.2
99997.2
99997.2
99997.2
99997.2
99997.2
99997.2
99997.2
99997.2
99997.2
99997.2
99997.2
99997.2
99997.2
99997.2
99997.2
99997.2
99997.2
99997.2
99997.2
99997.2
99997.2
99997.2
99997.2
99997.2
99997.2
99997.2
99997.2
99997.2
99997.2
99997.3
99997.3
99997.3
99997.3
99997.3
99997.3
99997.3
99997.3
99997.3
99997.3
99997.3
99997.3
99997.3
99997.3
99997.3
99997.3
99997.3
99997.3
99997.3
99997.3
99997.3
99997.3
99997.3
99997.3
99997.3
99997.3
99997.3
99997.3
99997.3
99997.3
99997.3
99997.3
99997.3
99997.3
99997.3
99997.3
99997.3
99997.3
99997.3
99997.3
99997.3
99997.3
99997.3
99997.3
99997.3
99997.3
99997.3
99997.3
99997.3
99997.3
99997.3
99997.3
99997.3
99997.3
99997.3
99997.3
99997.3
99997.3
99997.3
99997.3
99997.4
99997.4
99997.4
99997.4
99997.4
99997.4
99997.4
99997.4
99997.4
99997.4
99997.4
99997.4
99997.4
99997.4
99997.4
99997.4
99997.4
99997.4
99997.4
99997.4
99997.4
99997.4
99997.4
99997.4
99997.4
99997.4
99997.4
99997.4
99997.4
99997.4
99997.5
99997.5
99997.5
99997.5
99997.5
99997.5
99997.5
99997.5
99997.5
99997.5
99997.5
99997.5
99997.5
99997.5
99997.5
99997.5
99997.5
99997.5
99997.5
99997.5
99997.5
99997.5
99997.5
99997.5
99997.5
99997.5
99997.5
99997.5
99997.5
99997.5
99997.5
99997.5
99997.5
99997.5
99997.5
99997.5
99997.5
99997.5
99997.5
99997.5
99997.5
99997.5
99997.5
99997.5
99997.5
99997.5
99997.5
99997.5
99997.5
99997.5
99997.5
99997.5
99997.5
99997.5
99997.5
99997.5
99997.5
99997.5
99997.5
99997.5
99997.6
99997.6
99997.6
99997.6
99997.6
99997.6
99997.6
99997.6
99997.6
99997.6
99997.6
99997.6
99997.6
99997.6
99997.6
99997.6
99997.6
99997.6
99997.6
99997.6
99997.6
99997.6
99997.6
99997.6
99997.6
99997.6
99997.6
99997.6
99997.6
99997.6
99997.7
99997.7
99997.7
99997.7
99997.7
99997.7
99997.7
99997.7
99997.7
99997.7
99997.7
99997.7
99997.7
99997.7
99997.7
99997.7
99997.7
99997.7
99997.7
99997.7
99997.7
99997.7
99997.7
99997.7
99997.7
99997.7
99997.7
99997.7
99997.7
99997.7
99997.8
99997.8
99997.8
99997.8
99997.8
99997.8
99997.8
99997.8
99997.8
99997.8
99997.8
99997.8
99997.8
99997.8
99997.8
99997.8
99997.8
99997.8
99997.8
99997.8
99997.8
99997.8
99997.8
99997.8
99997.8
99997.8
99997.8
99997.8
99997.8
99997.8
99997.9
99997.9
99997.9
99997.9
99997.9
99997.9
99997.9
99997.9
99997.9
99997.9
99997.9
99997.9
99997.9
99997.9
99997.9
99997.9
99997.9
99997.9
99997.9
99997.9
99997.9
99997.9
99997.9
99997.9
99997.9
99997.9
99997.9
99997.9
99997.9
99997.9
99997.9
99997.9
99997.9
99997.9
99997.9
99997.9
99997.9
99997.9
99997.9
99997.9
99997.9
99997.9
99997.9
99997.9
99997.9
99997.9
99997.9
99997.9
99997.9
99997.9
99997.9
99997.9
99997.9
99997.9
99997.9
99997.9
99997.9
99997.9
99997.9
99997.9
99998
99998
99998
99998
99998
99998
99998
99998
99998
99998
99998
99998
99998
99998
99998
99998
99998
99998
99998
99998
99998
99998
99998
99998
99998
99998
99998
99998
99998
99998
99998.1
99998.1
99998.1
99998.1
99998.1
99998.1
99998.1
99998.1
99998.1
99998.1
99998.1
99998.1
99998.1
99998.1
99998.1
99998.1
99998.1
99998.1
99998.1
99998.1
99998.1
99998.1
99998.1
99998.1
99998.1
99998.1
99998.1
99998.1
99998.1
99998.1
99998.2
99998.2
99998.2
99998.2
99998.2
99998.2
99998.2
99998.2
99998.2
99998.2
99998.2
99998.2
99998.2
99998.2
99998.2
99998.2
99998.2
99998.2
99998.2
99998.2
99998.2
99998.2
99998.2
99998.2
99998.2
99998.2
99998.2
99998.2
99998.2
99998.2
99998.3
99998.3
99998.3
99998.3
99998.3
99998.3
99998.3
99998.3
99998.3
99998.3
99998.3
99998.3
99998.3
99998.3
99998.3
99998.3
99998.3
99998.3
99998.3
99998.3
99998.3
99998.3
99998.3
99998.3
99998.3
99998.3
99998.3
99998.3
99998.3
99998.3
99998.3
99998.3
99998.3
99998.3
99998.3
99998.3
99998.3
99998.3
99998.3
99998.3
99998.3
99998.3
99998.3
99998.3
99998.3
99998.3
99998.3
99998.3
99998.3
99998.3
99998.3
99998.3
99998.3
99998.3
99998.3
99998.3
99998.3
99998.3
99998.3
99998.3
99998.4
99998.4
99998.4
99998.4
99998.4
99998.4
99998.4
99998.4
99998.4
99998.4
99998.4
99998.4
99998.4
99998.4
99998.4
99998.4
99998.4
99998.4
99998.4
99998.4
99998.4
99998.4
99998.4
99998.4
99998.4
99998.4
99998.4
99998.4
99998.4
99998.4
99998.5
99998.5
99998.5
99998.5
99998.5
99998.5
99998.5
99998.5
99998.5
99998.5
99998.5
99998.5
99998.5
99998.5
99998.5
99998.5
99998.5
99998.5
99998.5
99998.5
99998.5
99998.5
99998.5
99998.5
99998.5
99998.5
99998.5
99998.5
99998.5
99998.5
99998.6
99998.6
99998.6
99998.6
99998.6
99998.6
99998.6
99998.6
99998.6
99998.6
99998.6
99998.6
99998.6
99998.6
99998.6
99998.6
99998.6
99998.6
99998.6
99998.6
99998.6
99998.6
99998.6
99998.6
99998.6
99998.6
99998.6
99998.6
99998.6
99998.6
99998.7
99998.7
99998.7
99998.7
99998.7
99998.7
99998.7
99998.7
99998.7
99998.7
99998.7
99998.7
99998.7
99998.7
99998.7
99998.7
99998.7
99998.7
99998.7
99998.7
99998.7
99998.7
99998.7
99998.7
99998.7
99998.7
99998.7
99998.7
99998.7
99998.7
99998.8
99998.8
99998.8
99998.8
99998.8
99998.8
99998.8
99998.8
99998.8
99998.8
99998.8
99998.8
99998.8
99998.8
99998.8
99998.8
99998.8
99998.8
99998.8
99998.8
99998.8
99998.8
99998.8
99998.8
99998.8
99998.8
99998.8
99998.8
99998.8
99998.8
99998.8
99998.8
99998.8
99998.8
99998.8
99998.8
99998.8
99998.8
99998.8
99998.8
99998.8
99998.8
99998.8
99998.8
99998.8
99998.8
99998.8
99998.8
99998.8
99998.8
99998.8
99998.8
99998.8
99998.8
99998.8
99998.8
99998.8
99998.8
99998.8
99998.8
99998.9
99998.9
99998.9
99998.9
99998.9
99998.9
99998.9
99998.9
99998.9
99998.9
99998.9
99998.9
99998.9
99998.9
99998.9
99998.9
99998.9
99998.9
99998.9
99998.9
99998.9
99998.9
99998.9
99998.9
99998.9
99998.9
99998.9
99998.9
99998.9
99998.9
99999
99999
99999
99999
99999
99999
99999
99999
99999
99999
99999
99999
99999
99999
99999
99999
99999
99999
99999
99999
99999
99999
99999
99999
99999
99999
99999
99999
99999
99999
99999.1
99999.1
99999.1
99999.1
99999.1
99999.1
99999.1
99999.1
99999.1
99999.1
99999.1
99999.1
99999.1
99999.1
99999.1
99999.1
99999.1
99999.1
99999.1
99999.1
99999.1
99999.1
99999.1
99999.1
99999.1
99999.1
99999.1
99999.1
99999.1
99999.1
99999.2
99999.2
99999.2
99999.2
99999.2
99999.2
99999.2
99999.2
99999.2
99999.2
99999.2
99999.2
99999.2
99999.2
99999.2
99999.2
99999.2
99999.2
99999.2
99999.2
99999.2
99999.2
99999.2
99999.2
99999.2
99999.2
99999.2
99999.2
99999.2
99999.2
99999.3
99999.3
99999.3
99999.3
99999.3
99999.3
99999.3
99999.3
99999.3
99999.3
99999.3
99999.3
99999.3
99999.3
99999.3
99999.3
99999.3
99999.3
99999.3
99999.3
99999.3
99999.3
99999.3
99999.3
99999.3
99999.3
99999.3
99999.3
99999.3
99999.3
99999.4
99999.4
99999.4
99999.4
99999.4
99999.4
99999.4
99999.4
99999.4
99999.4
99999.4
99999.4
99999.4
99999.4
99999.4
99999.4
99999.4
99999.4
99999.4
99999.4
99999.4
99999.4
99999.4
99999.4
99999.4
99999.4
99999.4
99999.4
99999.4
99999.4
99999.5
99999.5
99999.5
99999.5
99999.5
99999.5
99999.5
99999.4
99999.4
99999.4
99999.4
99999.4
99999.4
99999.4
99999.4
99999.4
99999.4
99999.4
99999.4
99999.4
99999.4
99999.4
99999.4
99999.5
99999.5
99999.5
99999.5
99999.5
99999.5
99999.5
99999.5
99999.6
99999.6
99999.6
99999.6
99999.5
99999.5
99999.5
99999.5
99999.5
99999.5
99999.5
99999.5
99999.5
99999.5
99999.5
99999.5
99999.5
99999.5
99999.5
99999.5
99999.5
99999.5
99999.5
99999.5
99999.6
99999.6
99999.6
99999.6
99999.5
99999.6
99999.7
99999.7
99999.7
99999.6
99999.6
99999.6
99999.6
99999.6
99999.6
99999.6
99999.6
99999.6
99999.6
99999.6
99999.6
99999.6
99999.6
99999.6
99999.6
99999.6
99999.6
99999.6
99999.6
99999.6
99999.6
99999.7
99999.7
99999.7
99999.6
99999.7
99999.7
99999.8
99999.8
99999.7
99999.7
99999.7
99999.7
99999.7
99999.7
99999.7
99999.7
99999.7
99999.7
99999.7
99999.7
99999.7
99999.7
99999.7
99999.7
99999.7
99999.7
99999.7
99999.7
99999.7
99999.7
99999.8
99999.8
99999.7
99999.7
99999.8
99999.8
99999.9
99999.9
99999.9
99999.9
99999.9
99999.9
99999.9
99999.9
99999.9
99999.9
99999.9
99999.9
99999.9
99999.9
99999.9
99999.9
99999.9
99999.9
99999.9
99999.9
99999.9
99999.9
99999.9
99999.9
99999.9
99999.9
99999.8
99999.8
100000
99999.9
100000
100000
100000
100000
100000
100000
100000
100000
100000
100000
100000
100000
100000
100000
100000
100000
100000
100000
100000
100000
100000
100000
100000
100000
100000
100000
99999.9
100000
)
;

boundaryField
{
    inlet
    {
        type            calculated;
        value           nonuniform List<scalar> 
30
(
108172
108162
108151
108140
108129
108121
108114
108108
108104
108100
108097
108095
108093
108092
108092
108092
108092
108093
108095
108097
108100
108104
108108
108114
108121
108129
108140
108151
108162
108172
)
;
    }
    outlet
    {
        type            calculated;
        value           uniform 100000;
    }
    walls
    {
        type            calculated;
        value           nonuniform List<scalar> 
400
(
108172
107989
107802
107606
107410
107216
107026
106838
106652
106469
106289
106111
105936
105763
105593
105425
105260
105098
104939
104782
104629
104478
104330
104185
104043
103904
103768
103635
103506
103379
103255
103135
103017
102902
102791
102682
102577
102474
102375
102278
102184
102093
102005
101920
101837
101757
101680
101605
101533
101463
101396
101331
101268
101208
101150
101094
101040
100988
100939
100891
100845
100801
100758
100718
100679
100641
100605
100571
100538
100506
100476
100447
100419
100392
100367
100342
100319
100296
100275
100254
100234
100215
100196
100178
100161
100144
100128
100113
100098
100083
100069
100055
100043
100030
100019
100009
100001
99995
99991.9
99994.6
99995.4
99995.4
99995.4
99995.3
99995.3
99995.3
99995.3
99995.3
99995.2
99995.2
99995.2
99995.2
99995.2
99995.2
99995.2
99995.2
99995.2
99995.2
99995.2
99995.2
99995.2
99995.2
99995.2
99995.2
99995.3
99995.3
99995.3
99995.3
99995.3
99995.4
99995.4
99995.4
99995.4
99995.5
99995.5
99995.5
99995.6
99995.6
99995.6
99995.7
99995.7
99995.7
99995.8
99995.8
99995.9
99995.9
99996
99996
99996.1
99996.1
99996.2
99996.2
99996.3
99996.3
99996.4
99996.5
99996.5
99996.6
99996.6
99996.7
99996.8
99996.8
99996.9
99997
99997
99997.1
99997.2
99997.3
99997.3
99997.4
99997.5
99997.5
99997.6
99997.7
99997.8
99997.9
99997.9
99998
99998.1
99998.2
99998.3
99998.3
99998.4
99998.5
99998.6
99998.7
99998.8
99998.8
99998.9
99999
99999.1
99999.2
99999.3
99999.4
99999.5
99999.5
99999.6
99999.7
99999.8
100000
108172
107989
107802
107606
107410
107216
107026
106838
106652
106469
106289
106111
105935
105763
105592
105425
105260
105098
104939
104782
104629
104478
104330
104185
104043
103904
103768
103636
103506
103379
103255
103135
103017
102902
102791
102682
102577
102474
102375
102278
102184
102093
102005
101920
101837
101757
101680
101605
101533
101463
101396
101331
101268
101208
101150
101094
101040
100988
100939
100891
100845
100801
100758
100718
100679
100641
100605
100571
100538
100506
100476
100447
100419
100392
100367
100342
100319
100296
100275
100254
100234
100215
100196
100178
100161
100144
100128
100113
100098
100083
100069
100055
100043
100030
100019
100009
100001
99995
99991.8
99994.6
99995.4
99995.4
99995.4
99995.3
99995.3
99995.3
99995.3
99995.3
99995.2
99995.2
99995.2
99995.2
99995.2
99995.2
99995.2
99995.2
99995.2
99995.2
99995.2
99995.2
99995.2
99995.2
99995.2
99995.2
99995.3
99995.3
99995.3
99995.3
99995.3
99995.4
99995.4
99995.4
99995.4
99995.5
99995.5
99995.5
99995.6
99995.6
99995.6
99995.7
99995.7
99995.7
99995.8
99995.8
99995.9
99995.9
99996
99996
99996.1
99996.1
99996.2
99996.2
99996.3
99996.3
99996.4
99996.5
99996.5
99996.6
99996.6
99996.7
99996.8
99996.8
99996.9
99997
99997
99997.1
99997.2
99997.3
99997.3
99997.4
99997.5
99997.5
99997.6
99997.7
99997.8
99997.9
99997.9
99998
99998.1
99998.2
99998.3
99998.3
99998.4
99998.5
99998.6
99998.7
99998.8
99998.8
99998.9
99999
99999.1
99999.2
99999.3
99999.4
99999.5
99999.5
99999.6
99999.7
99999.8
100000
)
;
    }
    frontAndBackPlanes
    {
        type            empty;
    }
}


// ************************************************************************* //
