/*--------------------------------*- C++ -*----------------------------------*\
| =========                 |                                                 |
| \\      /  F ield         | OpenFOAM: The Open Source CFD Toolbox           |
|  \\    /   O peration     | Version:  2312                                  |
|   \\  /    A nd           | Website:  www.openfoam.com                      |
|    \\/     M anipulation  |                                                 |
\*---------------------------------------------------------------------------*/
FoamFile
{
    version     2.0;
    format      ascii;
    arch        "LSB;label=32;scalar=64";
    class       volScalarField;
    location    "50";
    object      p;
}
// * * * * * * * * * * * * * * * * * * * * * * * * * * * * * * * * * * * * * //

dimensions      [0 2 -2 0 0 0 0];

internalField   nonuniform List<scalar> 
10720
(
162.682
113.109
52.9047
-10.777
-74.748
-142.271
-206.254
-264.347
-317.771
-363.534
-402.284
-434.451
-460.105
-479.355
-492.748
-500.205
-502.322
-497.782
-487.105
-469.381
-446.487
-421.449
-401.382
-386.391
-368.586
-343.326
-312.099
-278.9
-247.181
-218.699
-194.075
-170.704
-148.692
-137.096
-138.304
-129.014
-91.3577
-40.644
-10.9591
208.144
247.931
285.516
315.148
331.841
336.628
331.824
315.023
289.07
258.849
228.139
199.426
173.428
150.517
130.759
112.959
96.8298
81.6718
67.0793
52.3374
37.3813
21.8639
6.01608
-9.54007
-22.489
-31.743
-38.7702
-43.9995
-47.4239
-49.1675
-49.3066
-47.8309
-44.6431
-39.6311
-32.7719
-23.5366
-11.3663
7.13222
37.9609
193.804
156.502
112.727
63.9256
11.5667
-44.0524
-100.32
-155.315
-208.045
-256.813
-300.878
-339.731
-372.973
-400.542
-422.34
-437.967
-447.171
-449.703
-446.017
-435.945
-421.026
-404.123
-390.773
-380.75
-366.172
-342.151
-311.343
-278.448
-246.875
-218.441
-193.895
-170.627
-148.553
-136.787
-138.067
-129.031
-91.5051
-40.7059
-11.3029
225.953
255.12
282.15
304.68
319.006
324.449
320.686
307.581
287.445
263.057
236.887
210.883
186.131
163.286
142.624
123.714
106.316
89.9999
74.3829
58.9296
43.4688
27.7551
11.9647
-3.29066
-16.2012
-25.7706
-33.0873
-38.8293
-43.063
-45.6354
-46.4469
-45.4943
-42.7297
-38.0755
-31.5151
-22.5191
-10.5417
7.87523
37.4337
191.654
158.555
119.52
74.9857
26.7822
-24.7786
-78.2395
-131.541
-183.246
-232.114
-276.841
-316.756
-351.367
-380.322
-403.053
-419.488
-429.727
-433.711
-431.608
-423.543
-410.662
-395.228
-381.376
-370.298
-356.673
-335.297
-307.156
-276.116
-245.626
-217.712
-193.419
-170.349
-148.237
-136.288
-137.776
-129.111
-91.7396
-40.816
-11.1573
220.125
245.934
269.571
289.11
301.88
307.6
305.664
295.885
279.684
258.855
235.406
211.187
187.464
165.033
144.329
125.283
107.677
91.1899
75.4649
60.0645
44.7502
29.335
13.9369
-0.920396
-13.8179
-23.7722
-31.4281
-37.3568
-41.6196
-44.1273
-44.8833
-43.9535
-41.3099
-36.8511
-30.513
-21.7293
-9.91915
8.30429
36.6719
188.392
160.396
127.185
89.3655
48.222
3.59867
-43.1995
-90.7194
-137.843
-183.396
-226.258
-265.64
-300.871
-331.405
-356.682
-376.41
-390.653
-399.051
-401.576
-398.376
-390.314
-379.16
-367.82
-357.453
-344.671
-325.527
-300.29
-271.797
-243.079
-216.248
-192.504
-169.713
-147.735
-135.861
-137.689
-129.278
-92.0291
-41
-10.9775
212.495
234.321
254.594
271.673
283.338
289.305
288.851
281.754
269.014
251.918
232.026
210.848
189.469
168.655
148.896
130.313
112.819
96.2394
80.326
64.7681
49.3549
33.9525
18.6512
3.91166
-9.1079
-19.4669
-27.5223
-33.8038
-38.4247
-41.3362
-42.5207
-42.003
-39.7357
-35.6135
-29.5647
-21.0185
-9.39522
8.57788
35.833
180.304
155.559
126.089
92.4213
55.7631
15.6446
-26.8542
-70.5013
-114.47
-157.682
-199.1
-237.91
-273.334
-304.697
-331.382
-352.949
-369.026
-379.377
-383.857
-382.724
-376.745
-367.45
-357.172
-347.02
-334.563
-316.559
-293.086
-266.584
-239.572
-213.994
-191.015
-168.689
-147.109
-135.59
-137.784
-129.473
-92.3467
-41.3201
-10.958
201.644
220.882
238.889
254.221
265.069
271.211
271.913
266.943
256.989
242.969
226.073
207.525
188.234
168.921
150.112
132.057
114.807
98.3054
82.405
66.8928
51.5876
36.3821
21.346
6.87499
-6.09185
-16.6888
-25.0464
-31.5983
-36.4546
-39.5671
-40.9052
-40.5159
-38.382
-34.4205
-28.5545
-20.1977
-8.76898
8.89972
34.97
171.207
149.241
123.03
93.1157
60.6272
24.8957
-13.1161
-52.414
-92.4124
-132.182
-170.854
-207.694
-241.922
-272.834
-299.79
-322.242
-339.73
-352.104
-359.229
-361.227
-358.643
-352.612
-344.804
-336.082
-324.677
-307.996
-286.096
-261.253
-235.75
-211.318
-189.082
-167.352
-146.411
-135.401
-137.899
-129.563
-92.6058
-41.7304
-10.9841
190.201
207.308
223.488
237.455
247.657
253.9
255.466
252.133
244.402
232.956
218.726
202.708
185.636
168.13
150.695
133.618
117.027
100.951
85.3221
70.0109
54.8874
39.8816
25.0658
10.7965
-2.1388
-12.9516
-21.6046
-28.4272
-33.5312
-36.8871
-38.4806
-38.3679
-36.5381
-32.8984
-27.347
-19.2767
-8.11897
9.18557
34.0384
161.462
141.67
118.024
91.0527
61.859
29.6427
-4.74742
-40.4558
-77.0993
-113.877
-150.065
-185.028
-218.022
-248.354
-275.38
-298.497
-317.209
-331.146
-340.108
-344.098
-343.579
-339.499
-333.168
-325.339
-314.795
-299.454
-279.219
-256.018
-231.945
-208.577
-186.991
-165.901
-145.773
-135.275
-137.819
-129.361
-92.6978
-42.1721
-11.0006
178.622
194.063
208.803
221.678
231.339
237.619
239.832
237.762
231.798
222.46
210.493
196.703
181.676
165.924
149.898
133.884
118.053
102.501
87.2308
72.1863
57.2971
42.5354
27.9835
13.9613
1.12942
-9.80447
-18.6878
-25.7506
-31.0959
-34.7038
-36.5569
-36.7001
-35.1208
-31.7241
-26.399
-18.5342
-7.58819
9.36185
33.0409
151.743
133.76
112.272
87.7954
61.4115
32.2518
1.08732
-31.3363
-64.773
-98.5529
-132.066
-164.79
-196.063
-225.239
-251.688
-274.806
-294.04
-308.984
-319.446
-325.379
-327.071
-325.191
-320.664
-314.072
-304.617
-290.72
-272.23
-250.743
-228.135
-205.851
-184.921
-164.478
-145.212
-135.083
-137.334
-128.694
-92.525
-42.561
-10.913
167.379
181.451
195
206.969
216.16
222.424
225.114
224.02
219.457
211.842
201.78
189.943
176.792
162.744
148.181
133.359
118.464
103.626
88.8954
74.273
59.7403
45.3079
31.0707
17.3202
4.62669
-6.37453
-15.4543
-22.7462
-28.3323
-32.1935
-34.3046
-34.7042
-33.3838
-30.248
-25.1753
-17.5547
-6.87231
9.64117
32.1414
142.268
125.798
106.12
83.7358
59.7104
33.1475
4.74581
-24.8246
-55.4287
-86.491
-117.51
-148.071
-177.589
-205.482
-231.166
-254.047
-273.562
-289.269
-300.885
-308.284
-311.617
-311.393
-308.308
-302.829
-294.434
-281.922
-265.114
-245.328
-224.205
-203.046
-182.865
-163.089
-144.643
-134.68
-136.168
-127.319
-91.9732
-42.8502
-10.6902
156.633
169.565
182.112
193.315
202.083
208.289
211.33
210.994
207.546
201.335
192.868
182.71
171.232
158.763
145.62
132.015
118.125
104.092
89.9961
75.8804
61.7715
47.7157
33.8205
20.3593
7.83226
-3.18775
-12.4228
-19.92
-25.733
-29.8381
-32.2033
-32.8543
-31.7825
-28.89
-24.0494
-16.6554
-6.23066
9.82909
31.2267
133.195
118.014
99.885
79.2997
57.2976
32.9784
6.99142
-20.0559
-48.1061
-76.6602
-105.31
-133.727
-161.403
-187.838
-212.498
-234.814
-254.246
-270.324
-282.737
-291.332
-296.129
-297.461
-295.808
-291.516
-284.246
-273.102
-257.916
-239.766
-220.091
-200.05
-180.68
-161.675
-143.903
-133.829
-134.154
-125.029
-90.894
-42.9328
-10.2382
146.472
158.433
170.119
180.661
189.042
195.156
198.453
198.705
196.146
191.083
183.947
175.224
165.219
154.191
142.396
130.003
117.165
104.017
90.6529
77.1424
63.5449
49.9334
36.4299
23.2922
10.9722
-0.00946983
-9.34548
-17.0108
-23.0241
-27.3547
-29.9601
-30.8538
-30.0263
-27.3792
-22.7785
-15.6329
-5.50341
10.034
30.3424
124.583
110.517
93.7287
74.698
54.4464
32.076
8.19709
-16.635
-42.4089
-68.6935
-95.1568
-121.545
-147.421
-172.356
-195.878
-217.468
-236.607
-252.833
-265.78
-275.275
-281.223
-283.83
-283.422
-280.247
-274.082
-264.261
-250.622
-234.031
-215.75
-196.817
-178.246
-160.059
-142.962
-132.537
-131.313
-121.756
-89.1689
-42.7307
-9.56003
136.919
148.041
158.977
168.937
176.959
182.958
186.431
187.14
185.294
181.17
175.144
167.644
158.923
149.188
138.646
127.422
115.637
103.411
90.8377
77.9994
64.9764
51.8626
38.7888
26.003
13.9234
3.02824
-6.36113
-14.1604
-20.3524
-24.8947
-27.7343
-28.8698
-28.2874
-25.8868
-21.5298
-14.6423
-4.82399
10.1555
29.4082
116.458
103.369
87.7557
70.0879
51.3643
30.703
8.68059
-14.1876
-37.9279
-62.1591
-86.6084
-111.084
-135.214
-158.64
-180.947
-201.666
-220.32
-236.459
-249.691
-259.828
-266.7
-270.397
-271.112
-269.004
-263.918
-255.361
-243.185
-228.076
-211.134
-193.313
-175.542
-158.135
-141.739
-130.887
-127.933
-117.773
-86.813
-42.1807
-8.68554
127.972
138.358
148.632
158.067
165.755
171.621
175.207
176.271
174.998
171.645
166.546
160.085
152.478
143.893
134.497
124.377
113.622
102.332
90.5878
78.4754
66.0851
53.5225
40.9218
28.5245
16.7236
5.96483
-3.42675
-11.32
-17.6622
-22.396
-25.457
-26.8276
-26.4884
-24.3371
-20.2301
-13.6167
-4.13785
10.2389
28.4346
108.824
96.5967
82.0231
65.5602
48.1846
29.0331
8.65413
-12.4686
-34.3894
-56.7702
-79.3788
-102.077
-124.548
-146.493
-167.559
-187.33
-205.368
-221.25
-234.573
-245.129
-252.701
-257.282
-258.963
-257.83
-253.766
-246.398
-235.595
-221.896
-206.249
-189.532
-172.583
-155.898
-140.235
-129.072
-124.337
-113.443
-84.0396
-41.3424
-7.80561
119.605
129.342
139.022
147.981
155.351
161.075
164.726
166.061
165.249
162.531
158.208
152.629
145.986
138.416
130.055
120.96
111.192
100.827
89.93
78.5773
66.8612
54.8907
42.8012
30.8262
19.3395
8.76091
-0.585569
-8.53408
-14.9982
-19.9034
-23.1729
-24.7727
-24.6747
-22.7737
-18.9221
-12.5946
-3.47
10.2732
27.4221
101.665
90.2082
76.5631
61.1756
44.9984
27.1915
8.27561
-11.2889
-31.5786
-52.287
-73.2167
-94.2695
-115.178
-135.695
-155.524
-174.3
-191.625
-207.109
-220.358
-231.136
-239.217
-244.505
-247.012
-246.762
-243.653
-237.399
-227.884
-215.526
-201.132
-185.497
-169.405
-153.441
-138.437
-127.077
-120.785
-109.123
-81.0654
-40.2925
-7.0553
111.791
120.946
130.091
138.61
145.679
151.251
154.93
156.471
156.031
153.838
150.165
145.336
139.524
132.845
125.413
117.259
108.422
98.9545
88.9019
78.3262
67.3134
55.9692
44.4255
32.9059
21.7687
11.4138
2.15969
-5.80253
-12.3563
-17.4084
-20.8693
-22.6883
-22.8268
-21.177
-17.5845
-11.5555
-2.80779
10.2745
26.3882
94.9631
84.199
71.3903
56.97
41.867
25.2631
7.65974
-10.5083
-29.3293
-48.5227
-67.9215
-87.4587
-106.907
-126.067
-144.685
-162.447
-178.999
-193.983
-207.026
-217.869
-226.286
-232.117
-235.312
-235.845
-233.619
-228.404
-220.093
-209.011
-195.829
-181.258
-166.043
-150.818
-136.435
-124.945
-117.319
-104.952
-78.0693
-39.1348
-6.51925
104.497
113.125
121.781
129.893
136.675
142.089
145.766
147.461
147.32
145.56
142.436
138.245
133.15
127.252
120.647
113.351
105.381
96.769
87.5414
77.7442
67.4506
56.7579
45.7887
34.7539
23.9985
13.9072
4.7899
-3.14503
-9.75554
-14.9289
-18.5633
-20.5906
-20.9605
-19.5616
-16.2344
-10.5173
-2.16053
10.2348
25.3318
88.6929
78.5588
66.5083
52.965
38.8294
23.3118
6.89134
-10.0185
-27.5123
-45.3323
-63.3364
-81.4807
-99.5712
-117.445
-134.894
-151.645
-167.388
-181.799
-194.529
-205.305
-213.911
-220.14
-223.895
-225.111
-223.687
-219.433
-212.247
-202.372
-190.36
-176.841
-162.522
-148.055
-134.221
-122.624
-113.949
-100.965
-75.0668
-37.8946
-6.17767
97.6896
105.837
114.044
121.777
128.284
133.534
137.186
138.993
139.093
137.694
135.031
131.385
126.908
121.693
115.822
109.3
102.129
94.3229
85.8903
76.8601
67.2897
57.2629
46.8893
36.3657
26.0234
16.2325
7.29399
-0.573138
-7.20585
-12.4731
-16.26
-18.4822
-19.0766
-17.9279
-14.8695
-9.47579
-1.532
10.1573
24.2493
82.8312
73.2718
61.9135
49.1704
35.913
21.3801
6.0305
-9.73899
-26.0301
-42.6038
-59.335
-76.1973
-93.0282
-109.694
-126.025
-141.786
-156.705
-170.493
-182.829
-193.432
-202.101
-208.599
-212.795
-214.593
-213.887
-210.512
-204.367
-195.627
-184.741
-172.26
-158.842
-145.123
-131.841
-120.208
-110.627
-97.0725
-72.0398
-36.5952
-6.03078
91.335
99.0411
106.833
114.21
120.454
125.539
129.146
131.032
131.324
130.224
127.951
124.771
120.829
116.21
110.989
105.162
98.7224
91.6674
83.9912
75.7057
66.8513
57.4953
47.7315
37.7394
27.8364
18.3795
9.65928
1.89921
-4.72072
-10.0533
-13.9702
-16.3721
-17.182
-16.2812
-13.4971
-8.4399
-0.92057
10.0439
23.1421
77.353
68.3216
57.6002
45.5892
33.1338
19.4981
5.1246
-9.60959
-24.8058
-40.2432
-55.81
-71.4965
-87.1612
-102.699
-117.967
-132.767
-146.864
-159.998
-171.879
-182.227
-190.851
-197.506
-202.034
-204.316
-204.243
-201.662
-196.472
-188.792
-178.979
-167.51
-154.981
-142.003
-129.241
-117.626
-107.332
-93.2424
-68.9269
-35.2565
-6.00681
85.4013
92.6998
100.105
107.149
113.139
118.057
121.605
123.542
123.989
123.137
121.195
118.414
114.935
110.838
106.19
100.986
95.2094
88.8485
81.8843
74.3129
66.1579
57.469
48.3218
38.8764
29.4351
20.3416
11.8751
4.25973
-2.31275
-7.68092
-11.704
-14.2684
-15.2837
-14.6275
-12.1201
-7.40884
-0.333906
9.89686
22.0114
72.2333
63.69
53.5562
42.2212
30.5008
17.6875
4.20591
-9.58102
-23.779
-38.1782
-52.6796
-67.2848
-81.8715
-96.3549
-110.619
-124.495
-137.782
-150.248
-161.63
-171.664
-180.156
-186.872
-191.633
-194.307
-194.78
-192.91
-188.59
-181.893
-173.095
-162.599
-150.937
-138.683
-126.455
-114.905
-103.97
-89.3781
-65.7995
-33.9468
-6.09235
79.8595
86.7794
93.8256
100.553
106.297
111.05
114.526
116.493
117.061
116.416
114.756
112.319
109.24
105.599
101.458
96.8097
91.6329
85.9087
79.6083
72.7146
65.2345
57.2003
48.6685
39.7797
30.8183
22.1135
13.9326
6.49723
0.00608583
-5.36751
-9.47165
-12.1797
-13.3881
-12.971
-10.7444
-6.3898
0.232432
9.71961
20.8643
67.4496
59.3602
49.7709
39.061
28.0182
15.9617
3.30018
-9.62015
-22.9029
-36.351
-49.8741
-63.4841
-77.0727
-90.5738
-103.894
-116.889
-129.386
-141.182
-152.039
-161.71
-170.001
-176.696
-181.605
-184.584
-185.519
-184.276
-180.741
-174.947
-167.101
-157.533
-146.711
-135.162
-123.428
-111.941
-100.512
-85.538
-62.7064
-32.7115
-6.2027
74.682
81.2499
87.9583
94.3857
99.8932
104.48
107.876
109.854
110.518
110.046
108.626
106.485
103.755
100.513
96.8197
92.6661
88.0296
82.8863
77.2
70.9428
64.1074
56.7093
48.7858
40.4569
31.9874
23.6917
15.8243
8.60106
2.22387
-3.12516
-7.28461
-10.1161
-11.5041
-11.3198
-9.37422
-5.38201
0.769167
9.51345
19.7019
62.9799
55.3131
46.2318
36.1029
25.6875
14.3296
2.42371
-9.69801
-22.1401
-34.7141
-47.3394
-60.032
-72.6989
-85.2863
-97.7201
-109.879
-121.613
-132.744
-143.061
-152.334
-160.372
-166.979
-171.958
-175.164
-176.483
-175.784
-172.952
-167.983
-161.022
-152.334
-142.323
-131.456
-120.197
-108.785
-96.9466
-81.7367
-59.7814
-31.5664
-6.25377
69.845
76.0822
82.4731
88.6137
93.8934
98.3165
101.626
103.601
104.338
104.01
102.795
100.91
98.4847
95.5928
92.2941
88.5808
84.4299
79.8143
74.6928
69.0287
62.8035
56.017
48.6889
40.9167
32.946
25.075
17.5447
10.5625
4.33027
-0.964835
-5.15316
-8.08678
-9.63917
-9.67891
-8.01565
-4.39319
1.28268
9.28368
18.5347
58.8038
51.533
42.9254
33.3393
23.506
12.7967
1.59065
-9.79537
-21.4604
-33.2298
-45.0273
-56.875
-68.6886
-80.427
-92.0319
-103.398
-114.4
-124.881
-134.652
-143.504
-151.249
-157.711
-162.697
-166.057
-167.684
-167.453
-165.24
-161.016
-154.872
-147.013
-137.777
-127.561
-116.734
-105.412
-93.3585
-78.1082
-57.012
-30.4065
-6.12291
65.3238
71.251
77.3402
83.2083
88.2682
92.5294
95.7476
97.7081
98.5002
98.2919
97.253
95.5898
93.4297
90.846
87.8966
84.5754
80.8596
76.7213
72.116
67.0016
61.3492
55.1456
48.3935
41.17
33.7002
26.2648
19.0904
12.3743
6.31504
1.10225
-3.08902
-6.10271
-7.80354
-8.05721
-6.6735
-3.42297
1.76356
9.0319
17.3649
54.9021
48.0021
39.8399
30.7616
21.4708
11.3647
0.808041
-9.89482
-20.8431
-31.8683
-42.9018
-53.9678
-64.9916
-75.9415
-86.771
-97.391
-107.694
-117.544
-126.772
-135.189
-142.611
-148.885
-153.821
-157.273
-159.139
-159.3
-157.63
-154.073
-148.678
-141.595
-133.093
-123.497
-113.099
-101.93
-89.7938
-74.6253
-54.401
-29.1064
-5.75177
61.097
66.7324
72.5362
78.1425
82.9911
87.0935
90.2163
92.1519
92.9838
92.8754
91.9872
90.5175
88.5903
86.2783
83.6378
80.6651
77.339
73.6312
69.4961
64.8879
59.7699
54.1174
47.918
41.2304
34.2579
27.264
20.4598
14.0308
8.16989
3.06639
-1.1022
-4.17351
-6.00529
-6.46099
-5.35443
-2.47863
2.22001
8.76432
16.2052
51.2567
44.7064
36.9622
28.3611
19.5767
10.0346
0.0827621
-9.98683
-20.269
-30.606
-40.9325
-51.2754
-61.5669
-71.7833
-81.8885
-91.8066
-101.446
-110.687
-119.38
-127.356
-134.436
-140.486
-145.325
-148.815
-150.856
-151.34
-150.137
-147.172
-142.456
-136.089
-128.277
-119.271
-109.3
-98.3507
-86.296
-71.3062
-51.8074
-27.5615
-5.1235
57.1446
62.5044
68.0366
73.394
78.038
81.9832
85.0087
86.9117
87.7717
87.7458
86.9874
85.686
83.9635
81.8911
79.5247
76.8624
73.8849
70.5647
66.8569
62.7124
58.0894
52.9541
47.2816
41.1121
34.6293
28.0774
21.6527
15.528
9.88761
4.91748
0.796526
-2.31028
-4.25519
-4.90003
-4.06377
-1.56031
2.64367
8.48186
15.0575
47.8504
41.6299
34.2808
26.128
17.8199
8.80414
-0.582426
-10.0608
-19.7249
-29.4227
-39.0935
-48.7654
-58.378
-67.9131
-77.342
-86.6008
-95.6111
-104.268
-112.439
-119.974
-126.7
-132.5
-137.205
-140.684
-142.845
-143.588
-142.783
-140.338
-136.233
-130.523
-123.356
-114.919
-105.395
-94.7329
-82.8294
-68.0255
-49.1969
-25.7665
-4.31117
53.4486
58.5472
63.8215
68.9391
73.3859
77.1776
80.1039
81.9685
82.8461
82.8881
82.2414
81.0876
79.5458
77.6857
75.5623
73.1764
70.5102
67.5389
64.2175
60.4964
56.3297
51.6765
46.5019
40.8303
34.8247
28.7118
22.6717
16.8638
11.4627
6.64836
2.59799
-0.522321
-2.56155
-3.38129
-2.80819
-0.674023
3.04295
8.19152
13.936
44.6682
38.7603
31.7837
24.0541
16.1924
7.6719
-1.18565
-10.1132
-19.2002
-28.3031
-37.3648
-46.4136
-55.3948
-64.2961
-73.0938
-81.734
-90.1495
-98.2496
-105.915
-113.012
-119.381
-124.912
-129.453
-132.88
-135.111
-136.054
-135.581
-133.587
-130.025
-124.912
-118.346
-110.458
-101.389
-91.0488
-79.359
-64.7619
-46.4904
-23.7859
-3.38575
49.9915
54.8425
59.87
64.7586
69.0148
72.6558
75.4825
77.3042
78.1906
78.2886
77.7384
76.7142
75.3318
73.6598
71.7528
69.6127
67.2255
64.5673
61.5952
58.2591
54.511
50.3049
45.5975
40.3996
34.8562
29.175
23.5202
18.0377
12.8905
8.25118
4.29265
1.18005
-0.9348
-1.91432
-1.59393
0.179189
3.41012
7.89421
12.8422
41.6955
36.0829
29.4602
22.13
14.6899
6.63372
-1.72744
-10.1382
-18.6869
-27.2349
-35.7294
-44.1985
-52.5931
-60.9034
-69.1123
-77.1724
-85.0269
-92.5964
-99.7752
-106.443
-112.454
-117.704
-122.057
-125.4
-127.658
-128.75
-128.548
-126.94
-123.858
-119.287
-113.279
-105.919
-97.3069
-87.308
-75.8413
-61.4534
-43.762
-21.7475
-2.41186
46.7576
51.373
56.166
60.8339
64.9063
68.401
71.1271
72.9016
73.79
73.9339
73.4672
72.5569
71.3158
69.8113
68.0968
66.1769
64.0391
61.6623
59.0043
56.0172
52.6514
48.8579
44.5864
39.8372
34.737
29.4763
24.2034
19.0509
14.169
9.72089
5.87328
2.78853
0.616857
-0.506201
-0.426677
0.994616
3.75379
7.59702
11.7905
38.9187
33.5875
27.2991
20.3476
13.304
5.68696
-2.20757
-10.1354
-18.1792
-26.2088
-34.1741
-42.1034
-49.9508
-57.7109
-65.3692
-72.8858
-80.2118
-87.2777
-93.9897
-100.24
-105.895
-110.857
-115.006
-118.237
-120.486
-121.68
-121.695
-120.414
-117.751
-113.665
-108.173
-101.314
-93.147
-83.4907
-72.2788
-58.1566
-41.0394
-19.7841
-1.39038
43.7323
48.124
52.6923
57.1493
61.0437
64.395
67.0214
68.7459
69.6303
69.8114
69.4171
68.6075
67.4923
66.1369
64.5946
62.8711
60.9568
58.8314
56.4565
53.7844
50.7667
47.3521
43.4856
39.1577
34.4799
29.6255
24.7279
19.9059
15.2967
11.0527
7.33293
4.29398
2.08375
0.833727
0.687108
1.76954
4.06746
7.30029
10.781
36.3252
31.2608
25.2907
18.6981
12.0305
4.82592
-2.62874
-10.1014
-17.6728
-25.2174
-32.6877
-40.113
-47.4505
-54.6962
-61.8405
-68.8482
-75.677
-82.266
-88.532
-94.3779
-99.6837
-104.355
-108.288
-111.388
-113.597
-114.852
-115.036
-114.025
-111.725
-108.074
-103.055
-96.6671
-88.9301
-79.6267
-68.6969
-54.9115
-38.4384
-18.0037
-0.334482
40.9024
45.0807
49.4347
53.6879
57.4112
60.6231
63.15
64.8221
65.6978
65.9089
65.5777
64.8572
63.8541
62.6324
61.2436
59.6962
57.9816
56.0819
53.9605
51.5729
48.8712
45.8028
42.3103
38.3764
34.0982
29.6333
25.1012
20.6068
16.2744
12.2443
8.66633
5.69038
3.45907
2.09943
1.74239
2.50148
4.35875
7.01114
9.82756
33.9036
29.0936
23.4255
17.1737
10.8607
4.04805
-2.99211
-10.0376
-17.1642
-24.2538
-31.2613
-38.2152
-45.076
-51.842
-58.5054
-65.0361
-71.3975
-77.5356
-83.3772
-88.8343
-93.7989
-98.1802
-101.89
-104.842
-106.986
-108.268
-108.577
-107.789
-105.8
-102.532
-97.9426
-91.9949
-84.6731
-75.7319
-65.1433
-51.7911
-35.9856
-16.4603
0.699803
38.2553
42.23
46.3783
50.4371
53.9944
57.0699
59.4992
61.1172
61.9803
62.2152
61.9387
61.2975
60.3945
59.2926
58.0416
56.6517
55.1159
53.4178
51.524
49.3923
46.9762
44.2233
41.0749
37.5076
33.6053
29.5111
25.3316
21.1586
17.1033
13.2938
9.86914
6.97072
4.73488
3.28246
2.73282
3.18656
4.62182
6.72915
8.92891
31.6428
27.0745
21.6945
15.7663
9.7905
3.34692
-3.30136
-9.94304
-16.6521
-23.3148
-29.8882
-36.4008
-42.8159
-49.1328
-55.3464
-61.43
-67.3523
-73.0651
-78.5032
-83.5878
-88.2213
-92.3172
-95.8004
-98.5928
-100.652
-101.931
-102.328
-101.718
-99.993
-97.0627
-92.8623
-87.3247
-80.4086
-71.8515
-61.6542
-48.8217
-33.7366
-15.1549
1.61631
35.7795
39.5598
43.5117
47.3824
50.7799
53.7234
56.0555
57.6188
58.4661
58.7195
58.4905
57.9198
57.1067
56.112
54.9846
53.7356
52.3598
50.8422
49.1523
47.2506
45.0918
42.6259
39.7928
36.5646
33.014
29.2703
25.4282
21.5677
17.7871
14.2015
10.9389
8.13103
5.90633
4.37848
3.65486
3.82402
4.86331
6.46151
8.09731
29.5327
25.1952
20.0888
14.4687
8.81155
2.71947
-3.55865
-9.82065
-16.1358
-22.3967
-28.563
-34.6618
-40.6595
-46.5559
-52.3484
-58.0132
-63.5227
-68.8345
-73.8904
-78.6194
-82.9332
-86.7502
-90.0055
-92.6302
-94.5887
-95.8419
-96.2942
-95.8243
-94.3203
-91.6844
-87.8344
-82.6806
-76.1618
-68.008
-58.2498
-46.009
-31.6435
-14.055
2.3229
33.4639
37.0589
40.8217
44.5125
47.7553
50.57
52.8073
54.3153
55.1439
55.4113
55.2238
54.7159
53.9833
53.0848
52.0683
50.9457
49.7129
48.357
46.8499
45.1538
43.2275
41.0212
38.4762
35.5605
32.3367
28.922
25.4004
21.841
18.3294
14.9683
11.8739
9.16723
6.96765
5.38089
4.50286
4.40957
5.07826
6.20691
7.32865
27.5634
23.4454
18.6006
13.2733
7.92005
2.15953
-3.76775
-9.66965
-15.6142
-21.497
-27.2809
-32.9916
-38.5979
-44.1009
-49.4986
-54.7706
-59.8923
-64.8267
-69.5211
-73.9114
-77.9183
-81.4642
-84.4938
-86.9463
-88.7924
-90.0003
-90.4814
-90.118
-88.7981
-86.4182
-82.8845
-78.0903
-71.9626
-64.232
-54.9381
-43.3313
-29.6899
-13.103
2.79502
31.2986
34.716
38.2984
41.8151
44.9092
47.5995
49.7434
51.1954
52.0036
52.2811
52.1295
51.6774
51.0168
50.2051
49.2882
48.2789
47.1743
45.963
44.619
43.1079
41.39
39.4185
37.1355
34.5062
31.5848
28.4773
25.2581
21.9862
18.7358
15.5973
12.6747
10.0779
7.91626
6.28707
5.27475
4.94356
5.2724
5.97149
6.63259
25.7258
21.8179
17.2217
12.1737
7.10805
1.66383
-3.93122
-9.49418
-15.0876
-20.6143
-26.0384
-31.3845
-36.6237
-41.7578
-46.786
-51.6896
-56.4475
-61.0267
-65.3795
-69.4485
-73.1614
-76.4455
-79.2532
-81.5315
-83.2576
-84.4056
-84.8934
-84.6083
-83.4396
-81.2817
-78.0329
-73.5768
-67.8311
-60.5354
-51.7196
-40.7644
-27.8156
-12.25
3.04534
29.2737
32.5214
35.9302
39.2807
42.2308
44.8002
46.8531
48.2495
49.0354
49.3195
49.1989
48.7964
48.2005
47.4667
46.6395
45.7319
44.7421
43.6601
42.4622
41.1163
39.5855
37.8256
35.7795
33.4116
30.769
27.9469
25.0111
22.0118
19.0127
16.0923
13.3424
10.8618
8.74915
7.09263
5.96612
5.422
5.44114
5.75247
6.00265
24.0113
20.3033
15.945
11.1628
6.37187
1.22642
-4.05352
-9.29426
-14.5572
-19.7481
-24.8334
-29.837
-34.7318
-39.5198
-44.2011
-48.7594
-53.1757
-57.4207
-61.4516
-65.2161
-68.6489
-71.6816
-74.2737
-76.3786
-77.9793
-79.0562
-79.5334
-79.3033
-78.258
-76.2924
-73.3017
-69.1634
-63.7895
-56.936
-48.6029
-38.2996
-26.0404
-11.4648
3.10722
27.3801
30.4654
33.7084
36.8981
39.71
42.1628
44.1265
45.4679
46.23
46.5178
46.4241
46.0655
45.5278
44.8638
44.1177
43.301
42.4144
41.4476
40.3804
39.1816
37.8189
36.2482
34.4163
32.2864
29.8993
27.3411
24.6694
21.9269
19.1674
16.4585
13.8805
11.5205
9.4665
7.79726
6.57658
5.84611
5.58922
5.55469
5.44595
22.4118
18.8952
14.7634
10.2348
5.70409
0.844325
-4.13697
-9.07388
-14.0237
-18.8976
-23.6639
-28.3455
-32.9166
-37.38
-41.7362
-45.9705
-50.0663
-53.9973
-57.725
-61.2018
-64.3687
-67.1611
-69.5448
-71.479
-72.9523
-73.9504
-74.4035
-74.2093
-73.2641
-71.4653
-68.7083
-64.8693
-59.8546
-53.4424
-45.5974
-35.9393
-24.3758
-10.7684
2.96548
25.6093
28.5393
31.6228
34.6591
37.3375
39.6772
41.5546
42.8413
43.5789
43.868
43.7973
43.4779
42.9918
42.3914
41.7168
40.9831
40.1874
39.3247
38.3726
37.3065
36.0924
34.6919
33.0528
31.1389
28.9852
26.6697
24.2429
21.7404
19.2077
16.7021
14.2927
12.0557
10.0681
8.39933
7.10367
6.21292
5.71263
5.37444
4.95374
20.9194
17.5852
13.6703
9.38342
5.1016
0.51151
-4.18598
-8.83396
-13.4883
-18.0631
-22.5288
-26.9073
-31.1744
-35.333
-39.3843
-43.315
-47.1103
-50.7465
-54.1889
-57.3946
-60.3096
-62.8736
-65.0572
-66.8254
-68.1715
-69.0858
-69.5047
-69.3314
-68.4675
-66.8145
-64.2701
-60.7129
-56.045
-50.0701
-42.7185
-33.7055
-22.8761
-10.214
2.57782
23.9535
26.7347
29.666
32.5541
35.1045
37.3353
39.1284
40.3614
41.0737
41.3619
41.3109
41.0263
40.587
40.0426
39.4336
38.7724
38.0593
37.2876
36.4397
35.4903
34.4097
33.161
31.6948
29.9762
28.035
25.9417
23.7408
21.4617
19.142
16.83
14.5847
12.4713
10.5567
8.90072
7.54898
6.52471
5.81537
5.21514
4.53091
19.5275
16.368
12.6595
8.60351
4.5573
0.225375
-4.20314
-8.57853
-12.9523
-17.2447
-21.4271
-25.5205
-29.502
-33.3746
-37.14
-40.786
-44.2996
-47.6594
-50.834
-53.7844
-56.4618
-58.8098
-60.8027
-62.4107
-63.6313
-64.46
-64.8379
-64.6743
-63.8763
-62.3513
-60.0012
-56.7098
-52.3765
-46.8306
-39.9785
-31.6106
-21.5517
-9.86042
1.91183
22.4048
25.0444
27.8289
30.5759
33.0027
35.1281
36.8397
38.0201
38.7067
38.9924
38.9579
38.7041
38.3064
37.8126
37.2616
36.6656
36.0253
35.3351
34.579
33.7338
32.7719
31.6584
30.3475
28.8047
27.0561
25.1656
23.1722
21.0997
18.9789
16.85
14.7625
12.7719
10.935
9.30265
7.91244
6.78002
5.89433
5.07243
4.16705
18.2291
15.236
11.7254
7.88934
4.06844
-0.0195905
-4.19239
-8.3082
-12.4176
-16.4433
-20.3587
-24.1837
-27.8968
-31.5013
-34.9985
-38.3779
-41.6275
-44.7283
-47.6519
-50.3627
-52.8164
-54.9611
-56.7733
-58.228
-59.3271
-60.0698
-60.4027
-60.2407
-59.4971
-58.0858
-55.9143
-52.8744
-48.8648
-43.7383
-37.3898
-29.6679
-20.414
-9.72142
0.996953
20.957
23.4608
26.1056
28.716
31.0245
33.0484
34.6806
35.8094
36.4703
36.752
36.7315
36.5049
36.1443
35.6957
35.1963
34.6581
34.0824
33.4645
32.7897
32.0368
31.1801
30.1874
29.0152
27.63
26.0556
24.3495
22.5457
20.6633
18.7271
16.7701
14.8335
12.9635
11.208
9.60917
8.1974
6.982
5.95283
4.9484
3.86512
17.0186
14.185
10.8625
7.23631
3.62876
-0.225847
-4.15626
-8.02721
-11.8855
-15.6594
-19.323
-22.8955
-26.3566
-29.7094
-32.9556
-36.0853
-39.0881
-41.9466
-44.6353
-47.1217
-49.3655
-51.3195
-52.9616
-54.2712
-55.2537
-55.9121
-56.1982
-56.0327
-55.335
-54.0261
-52.0203
-49.2182
-45.5215
-40.8037
-34.9582
-27.8763
-19.4353
-9.7667
-0.0905282
19.6034
21.978
24.4882
26.9685
29.1627
31.0885
32.6441
33.7223
34.3574
34.6338
34.6251
34.4226
34.095
33.6867
33.2331
32.7461
32.2277
31.6735
31.0706
30.3993
29.6359
28.7503
27.7014
26.4578
25.0403
23.501
21.8698
20.1614
18.3956
16.5991
14.8055
13.0531
11.381
9.8241
8.40604
7.1307
5.98847
4.83812
3.61344
15.8902
13.2083
10.066
6.63953
3.23595
-0.398524
-4.0984
-7.73635
-11.358
-14.894
-18.3205
-21.6555
-24.8798
-27.9965
-31.0076
-33.9038
-36.6759
-39.3082
-41.7775
-44.0544
-46.1022
-47.8779
-49.3611
-50.5342
-51.4061
-51.9834
-52.2229
-52.0508
-51.3932
-50.1779
-48.3272
-45.751
-42.3567
-38.0357
-32.688
-26.2368
-18.5991
-9.93734
-1.26737
18.3387
20.5894
22.9715
25.3261
27.4107
29.242
30.7229
31.7519
32.3612
32.6314
32.6325
32.4511
32.153
31.7805
31.3677
30.9261
30.4581
29.9602
29.4205
28.8211
28.14
27.3491
26.4101
25.2932
24.0164
22.6276
21.1523
19.6022
17.993
16.3456
14.687
13.0482
11.461
9.95318
8.54297
7.22977
6.00381
4.74232
3.41337
14.8389
12.3023
9.33101
6.09501
2.88427
-0.539539
-4.02108
-7.43948
-10.8366
-14.1481
-17.3511
-20.4626
-23.4647
-26.3602
-29.1513
-31.8295
-34.3863
-36.8077
-39.0728
-41.1547
-43.02
-44.6299
-45.9654
-47.0111
-47.7795
-48.28
-48.4746
-48.2952
-47.6737
-46.5455
-44.8409
-42.4794
-39.3765
-35.4394
-30.5788
-24.7417
-17.8775
-10.1811
-2.46826
17.1569
19.2896
21.5484
23.7834
25.7623
27.5021
28.9111
29.8919
30.4754
30.7385
30.7476
30.5848
30.313
29.9725
29.5959
29.1944
28.7709
28.3225
27.8383
27.3019
26.6932
25.9861
25.1445
24.1403
22.9898
21.7356
20.4005
18.9941
17.5282
16.0187
14.4867
12.957
11.4549
10.0022
8.61215
7.28054
5.99729
4.65619
3.25252
13.8596
11.4609
8.65338
5.59829
2.57194
-0.653438
-3.92773
-7.13725
-10.3228
-13.4226
-16.415
-19.3166
-22.1101
-24.7986
-27.384
-29.8586
-32.2151
-34.4404
-36.5156
-38.4166
-40.1129
-41.5696
-42.7686
-43.6969
-44.3687
-44.7975
-44.9506
-44.7645
-44.1771
-43.1308
-41.5646
-39.4077
-36.5847
-33.0171
-28.6286
-23.3853
-17.2594
-10.4631
-3.65902
16.0533
18.073
20.2144
22.3339
24.2116
25.8635
27.2026
28.1364
28.6942
28.9493
28.9648
28.8183
28.5699
28.258
27.9135
27.5477
27.1634
26.7584
26.3228
25.8416
25.2965
24.663
23.9075
23.0037
21.9654
20.8312
19.622
18.3454
17.01
15.6273
14.2136
12.7882
11.3709
9.97813
8.61901
7.28689
5.9709
4.57913
3.13131
12.9476
10.6809
8.02854
5.14584
2.29353
-0.741906
-3.82015
-6.83299
-9.81818
-12.7183
-15.5127
-18.2169
-20.815
-23.3097
-25.703
-27.9881
-30.1581
-32.2015
-34.101
-35.8348
-37.3752
-38.6911
-39.765
-40.5851
-41.1686
-41.5325
-41.6478
-41.4569
-40.9025
-39.9342
-38.4994
-36.5375
-33.9824
-30.7686
-26.8329
-22.1565
-16.7275
-10.7656
-4.81309
15.0226
16.9346
18.9632
20.9727
22.7529
24.3202
25.5919
26.48
27.0122
27.2585
27.2787
27.1466
26.9189
26.6325
26.3168
25.9825
25.6328
25.2659
24.8729
24.44
23.9503
23.3815
22.702
21.8869
20.9479
19.9207
18.8242
17.6643
16.447
15.1806
13.877
12.5509
11.2171
9.888
8.56881
7.25127
5.92384
4.50682
3.03751
12.0985
9.95685
7.45272
4.73368
2.04763
-0.809119
-3.70129
-6.52725
-9.32409
-12.036
-14.6442
-17.1633
-19.5783
-21.8919
-24.1063
-26.2149
-28.2119
-30.0868
-31.824
-33.4039
-34.8014
-35.9885
-36.9482
-37.6702
-38.1746
-38.4796
-38.5624
-38.369
-37.8472
-36.9535
-35.6441
-33.8677
-31.5679
-28.6906
-25.1853
-21.0459
-16.272
-11.0766
-5.9181
14.0605
15.8695
17.7905
19.6941
21.3813
22.8675
24.074
24.9175
25.4243
25.6611
25.6847
25.5648
25.3557
25.092
24.8017
24.4955
24.1765
23.8429
23.4871
23.0965
22.6554
22.143
21.5302
20.7932
19.9424
19.0104
18.0143
16.9587
15.848
14.6876
13.486
12.2539
11.0021
9.73906
8.46739
7.1776
5.85763
4.43797
2.97137
11.308
9.28582
6.92195
4.35865
1.82939
-0.856505
-3.57286
-6.22327
-8.8416
-11.3764
-13.8097
-16.1552
-18.399
-20.5437
-22.5914
-24.5362
-26.3731
-28.0924
-29.6802
-31.1189
-32.3858
-33.4559
-34.3121
-34.9469
-35.38
-35.634
-35.6891
-35.4957
-35.0068
-34.1855
-32.996
-31.3958
-29.3379
-26.7786
-23.6788
-20.0419
-15.8765
-11.3848
-6.95179
13.1624
14.8732
16.6911
18.494
20.0918
21.5001
22.6442
23.4444
23.926
24.1527
24.1783
24.0689
23.8759
23.6325
23.3649
23.0835
22.7915
22.4873
22.1642
21.8103
21.4115
20.9484
20.3939
19.7259
18.9532
18.1057
17.1986
16.2362
15.2214
14.1573
13.05
11.9065
10.7344
9.53904
8.32076
7.06946
5.77266
4.3696
2.92198
10.5723
8.66304
6.43304
4.01732
1.63764
-0.887902
-3.43762
-5.92134
-8.37206
-10.7403
-13.0094
-15.1924
-17.2763
-19.2635
-21.1563
-22.9493
-24.638
-26.2141
-27.6649
-28.9746
-30.1229
-31.0867
-31.8512
-32.4081
-32.7796
-32.9893
-33.0213
-32.831
-32.3759
-31.6253
-30.5503
-29.1169
-27.2867
-25.0254
-22.3042
-19.1337
-15.5294
-11.6772
-7.90401
12.3244
13.9414
15.6614
17.3675
18.8802
20.214
21.2978
22.0562
22.513
22.729
22.7554
22.6547
22.4759
22.2503
22.0029
21.7434
21.4752
21.1969
20.9022
20.5804
20.2184
19.7983
19.295
18.6875
17.9839
17.2112
16.3834
15.5042
14.5752
13.5988
12.578
11.5174
10.4221
9.29522
8.13481
6.93086
5.67058
4.30048
2.89004
9.88783
8.08621
5.9827
3.7071
1.46818
-0.904236
-3.29699
-5.62432
-7.91657
-10.1282
-12.2433
-14.2744
-16.209
-18.0498
-19.7988
-21.4514
-23.0037
-24.4482
-25.7736
-26.966
-28.0068
-28.876
-29.5582
-30.0477
-30.3658
-30.5376
-30.5516
-30.3674
-29.9479
-29.2663
-28.3009
-27.0247
-25.4072
-23.4231
-21.0523
-18.3101
-15.2168
-11.9422
-8.75657
11.5424
13.0704
14.6966
16.3109
17.7422
19.0047
20.0309
20.7487
21.1811
21.3861
21.4122
21.3188
21.1521
20.9422
20.7124
20.4723
20.2249
19.9693
19.6996
19.4058
19.0759
18.6933
18.2347
17.6806
17.038
16.3315
15.5741
14.7687
13.9174
13.0199
12.078
11.0949
10.0737
9.01512
7.91593
6.76609
5.55302
4.22915
2.8663
9.25098
7.55122
5.56832
3.42534
1.32043
-0.90867
-3.15292
-5.33206
-7.47601
-9.54063
-11.5116
-13.4006
-15.1962
-16.9009
-18.5168
-20.0397
-21.4665
-22.7905
-24.0017
-25.0878
-26.0323
-26.8167
-27.4271
-27.8581
-28.1303
-28.271
-28.2716
-28.0978
-27.7145
-27.1011
-26.2397
-25.1102
-23.6904
-21.9618
-19.9121
-17.56
-14.9279
-12.169
-9.50615
10.8131
12.2562
13.7935
15.32
16.6739
17.8684
18.8391
19.518
19.9265
20.1202
20.1452
20.0576
19.9014
19.7049
19.4906
19.2673
19.0382
18.8024
18.5544
18.285
17.9832
17.6333
17.214
16.7071
16.1184
15.4706
14.7756
14.0367
13.2542
12.4278
11.5583
10.6474
9.69688
8.70577
7.66979
6.57929
5.42181
4.15476
2.85226
8.65864
7.05607
5.1871
3.16994
1.19084
-0.901696
-3.00625
-5.0469
-7.05086
-8.97785
-10.814
-12.5705
-14.2367
-15.8151
-17.3078
-18.7113
-20.0229
-21.2368
-22.3444
-23.3347
-24.1932
-24.9024
-25.4506
-25.8313
-26.0659
-26.1809
-26.1737
-26.0121
-25.667
-25.1191
-24.356
-23.3639
-22.1261
-20.6314
-18.8733
-16.8728
-14.6526
-12.3504
-10.1432
10.1326
11.4953
12.9478
14.3911
15.6711
16.8007
17.7186
18.36
18.7455
18.9278
18.951
18.8679
18.7205
18.5357
18.3347
18.126
17.9128
17.6941
17.465
17.2169
16.9396
16.6185
16.2338
15.7685
15.2278
14.6322
13.9929
13.3128
12.5921
11.8301
11.0268
10.1832
9.29968
8.37443
7.4025
6.37479
5.27913
4.07697
2.84017
8.10754
6.59695
4.83673
2.93854
1.0791
-0.885824
-2.85856
-4.76829
-6.64166
-8.43983
-10.1501
-11.7832
-13.3292
-14.7905
-16.1696
-17.4632
-18.6693
-19.783
-20.7969
-21.7013
-22.4828
-23.1267
-23.6207
-23.9599
-24.1632
-24.2591
-24.2473
-24.1012
-23.7936
-23.3092
-22.6395
-21.7743
-20.7039
-19.4211
-17.9251
-16.2381
-14.3825
-12.4801
-10.6709
9.49792
10.7839
12.156
13.52
14.73
15.7977
16.665
17.2705
17.6339
17.8051
17.8259
17.7465
17.6066
17.4318
17.2423
17.0461
16.8464
16.6426
16.4298
16.2003
15.9443
15.6486
15.2946
14.8663
14.3683
13.8193
13.2297
12.6023
11.9374
11.234
10.4913
9.70999
8.88938
8.02765
7.11946
6.15645
5.12661
3.99476
2.83175
7.59479
6.17203
4.51449
2.72917
0.982046
-0.861332
-2.71036
-4.49788
-6.24832
-7.9261
-9.51916
-11.0376
-12.4721
-13.8253
-15.0995
-16.2922
-17.402
-18.4247
-19.354
-20.1814
-20.8953
-21.4818
-21.9303
-22.235
-22.4137
-22.4952
-22.4827
-22.3534
-22.0834
-21.6602
-21.0776
-20.3306
-19.4121
-18.3202
-17.0579
-15.6477
-14.111
-12.5559
-11.0874
8.90551
10.1188
11.4143
12.7031
13.8461
14.8549
15.6741
16.2455
16.5876
16.7481
16.7665
16.6901
16.5565
16.3905
16.2108
16.0255
15.8375
15.6463
15.4477
15.2342
14.997
14.7235
14.3967
14.0015
13.5419
13.0347
12.4898
11.91
11.2957
10.6454
9.9584
9.23436
8.47307
7.67199
6.82645
5.92848
4.96665
3.90875
2.82043
7.11755
5.77786
4.2182
2.53957
0.899283
-0.830633
-2.56288
-4.23494
-5.87087
-7.43625
-8.92015
-10.3321
-11.6636
-12.9169
-14.0948
-15.1952
-16.2171
-17.1573
-18.0106
-18.7694
-19.4235
-19.9606
-20.3707
-20.6474
-20.8073
-20.879
-20.8691
-20.758
-20.5252
-20.1599
-19.6594
-19.02
-18.2392
-17.3179
-16.2618
-15.0937
-13.8329
-12.5756
-11.3997
8.35276
9.49686
10.7196
11.9365
13.0159
13.9684
14.7415
15.2804
15.6026
15.753
15.7689
15.695
15.5673
15.409
15.238
15.0621
14.8842
14.704
14.5176
14.3181
14.0973
13.8435
13.5408
13.1754
12.7504
12.281
11.7765
11.2398
10.6713
10.0697
9.43367
8.76313
8.05707
7.31387
6.52862
5.69472
4.80106
3.81796
2.80796
6.67355
5.41292
3.94546
2.36792
0.827774
-0.794034
-2.41668
-3.98103
-5.50909
-6.96948
-8.35181
-9.66504
-10.9012
-12.0628
-13.1524
-14.1685
-15.1106
-15.9763
-16.7612
-17.4591
-18.0606
-18.5553
-18.9332
-19.188
-19.3338
-19.4001
-19.395
-19.3036
-19.1067
-18.7966
-18.371
-17.8301
-17.1732
-16.4034
-15.5287
-14.5695
-13.5452
-12.5407
-11.6103
7.83697
8.91535
10.0687
11.2173
12.2356
13.1342
13.8634
14.3714
14.6745
14.8155
14.8293
14.758
14.6357
14.4845
14.3214
14.1539
13.985
13.8145
13.6388
13.4515
13.2452
13.0088
12.7277
12.3891
11.9954
11.5603
11.0924
10.5949
10.0682
9.51111
8.92225
8.30109
7.64714
6.95838
6.23122
5.45932
4.63283
3.7244
2.79098
6.26048
5.07432
3.69446
2.21217
0.767144
-0.753862
-2.27308
-3.73562
-5.16309
-6.52534
-7.81298
-9.03461
-10.1828
-11.26
-12.2688
-13.2082
-14.078
-14.8766
-15.6004
-16.244
-16.7998
-17.2577
-17.6093
-17.8468
-17.9831
-18.047
-18.0495
-17.9779
-17.816
-17.5568
-17.2004
-16.7484
-16.2024
-15.5671
-14.8492
-14.0695
-13.2451
-12.4528
-11.7281
7.35604
8.37193
9.45933
10.5424
11.5025
12.3496
13.0366
13.5149
13.7999
13.9319
13.9439
13.8753
13.7585
13.6141
13.4585
13.2988
13.1382
12.9765
12.8104
12.6341
12.4407
12.2199
11.9583
11.6438
11.2785
10.8744
10.4398
9.97792
9.48949
8.97317
8.42781
7.85283
7.24757
6.61075
5.93847
5.22637
4.46466
3.62857
2.77096
5.87647
4.76085
3.46319
2.07087
0.71478
-0.710404
-2.13275
-3.5003
-4.83297
-6.10333
-7.30261
-8.43906
-9.50587
-10.5054
-11.4404
-12.3101
-13.1147
-13.853
-14.5223
-15.1182
-15.6336
-16.0604
-16.3901
-16.6144
-16.7446
-16.809
-16.8205
-16.7691
-16.6403
-16.4286
-16.1351
-15.763
-15.3155
-14.7969
-14.2149
-13.5874
-12.9315
-12.3156
-11.76
6.90777
7.86444
8.88896
9.91006
10.8143
11.612
12.2586
12.7084
12.9757
13.0989
13.1093
13.0438
12.9324
12.795
12.6468
12.4948
12.3421
12.1886
12.0316
11.8654
11.6838
11.4773
11.2333
10.9407
10.601
10.2251
9.82068
9.39112
8.93746
8.45857
7.95335
7.42131
6.86201
6.27385
5.65444
4.99895
4.29914
3.53249
2.74701
5.51957
4.47008
3.25019
1.94243
0.670563
-0.665585
-1.99671
-3.27467
-4.51897
-5.70329
-6.81996
-7.87701
-8.86829
-9.79627
-10.6637
-11.47
-12.2158
-12.9002
-13.5211
-14.0747
-14.5554
-14.9554
-15.267
-15.4813
-15.6081
-15.6751
-15.6969
-15.6654
-15.568
-15.3998
-15.163
-14.8619
-14.5001
-14.0831
-13.6167
-13.1184
-12.6033
-12.1331
-11.7159
6.49037
7.39089
8.35596
9.31779
10.169
10.9197
11.5275
11.9497
12.1997
12.3144
12.3231
12.2604
12.1547
12.0244
11.8838
11.7396
11.5947
11.4494
11.301
11.1445
10.974
10.7807
10.553
10.2805
9.96432
9.61399
9.23676
8.83634
8.41413
7.96931
7.50101
7.00888
6.49245
5.95084
5.38093
4.7792
4.13779
3.43707
2.72078
5.18828
4.20115
3.05401
1.82583
0.632409
-0.619306
-1.86522
-3.05986
-4.22098
-5.32483
-6.36432
-7.3473
-8.26838
-9.13014
-9.93549
-10.6841
-11.3767
-12.0129
-12.5908
-13.1076
-13.5579
-13.9352
-14.2317
-14.4386
-14.5641
-14.6353
-14.6677
-14.6555
-14.5872
-14.4587
-14.2725
-14.0334
-13.746
-13.4153
-13.0477
-12.6582
-12.261
-11.91
-11.6039
6.10204
6.94955
7.85814
8.76411
9.56483
10.2707
10.8415
11.2373
11.4704
11.5764
11.5831
11.5231
11.4228
11.2996
11.1668
11.0305
10.8937
10.7566
10.6169
10.47
10.3103
10.1297
9.91737
9.66372
9.36925
9.04232
8.6897
8.31544
7.92138
7.50723
7.07244
6.61693
6.14052
5.64208
5.11916
4.56811
3.98258
3.34437
2.69301
4.88103
3.95214
2.87365
1.71999
0.600636
-0.572858
-1.73873
-2.85491
-3.93874
-4.96748
-5.93497
-6.84894
-7.70468
-8.50506
-9.25308
-9.94879
-10.5931
-11.1859
-11.7258
-12.21
-12.6342
-12.9921
-13.2763
-13.4779
-13.6035
-13.6796
-13.7227
-13.7283
-13.6867
-13.5938
-13.4524
-13.2672
-13.0437
-12.7866
-12.5023
-12.2043
-11.9043
-11.6499
-11.4327
5.74125
6.53866
7.39401
8.24675
8.9997
9.66297
10.1987
10.5695
10.7863
10.8838
10.8883
10.8301
10.7347
10.6182
10.493
10.3649
10.2365
10.108
9.9772
9.83991
9.69098
9.52288
9.32558
9.09002
8.81616
8.51108
8.18106
7.83036
7.46135
7.07431
6.66933
6.24679
5.80679
5.34855
4.86957
4.36688
3.83392
3.25503
2.66537
4.59656
3.72249
2.70803
1.62427
0.573673
-0.525757
-1.61698
-2.66028
-3.67156
-4.63027
-5.53076
-6.38054
-7.1756
-7.91902
-8.61402
-9.26105
-9.86131
-10.4149
-10.9207
-11.3762
-11.7776
-12.1189
-12.3933
-12.5908
-12.7175
-12.7987
-12.8516
-12.8735
-12.8555
-12.7944
-12.6921
-12.5542
-12.385
-12.1904
-11.9757
-11.7531
-11.5325
-11.3561
-11.2085
5.40633
6.15648
6.96132
7.7638
8.47128
9.09425
9.597
9.94438
10.1458
10.2352
10.2374
10.1805
10.0888
9.9782
9.8601
9.73987
9.61991
9.50022
9.37871
9.25142
9.11357
8.95814
8.77586
8.55821
8.30456
8.02063
7.71204
7.38306
7.03649
6.67329
6.29426
5.90051
5.4928
5.07079
4.63239
4.17459
3.69183
3.169
2.63708
4.33352
3.51069
2.55655
1.53806
0.552194
-0.478852
-1.49993
-2.47475
-3.41867
-4.31211
-5.1502
-5.94024
-6.67895
-7.36961
-8.0156
-8.6177
-9.17752
-9.69535
-10.1703
-10.6005
-10.9819
-11.3092
-11.5752
-11.7699
-11.898
-11.984
-12.0456
-12.0816
-12.0842
-12.0504
-11.9823
-11.8847
-11.7621
-11.6196
-11.4625
-11.3014
-11.145
-11.0301
-10.9375
5.09585
5.80124
6.55834
7.31273
7.97719
8.5622
9.03433
9.3604
9.54733
9.62933
9.62908
9.57269
9.48377
9.37767
9.26556
9.15246
9.04056
8.92969
8.81772
8.70085
8.57456
8.43229
8.26548
8.06611
7.83295
7.57038
7.2831
6.97515
6.64943
6.30741
5.95071
5.58137
5.20106
4.81039
4.40793
3.99131
3.55455
3.0844
2.60767
4.09077
3.31641
2.4186
1.46133
0.53536
-0.431052
-1.38688
-2.29824
-3.17897
-4.01159
-4.79146
-5.52576
-6.21204
-6.85376
-7.4544
-8.0151
-8.53774
-9.02293
-9.47018
-9.87746
-10.2416
-10.5568
-10.8158
-11.0084
-11.138
-11.2284
-11.2973
-11.3448
-11.3644
-11.3534
-11.3141
-11.2506
-11.1672
-11.0682
-10.9581
-10.8467
-10.7415
-10.6752
-10.6252
4.80815
5.47108
6.18265
6.89142
7.51508
8.06461
8.50886
8.816
8.98947
9.06484
9.06226
9.00565
8.91805
8.81491
8.70713
8.5998
8.49505
8.39258
8.29017
8.18407
8.06991
7.94153
7.79095
7.61069
7.39895
7.15875
6.89377
6.60741
6.3023
5.98008
5.64291
5.29378
4.93568
4.57052
4.19811
3.81674
3.42172
2.99972
2.57543
3.867
3.13828
2.29375
1.39372
0.52415
-0.382566
-1.27722
-2.12913
-2.95112
-3.72696
-4.45237
-5.13456
-5.77197
-6.36814
-6.92665
-7.4491
-7.93763
-8.39314
-8.81518
-9.20248
-9.55139
-9.8563
-10.1095
-10.3005
-10.4317
-10.5257
-10.6003
-10.6565
-10.689
-10.6958
-10.6794
-10.6437
-10.5925
-10.5294
-10.458
-10.3869
-10.3226
-10.2943
-10.2768
4.54187
5.16452
5.83307
6.49822
7.0836
7.6
8.01899
8.30962
8.4708
8.54091
8.53632
8.47859
8.39096
8.28878
8.18306
8.07927
7.97987
7.88466
7.79135
7.69616
7.59474
7.48116
7.34792
7.18798
6.99908
6.78295
6.54216
6.27922
5.99606
5.69392
5.37504
5.04314
4.7024
4.35648
4.00703
3.65412
3.29377
2.91464
2.53828
3.66098
2.97526
2.18046
1.33409
0.516974
-0.3332
-1.17069
-1.96715
-2.73347
-3.45613
-4.12999
-4.76329
-5.3554
-5.90914
-6.42819
-6.91498
-7.3721
-7.80053
-8.2004
-8.57001
-8.90622
-9.20262
-9.45135
-9.6413
-9.77406
-9.87081
-9.94912
-10.0109
-10.052
-10.0714
-10.0718
-10.0574
-10.0318
-9.99774
-9.95824
-9.92008
-9.88907
-9.89051
-9.89808
4.2958
4.88075
5.50896
6.13334
6.68295
7.16821
7.5639
7.83943
7.98835
8.05555
8.05042
7.99142
7.90259
7.79948
7.69303
7.58951
7.49231
7.4018
7.31598
7.23109
7.14271
7.04488
6.93037
6.79239
6.62814
6.43817
6.22396
5.98708
5.72847
5.44852
5.14887
4.83326
4.50682
4.17492
3.84147
3.50888
3.17521
2.83103
2.4966
3.47225
2.82626
2.07791
1.28141
0.513754
-0.284143
-1.06755
-1.81145
-2.52498
-3.19736
-3.82132
-4.4081
-4.95841
-5.47279
-5.95454
-6.40755
-6.83527
-7.23918
-7.61925
-7.97438
-8.30035
-8.59061
-8.83621
-9.02577
-9.15961
-9.25792
-9.33761
-9.40156
-9.44661
-9.47288
-9.4836
-9.48377
-9.47684
-9.46571
-9.45202
-9.44156
-9.43793
-9.46381
-9.49067
4.07001
4.62015
5.21144
5.79779
6.31425
6.76964
7.14322
7.40337
7.53786
7.60533
7.60277
7.54372
7.45378
7.34853
7.23886
7.13192
7.03257
6.94255
6.8608
6.78403
6.70789
6.6263
6.53195
6.41787
6.28042
6.11881
5.93351
5.72531
5.49418
5.23939
4.96144
4.66338
4.35047
4.02935
3.70619
3.38624
3.07032
2.75162
2.45041
3.30192
2.69299
1.98774
1.23787
0.516037
-0.232303
-0.965368
-1.6603
-2.32383
-2.94775
-3.52461
-4.06814
-4.58009
-5.05755
-5.50335
-5.92329
-6.32235
-6.70282
-7.06548
-7.4088
-7.72805
-8.01495
-8.25997
-8.45033
-8.58565
-8.68439
-8.76341
-8.82577
-8.87012
-8.89721
-8.91204
-8.91965
-8.92523
-8.93066
-8.9382
-8.95073
-8.97153
-9.01836
-9.06262
3.86538
4.38365
4.94078
5.49175
5.97665
6.40231
6.75431
6.99675
7.1151
7.18742
7.19145
7.13492
7.04537
6.93821
6.8237
6.71028
6.60437
6.50979
6.42721
6.35469
6.28842
6.22238
6.14894
6.06058
5.95212
5.82111
5.66679
5.48936
5.28821
5.06159
4.80866
4.53104
4.23327
3.92229
3.60611
3.29263
2.98616
2.68302
2.4051
3.14927
2.57514
1.91132
1.20572
0.527835
-0.17423
-0.859281
-1.50872
-2.12522
-2.70306
-3.23711
-3.74386
-4.22195
-4.66372
-5.07406
-5.46094
-5.83042
-6.18686
-6.5328
-6.86663
-7.18215
-7.46948
-7.71722
-7.91125
-8.04928
-8.14836
-8.22415
-8.28082
-8.31808
-8.33923
-8.35025
-8.35821
-8.36866
-8.38505
-8.408
-8.44043
-8.48229
-8.54852
-8.60704
3.68058
4.16899
4.69442
5.21162
5.66611
6.06152
6.39236
6.61171
6.71448
6.80056
6.81503
6.7633
6.67716
6.56961
6.45035
6.32858
6.21291
6.10897
6.02027
5.94675
5.88635
5.83327
5.77998
5.71787
5.6399
5.54091
5.41872
5.27303
5.10298
4.9066
4.68174
4.42862
4.14982
3.8518
3.54267
3.23307
2.92997
2.6338
2.36846
3.03488
2.48854
1.85617
1.18622
0.544253
-0.117766
-0.757169
-1.36052
-1.92015
-2.45087
-2.91596
-3.39868
-3.86528
-4.28629
-4.67532
-5.043
-5.39466
-5.73694
-6.07513
-6.40829
-6.72826
-7.02326
-7.27997
-7.48255
-7.62692
-7.72823
-7.80114
-7.85005
-7.87657
-7.88681
-7.88789
-7.88976
-7.89901
-7.91951
-7.95205
-7.99826
-8.05628
-8.13792
-8.20657
3.54061
4.00386
4.50246
4.98619
5.40658
5.76054
6.05023
6.21032
6.28581
6.42883
6.47698
6.44247
6.36977
6.26966
6.15042
6.02378
5.89987
5.7867
5.68968
5.61183
5.55277
5.50831
5.47096
5.43162
5.38069
5.31001
5.21542
5.09608
4.95158
4.78038
4.58056
4.3511
4.09312
3.81093
3.51208
3.20722
2.90636
2.61226
2.35154
2.94751
2.42391
1.81806
1.17807
0.567981
-0.0574417
-0.65303
-1.2093
-1.708
-2.19318
-2.57373
-3.04529
-3.51466
-3.92416
-4.30126
-4.65961
-5.00185
-5.33653
-5.67258
-6.0094
-6.33749
-6.64323
-6.9111
-7.12391
-7.27642
-7.38157
-7.45285
-7.49429
-7.5098
-7.50857
-7.4975
-7.49051
-7.49554
-7.51612
-7.55382
-7.60943
-7.68032
-7.77379
-7.85203
3.43174
3.8733
4.34631
4.79592
5.1785
5.48275
5.71721
5.80084
5.84192
6.06295
6.16133
6.15375
6.10189
6.01553
5.90184
5.77523
5.64772
5.52862
5.42481
5.34152
5.28058
5.23969
5.21247
5.18994
5.16085
5.11417
5.04315
4.94577
4.82176
4.67062
4.49137
4.28297
4.04537
3.78095
3.49532
3.19821
2.90049
2.60795
2.34786
2.86166
2.3608
1.78156
1.17252
0.594916
0.00743545
-0.545022
-1.05567
-1.49806
-1.94181
-2.24259
-2.70016
-3.17007
-3.56734
-3.93102
-4.27825
-4.60885
-4.93249
-5.26182
-5.59846
-5.93205
-6.24672
-6.525
-6.74849
-6.91043
-7.02087
-7.09153
-7.12563
-7.12925
-7.11537
-7.08989
-7.07155
-7.06938
-7.08686
-7.12635
-7.18853
-7.27018
-7.37522
-7.46532
3.32446
3.74486
4.19258
4.6087
4.95459
5.20974
5.38988
5.4027
5.41195
5.69962
5.84986
5.87198
5.84301
5.77322
5.66872
5.5455
5.41787
5.29553
5.18615
5.09602
5.02925
4.98588
4.96198
4.94993
4.93846
4.91391
4.86639
4.79113
4.68708
4.55448
4.39413
4.20629
3.99085
3.74849
3.48227
3.19947
2.90969
2.62066
2.36149
2.77718
2.29869
1.74633
1.16858
0.624226
0.0746762
-0.435641
-0.902117
-1.29429
-1.69774
-1.92729
-2.36608
-2.83103
-3.21474
-3.56346
-3.89774
-4.21506
-4.52509
-4.84411
-5.1761
-5.51119
-5.8319
-6.11911
-6.35343
-6.52569
-6.64303
-6.71469
-6.74329
-6.73635
-6.71063
-6.67007
-6.63898
-6.62685
-6.63804
-6.67484
-6.7394
-6.82733
-6.94066
-7.03818
3.21867
3.6182
4.04064
4.42351
4.73381
4.94042
5.06896
5.01776
4.99759
5.33928
5.54046
5.59423
5.58879
5.53745
5.44444
5.32799
5.20388
5.08295
4.97188
4.87749
4.80429
4.75484
4.72748
4.71788
4.71621
4.70864
4.68234
4.62919
4.54548
4.43093
4.28779
4.11853
3.92475
3.70661
3.46524
3.20423
2.93067
2.65094
2.39619
2.69447
2.23803
1.71182
1.16487
0.65298
0.141317
-0.328612
-0.752743
-1.10018
-1.46262
-1.63057
-2.04509
-2.49754
-2.86469
-3.19655
-3.51637
-3.81997
-4.11586
-4.42203
-4.74563
-5.0778
-5.4005
-5.69384
-5.93712
-6.11907
-6.24392
-6.31926
-6.34624
-6.33398
-6.30078
-6.24921
-6.20725
-6.18605
-6.18945
-6.22115
-6.28354
-6.37352
-6.49218
-6.6031
3.11464
3.49338
3.89025
4.24033
4.51622
4.6752
4.75571
4.64492
4.5966
4.98127
5.23065
5.31695
5.3365
5.30561
5.22685
5.11918
5.00177
4.88638
4.7798
4.68691
4.61185
4.55688
4.52252
4.50727
4.5053
4.50515
4.49389
4.46073
4.39817
4.30327
4.17765
4.02564
3.85117
3.6563
3.44125
3.20729
2.95728
2.69492
2.44833
2.61382
2.17884
1.67775
1.15989
0.678678
0.202636
-0.229287
-0.612464
-0.919745
-1.23882
-1.35421
-1.73812
-2.16867
-2.51465
-2.82729
-3.13174
-3.42235
-3.70528
-3.99859
-4.31129
-4.63633
-4.95636
-5.2506
-5.49717
-5.68337
-5.81177
-5.88885
-5.91442
-5.89802
-5.85848
-5.79603
-5.74229
-5.70944
-5.70144
-5.72306
-5.7776
-5.86223
-5.97502
-6.07328
3.01273
3.3707
3.74164
4.05968
4.30311
4.4162
4.45277
4.2826
4.20696
4.62654
4.9187
5.03499
5.07931
5.07314
5.0141
4.91968
4.81088
4.70266
4.60316
4.51683
4.4459
4.39086
4.35133
4.32726
4.31636
4.31229
4.30557
4.28603
4.2435
4.17115
4.06743
3.93587
3.78177
3.60948
3.42067
3.21562
2.99457
2.7573
2.52567
2.53594
2.1215
1.64357
1.15185
0.69768
0.253887
-0.143483
-0.48781
-0.75747
-1.0292
-1.09961
-1.44525
-1.84369
-2.16305
-2.45385
-2.74208
-3.02125
-3.29385
-3.57549
-3.87592
-4.19033
-4.50282
-4.7928
-5.03908
-5.22853
-5.36276
-5.44738
-5.48108
-5.47259
-5.44001
-5.3789
-5.32384
-5.28717
-5.27286
-5.28607
-5.33196
-5.41082
-5.52669
-5.65579
2.91417
3.25178
3.59654
3.88394
4.096
4.16358
4.15795
3.92509
3.82082
4.27402
4.60614
4.74593
4.8093
4.82651
4.79431
4.72365
4.63338
4.53722
4.44612
4.36613
4.30094
4.2493
4.20929
4.1786
4.15607
4.13889
4.12383
4.10481
4.07334
4.02028
3.94047
3.83409
3.70534
3.55959
3.39989
3.22767
3.04169
2.84096
2.64333
2.46137
2.06538
1.60775
1.13812
0.706847
0.290756
-0.0756357
-0.382372
-0.615526
-0.835673
-0.867197
-1.16654
-1.52279
-1.81048
-2.07689
-2.34798
-2.61667
-2.88142
-3.15318
-3.44027
-3.73876
-4.03342
-4.30487
-4.53243
-4.70577
-4.82821
-4.90594
-4.93563
-4.92505
-4.88904
-4.82088
-4.75635
-4.70885
-4.68172
-4.68172
-4.71313
-4.77409
-4.85743
-4.91698
2.82073
3.13926
3.45864
3.71674
3.89575
3.91388
3.86498
3.56184
3.4242
3.91498
4.29368
4.46065
4.53787
4.56718
4.55055
4.50268
4.43966
4.37019
4.29917
4.23266
4.17543
4.1292
4.09186
4.0605
4.03203
4.00417
3.97678
3.94943
3.91781
3.87452
3.81255
3.7287
3.62437
3.5036
3.37083
3.22832
3.07551
2.90673
2.72878
2.39074
2.01066
1.56996
1.11829
0.705865
0.313748
-0.0243981
-0.294998
-0.492256
-0.65947
-0.657075
-0.901914
-1.20762
-1.46002
-1.70041
-1.95206
-2.2085
-2.46516
-2.72832
-3.00335
-3.28655
-3.56642
-3.82777
-4.05437
-4.23463
-4.3697
-4.46622
-4.52078
-4.5408
-4.53824
-4.49489
-4.44909
-4.41306
-4.39057
-4.38875
-4.41629
-4.48076
-4.59656
-4.77069
2.73373
3.03528
3.33107
3.56183
3.70382
3.67024
3.57927
3.19205
3.00206
3.52576
3.95607
4.1685
4.28709
4.3457
4.33925
4.28979
4.22612
4.16423
4.10674
4.05414
4.0074
3.96797
3.9348
3.90511
3.87468
3.84116
3.80622
3.77309
3.74221
3.71017
3.67114
3.61995
3.55428
3.47454
3.38311
3.28284
3.17807
3.07579
3.00567
2.32652
1.95987
1.53322
1.09664
0.700292
0.328468
0.0148554
-0.22363
-0.389665
-0.50516
-0.47062
-0.653981
-0.901518
-1.11632
-1.33052
-1.56107
-1.80034
-2.04097
-2.28386
-2.52962
-2.77373
-3.00482
-3.20917
-3.37352
-3.49804
-3.59234
-3.66075
-3.69587
-3.69987
-3.68107
-3.62408
-3.56498
-3.51323
-3.47208
-3.44797
-3.44558
-3.45715
-3.46175
-3.38947
2.65543
2.94168
3.21595
3.42092
3.52401
3.44784
3.3211
2.81679
2.55631
3.10331
3.55453
3.79042
3.96437
4.10908
4.1897
4.20179
4.16652
4.10753
4.04041
3.97468
3.91494
3.86429
3.82302
3.78742
3.74807
3.69824
3.63853
3.57368
3.50819
3.44355
3.3784
3.31059
3.23883
3.1631
3.08406
3.00059
2.90501
2.77639
2.59059
2.27417
1.91524
1.49685
1.06993
0.685084
0.328568
0.0356449
-0.177834
-0.316688
-0.378671
-0.312352
-0.43068
-0.613922
-0.786077
-0.969282
-1.17512
-1.39644
-1.62589
-1.86065
-2.10017
-2.34243
-2.58501
-2.82235
-3.04427
-3.23255
-3.38492
-3.51583
-3.62474
-3.72212
-3.81041
-3.83992
-3.85124
-3.86003
-3.86828
-3.88033
-3.90931
-3.97877
-4.13023
-4.42653
2.59349
2.86739
3.12169
3.29861
3.35709
3.24243
3.0513
2.38458
2.07963
2.70977
3.18109
3.3752
3.49545
3.61593
3.73189
3.83582
3.92377
3.98855
4.02478
4.03454
4.02297
3.99783
3.96776
3.94645
3.94249
3.94539
3.94216
3.93129
3.91554
3.89696
3.87491
3.847
3.81107
3.76632
3.71503
3.66409
3.63124
3.65243
3.7852
2.2366
1.87141
1.44458
1.01194
0.626546
0.278742
0.00551648
-0.178643
-0.277334
-0.272335
-0.18146
-0.24124
-0.363313
-0.489493
-0.627144
-0.778595
-0.938084
-1.09882
-1.25565
-1.40374
-1.53594
-1.64135
-1.7102
-1.74188
-1.76299
-1.7917
-1.82268
-1.83932
-1.83532
-1.83576
-1.81044
-1.7824
-1.75806
-1.73312
-1.70965
-1.6876
-1.64199
-1.52473
-1.20791
2.55757
2.82644
3.06432
3.20573
3.20165
3.00768
2.63824
1.77025
1.4926
2.33473
3.00863
3.36237
3.53213
3.57437
3.51073
3.38782
3.25153
3.13705
3.053
2.99731
2.96261
2.94524
2.93668
2.91667
2.86343
2.79096
2.7187
2.64752
2.57545
2.50253
2.43164
2.36574
2.30668
2.25418
2.20572
2.15125
2.06164
1.8781
1.50722
2.20577
1.82336
1.37474
0.922111
0.525099
0.179053
-0.0750951
-0.222828
-0.263229
-0.183928
-0.0713295
-0.0803911
-0.142828
-0.230619
-0.344083
-0.48232
-0.644439
-0.829358
-1.03741
-1.27123
-1.5361
-1.83446
-2.15506
-2.46553
-2.71301
-2.8969
-3.08516
-3.25609
-3.48572
-3.78444
-3.79882
-3.89604
-4.05208
-4.186
-4.29459
-4.41301
-4.59554
-4.92315
-5.5166
2.53695
2.808
3.03658
3.14544
3.07616
2.77151
2.14557
1.09891
0.685417
1.51539
2.37269
3.16184
3.89016
4.55669
5.09854
5.49034
5.74825
5.88886
5.93975
5.93269
5.8926
5.84059
5.80775
5.84536
5.9717
6.11349
6.21695
6.29331
6.35501
6.40277
6.43211
6.44182
6.4346
6.41462
6.39165
6.38411
6.43709
6.6186
7.02187
87.9813
87.443
87.1955
86.2558
84.3554
81.6395
78.2006
74.1721
69.6634
64.8738
59.9668
55.1424
50.4849
46.0643
41.8757
37.8694
33.9424
30.0844
26.3384
22.8793
19.9145
17.6309
16.1337
15.4446
15.5596
16.4227
17.7927
19.2678
20.4772
21.2484
21.5826
21.4646
20.8697
19.7863
18.3175
16.606
14.7755
12.8397
10.788
8.61848
6.39449
4.18919
2.07555
0.0895229
-1.74476
-3.42065
-4.92849
-6.26687
-7.43288
-8.43077
-9.26521
-9.94586
-10.4796
-10.8784
-11.1526
-11.3146
-11.3763
-11.3498
-11.2462
-11.0755
-10.8459
-10.5656
-10.2418
-9.88202
-9.48862
-9.0725
-8.62756
-8.23335
-7.88329
-7.50724
-7.08604
-6.66803
-6.12372
-5.7497
-4.94616
-4.91705
-3.3296
-4.64222
-1.00214
-5.92383
88.8511
87.3823
85.5273
83.0715
80.1818
77.0075
73.7243
70.4377
67.0876
63.6979
60.2404
56.77
53.3093
49.8944
46.5277
43.232
40.0128
36.8954
33.8822
30.9945
28.2304
25.6075
23.1197
20.7819
18.5851
16.5409
14.6386
12.888
11.2776
9.81497
8.48751
7.30101
6.24198
5.31455
4.50392
3.81203
3.22342
2.73841
2.34083
2.02964
1.78846
1.6154
1.49449
1.42375
1.38859
1.38785
1.40899
1.45169
1.50543
1.57047
1.63763
1.70742
1.77327
1.83553
1.89118
1.94062
1.98345
2.02093
2.05414
2.08396
2.10944
2.13046
2.14535
2.15135
2.14591
2.13259
2.11741
2.11082
2.11047
2.12416
2.15853
2.21022
2.28933
2.43113
2.52529
2.90792
2.40429
3.82996
1.24849
7.13776
47.8079
46.6113
45.1043
43.3155
41.5537
39.8705
38.2733
36.7176
35.2774
33.9683
32.8811
31.976
31.2645
30.6573
30.1825
29.8017
29.5336
29.2865
29.0076
28.6363
28.2809
28.0251
27.9256
27.9933
28.3179
29.0318
30.1158
31.3689
32.4933
33.1714
33.1681
32.3629
30.8174
28.6916
26.1407
23.3245
20.4013
17.4877
14.6257
11.8231
9.09939
6.49867
4.06532
1.82351
-0.219582
-2.06701
-3.72069
-5.18497
-6.46235
-7.56041
-8.48689
-9.25016
-9.8617
-10.3312
-10.6709
-10.8922
-11.007
-11.0267
-10.9627
-10.8252
-10.6239
-10.3677
-10.0645
-9.72253
-9.34427
-8.94167
-8.50943
-8.12716
-7.788
-7.42575
-7.01728
-6.61551
-6.08133
-5.72648
-4.93597
-4.91608
-3.3507
-4.602
-1.07182
-5.83415
48.2841
47.9003
47.3199
46.637
46.0574
45.5087
44.9207
44.2093
43.3358
42.2834
41.0812
39.7483
38.314
36.7661
35.1228
33.3772
31.5574
29.6606
27.7194
25.7356
23.7436
21.7471
19.7804
17.8484
15.9825
14.1849
12.4829
10.8754
9.38318
8.00082
6.74389
5.6037
4.59072
3.69277
2.91621
2.24684
1.68791
1.22385
0.855659
0.567106
0.3576
0.210898
0.125708
0.0867822
0.0928255
0.130472
0.19888
0.286658
0.39349
0.509117
0.633485
0.757971
0.882604
1.00163
1.11552
1.22083
1.31808
1.40732
1.4896
1.56543
1.63673
1.70372
1.76421
1.81546
1.85209
1.87531
1.88851
1.89709
1.90441
1.92245
1.95681
2.00489
2.08087
2.23116
2.34543
2.76377
2.31171
3.68919
1.26527
6.89675
29.7146
29.2174
28.2607
27.1383
26.138
25.2247
24.2062
23.0197
21.6804
20.2819
18.8703
17.5241
16.275
15.1988
14.3332
13.7509
13.4729
13.5353
13.8943
14.5112
15.3096
16.2956
17.5031
19.0042
20.7455
22.6809
24.7958
27.0629
29.3858
31.6074
33.3905
34.2746
33.8807
32.2149
29.5708
26.3567
22.8852
19.3854
15.9751
12.7289
9.67686
6.85496
4.28034
1.96261
-0.114016
-1.96264
-3.60216
-5.0414
-6.29316
-7.36596
-8.2713
-9.01975
-9.62169
-10.0886
-10.4309
-10.6595
-10.7837
-10.814
-10.7606
-10.6331
-10.4405
-10.1925
-9.89731
-9.56299
-9.19188
-8.79509
-8.36987
-7.9949
-7.662
-7.30803
-6.90782
-6.5158
-5.99415
-5.64968
-4.89059
-4.86071
-3.36773
-4.50761
-1.16115
-5.66475
29.4029
28.4005
26.9876
25.4719
24.0177
22.6739
21.4039
20.1867
19.0043
17.897
16.8688
15.9402
15.0793
14.2886
13.5385
12.837
12.1554
11.4995
10.8413
10.1886
9.517
8.83713
8.13015
7.41161
6.66941
5.92319
5.16673
4.42288
3.68854
2.98672
2.315
1.69379
1.11887
0.606641
0.150691
-0.236751
-0.564567
-0.824261
-1.02667
-1.16683
-1.25669
-1.29375
-1.29014
-1.24478
-1.16909
-1.06257
-0.935429
-0.787171
-0.627386
-0.455466
-0.280584
-0.10233
0.072134
0.243595
0.406495
0.561263
0.70556
0.840226
0.965249
1.0825
1.19317
1.29952
1.40121
1.49401
1.5716
1.63331
1.67983
1.71051
1.73304
1.76142
1.79883
1.84366
1.91121
2.05692
2.1806
2.60909
2.22844
3.52921
1.28883
6.65508
10.2248
11.0878
11.5347
11.649
11.9935
12.7308
13.6374
14.3643
14.6773
14.5024
13.9177
13.0436
12.0096
10.884
9.71759
8.52166
7.34341
6.23464
5.29809
4.6214
4.29594
4.36823
4.90242
5.92772
7.45485
9.41516
11.7455
14.3397
17.117
19.9419
22.5498
24.544
25.5706
25.4348
24.2458
22.2687
19.7933
17.0146
14.0906
11.1399
8.2808
5.59426
3.13898
0.93002
-1.03426
-2.77341
-4.30187
-5.63547
-6.78486
-7.76396
-8.58355
-9.25595
-9.79247
-10.2044
-10.5021
-10.6942
-10.7898
-10.7973
-10.7256
-10.5826
-10.377
-10.1183
-9.81466
-9.4736
-9.09682
-8.69496
-8.26495
-7.88768
-7.55224
-7.19635
-6.79445
-6.40385
-5.88706
-5.54876
-4.81282
-4.78752
-3.34643
-4.43399
-1.18383
-5.56714
9.11487
8.19602
7.46527
6.86406
6.30008
5.71712
5.09933
4.44468
3.77611
3.10162
2.43568
1.77127
1.11971
0.480001
-0.127395
-0.701576
-1.22297
-1.69491
-2.10124
-2.45062
-2.73221
-2.96088
-3.13134
-3.26321
-3.35352
-3.42278
-3.46786
-3.50639
-3.53197
-3.55822
-3.57605
-3.59539
-3.60459
-3.61092
-3.60199
-3.5836
-3.54417
-3.4894
-3.40992
-3.31226
-3.18932
-3.04843
-2.88478
-2.70578
-2.50829
-2.29954
-2.07717
-1.84869
-1.61141
-1.37378
-1.13391
-0.898958
-0.667302
-0.445308
-0.231751
-0.0305997
0.159372
0.336617
0.502317
0.656749
0.803602
0.94523
1.08169
1.21067
1.32551
1.42452
1.50637
1.56528
1.60994
1.65627
1.7037
1.74802
1.80505
1.93531
2.05307
2.48042
2.14435
3.42093
1.25505
6.51144
-2.65816
-0.252825
1.64687
2.78228
3.55792
4.36735
5.34133
6.34455
7.12099
7.49112
7.41647
6.98827
6.30893
5.46601
4.4773
3.36983
2.16044
0.929124
-0.23957
-1.21695
-1.90878
-2.22441
-2.1287
-1.59437
-0.633689
0.732816
2.45597
4.50224
6.83548
9.35263
11.761
13.6192
14.5412
14.4529
13.6241
12.4427
11.1302
9.69444
8.06193
6.2223
4.25006
2.2627
0.358307
-1.40503
-3.00581
-4.4413
-5.71377
-6.82678
-7.78718
-8.60015
-9.27505
-9.82051
-10.2472
-10.5649
-10.782
-10.9065
-10.9458
-10.9071
-10.7967
-10.6215
-10.3886
-10.107
-9.78411
-9.42669
-9.03579
-8.6205
-8.1785
-7.79108
-7.44611
-7.08179
-6.67182
-6.27568
-5.75674
-5.42042
-4.69911
-4.68792
-3.28743
-4.36057
-1.16875
-5.50488
-5.12636
-7.2189
-8.9624
-10.4023
-11.581
-12.5304
-13.2694
-13.8157
-14.1865
-14.4047
-14.495
-14.4814
-14.388
-14.2324
-14.0349
-13.8065
-13.5629
-13.3071
-13.0486
-12.7827
-12.5143
-12.2339
-11.9452
-11.6381
-11.3175
-10.9752
-10.6197
-10.2448
-9.86098
-9.4645
-9.06706
-8.66496
-8.26855
-7.87354
-7.48834
-7.10696
-6.73597
-6.36867
-6.01038
-5.65421
-5.30467
-4.95598
-4.61224
-4.26879
-3.92971
-3.59107
-3.25809
-2.92581
-2.60149
-2.28107
-1.97085
-1.66787
-1.37811
-1.09944
-0.836156
-0.58602
-0.351683
-0.131497
0.0735052
0.266052
0.447109
0.620457
0.788518
0.949156
1.09719
1.231
1.34802
1.4382
1.5105
1.58164
1.647
1.69913
1.75025
1.86298
1.96389
2.38019
2.06886
3.34118
1.21107
6.39076
-9.883
-7.80748
-6.02405
-4.76681
-3.96066
-3.38466
-2.83245
-2.2688
-1.79168
-1.51487
-1.46531
-1.61215
-1.90063
-2.31076
-2.82844
-3.44981
-4.13434
-4.838
-5.48856
-6.03154
-6.4006
-6.56083
-6.47323
-6.13294
-5.53111
-4.68795
-3.61659
-2.3512
-0.923433
0.575494
1.96455
2.94231
3.20406
2.64677
1.54925
0.427101
-0.347688
-0.779255
-1.1223
-1.61501
-2.33926
-3.24118
-4.22809
-5.22228
-6.18232
-7.08216
-7.90783
-8.6482
-9.29429
-9.84269
-10.2923
-10.6468
-10.9111
-11.0912
-11.1925
-11.2201
-11.1797
-11.0754
-10.9114
-10.692
-10.423
-10.1118
-9.76413
-9.38537
-8.97553
-8.54306
-8.08405
-7.68237
-7.32475
-6.94812
-6.52597
-6.12047
-5.59506
-5.25579
-4.5452
-4.54657
-3.19368
-4.25755
-1.14243
-5.42661
-11.9881
-13.9153
-15.6504
-17.203
-18.5749
-19.7667
-20.7814
-21.6193
-22.2854
-22.7831
-23.1197
-23.3021
-23.3397
-23.2432
-23.0247
-22.6996
-22.2815
-21.7881
-21.2325
-20.632
-19.9965
-19.3403
-18.6685
-17.9919
-17.3107
-16.6326
-15.9546
-15.2825
-14.6119
-13.9487
-13.2887
-12.6378
-11.9923
-11.3588
-10.7338
-10.1238
-9.52536
-8.94433
-8.37702
-7.8278
-7.29289
-6.77568
-6.27249
-5.78603
-5.3124
-4.85563
-4.40972
-3.98149
-3.56537
-3.167
-2.78194
-2.41559
-2.06474
-1.73353
-1.4188
-1.12331
-0.844286
-0.583245
-0.337833
-0.109512
0.105555
0.310232
0.506686
0.695533
0.87275
1.03769
1.18742
1.30881
1.41023
1.51061
1.60175
1.6706
1.72481
1.82391
1.9065
2.30232
2.00903
3.26394
1.18798
6.24985
-16.6904
-15.5863
-14.5577
-13.7134
-13.135
-12.7496
-12.4241
-12.0951
-11.7879
-11.5242
-11.3003
-11.0993
-10.9329
-10.8222
-10.7827
-10.7932
-10.8138
-10.7916
-10.6958
-10.5103
-10.247
-9.91809
-9.54626
-9.14029
-8.71522
-8.27326
-7.82761
-7.38502
-6.97186
-6.62551
-6.43766
-6.54403
-7.11204
-8.19862
-9.60849
-10.8782
-11.5671
-11.5645
-11.1194
-10.5885
-10.2066
-10.036
-10.0369
-10.154
-10.3414
-10.5705
-10.8172
-11.0609
-11.2834
-11.4711
-11.6154
-11.7119
-11.7596
-11.7578
-11.707
-11.6091
-11.4656
-11.2776
-11.0459
-10.7727
-10.4609
-10.1152
-9.73888
-9.33534
-8.90364
-8.45045
-7.97239
-7.55395
-7.18114
-6.79007
-6.35382
-5.93589
-5.40162
-5.05521
-4.35297
-4.36195
-3.06499
-4.11953
-1.10218
-5.32716
-17.7661
-18.7929
-19.746
-20.6297
-21.4382
-22.1687
-22.8189
-23.3859
-23.8688
-24.2651
-24.5749
-24.7959
-24.9283
-24.971
-24.9252
-24.7913
-24.5726
-24.2713
-23.8933
-23.4433
-22.9294
-22.3578
-21.7382
-21.0772
-20.385
-19.6669
-18.9322
-18.1845
-17.4315
-16.6747
-15.9204
-15.1683
-14.4234
-13.6847
-12.9568
-12.2385
-11.5344
-10.8432
-10.1689
-9.51031
-8.87049
-8.24802
-7.64543
-7.06025
-6.49645
-5.94817
-5.42308
-4.9153
-4.43087
-3.96476
-3.52219
-3.09919
-2.69987
-2.32057
-1.96385
-1.62625
-1.30909
-1.00914
-0.72869
-0.464622
-0.217555
0.0157049
0.239025
0.452881
0.65503
0.846267
1.02378
1.17255
1.3013
1.43101
1.551
1.64416
1.71091
1.80482
1.87167
2.24079
1.96236
3.18365
1.17644
6.09965
-20.4925
-20.0877
-19.6405
-19.1972
-18.8897
-18.7256
-18.617
-18.4995
-18.3395
-18.1083
-17.7884
-17.4087
-17.031
-16.7127
-16.4658
-16.2608
-16.0441
-15.7713
-15.4192
-14.9973
-14.5354
-14.0787
-13.6688
-13.3428
-13.1235
-13.0264
-13.0554
-13.2135
-13.5002
-13.9246
-14.5052
-15.284
-16.3097
-17.5943
-19.0022
-20.2077
-20.8187
-20.6511
-19.8458
-18.7394
-17.6312
-16.6723
-15.8907
-15.2622
-14.7567
-14.3496
-14.0208
-13.7497
-13.518
-13.3098
-13.113
-12.9185
-12.719
-12.5085
-12.2833
-12.0407
-11.7787
-11.4944
-11.186
-10.8521
-10.4932
-10.1095
-9.70204
-9.27154
-8.81554
-8.34012
-7.84046
-7.40385
-7.0151
-6.60821
-6.15654
-5.72574
-5.18228
-4.82663
-4.13079
-4.14322
-2.90452
-3.95438
-1.04128
-5.21815
-20.8575
-21.2216
-21.5713
-21.9076
-22.2261
-22.5227
-22.7939
-23.0356
-23.245
-23.4184
-23.5539
-23.6482
-23.7002
-23.707
-23.6682
-23.5813
-23.4465
-23.2617
-23.0276
-22.743
-22.4094
-22.0266
-21.5971
-21.1223
-20.6057
-20.0504
-19.4605
-18.8404
-18.1943
-17.5272
-16.8431
-16.1466
-15.4408
-14.7302
-14.0171
-13.3056
-12.5975
-11.8964
-11.2037
-10.5224
-9.85347
-9.19932
-8.55942
-7.93804
-7.32984
-6.74382
-6.17446
-5.62887
-5.10231
-4.60058
-4.11959
-3.66394
-3.22994
-2.82025
-2.43136
-2.06464
-1.7161
-1.38743
-1.07521
-0.782667
-0.507919
-0.248191
-0.0013205
0.23418
0.456915
0.668796
0.867541
1.03775
1.18834
1.3433
1.49146
1.61124
1.69725
1.7936
1.85187
2.19258
1.92627
3.10489
1.1646
5.95853
-22.539
-22.5402
-22.4591
-22.3091
-22.2315
-22.2661
-22.3416
-22.3749
-22.2906
-22.049
-21.6704
-21.2468
-20.8741
-20.603
-20.415
-20.2605
-20.085
-19.8588
-19.5754
-19.2549
-18.9301
-18.6435
-18.4347
-18.3385
-18.3794
-18.5721
-18.9212
-19.4242
-20.0733
-20.8578
-21.765
-22.7812
-23.8935
-25.0738
-26.2293
-27.1482
-27.5458
-27.2325
-26.2608
-24.8849
-23.3928
-21.9728
-20.6982
-19.571
-18.5756
-17.6951
-16.9152
-16.2229
-15.6048
-15.0487
-14.5432
-14.0786
-13.6446
-13.2333
-12.8377
-12.4527
-12.0725
-11.6921
-11.3066
-10.9127
-10.5056
-10.0842
-9.64498
-9.18698
-8.70613
-8.20688
-7.68562
-7.23047
-6.82534
-6.40291
-5.93717
-5.49427
-4.94361
-4.57935
-3.8897
-3.90289
-2.72126
-3.77118
-0.962434
-5.10585
-22.5163
-22.5086
-22.5062
-22.5113
-22.5199
-22.5315
-22.5405
-22.5469
-22.5442
-22.5324
-22.5047
-22.4616
-22.3967
-22.311
-22.1987
-22.0615
-21.8947
-21.7003
-21.4745
-21.2199
-20.9332
-20.6172
-20.2694
-19.8923
-19.4844
-19.0482
-18.5828
-18.0909
-17.5726
-17.031
-16.4669
-15.8836
-15.2827
-14.6677
-14.0408
-13.4054
-12.7641
-12.1203
-11.4763
-10.8351
-10.1991
-9.56974
-8.95135
-8.3396
-7.74441
-7.16074
-6.59653
-6.04749
-5.52007
-5.01048
-4.52405
-4.05764
-3.61423
-3.19069
-2.7889
-2.40508
-2.04046
-1.69076
-1.35962
-1.04595
-0.749342
-0.468853
-0.20194
0.0516209
0.290671
0.517929
0.731193
0.915618
1.08156
1.25501
1.42551
1.57013
1.67773
1.78306
1.83911
2.15297
1.89708
3.02851
1.14935
5.82497
-24.1643
-24.3951
-24.5302
-24.5631
-24.6299
-24.7651
-24.8984
-24.9286
-24.788
-24.4759
-24.0865
-23.7475
-23.5411
-23.4566
-23.4325
-23.4018
-23.3315
-23.2149
-23.0702
-22.9209
-22.799
-22.7323
-22.75
-22.8729
-23.1191
-23.496
-24.0074
-24.6479
-25.4093
-26.275
-27.2216
-28.2139
-29.2106
-30.1615
-30.992
-31.5652
-31.6918
-31.2207
-30.1605
-28.6881
-27.045
-25.4191
-23.8998
-22.5106
-21.2429
-20.0855
-19.0291
-18.066
-17.1887
-16.3891
-15.6601
-14.9924
-14.3779
-13.8077
-13.2752
-12.7728
-12.2941
-11.8321
-11.3812
-10.9334
-10.4841
-10.0271
-9.55857
-9.07395
-8.56858
-8.04662
-7.50373
-7.03111
-6.61118
-6.17509
-5.69736
-5.24575
-4.69179
-4.32192
-3.64031
-3.6528
-2.52584
-3.57751
-0.87248
-4.98992
-23.908
-23.6605
-23.4189
-23.1833
-22.9569
-22.7369
-22.526
-22.3204
-22.1221
-21.9266
-21.735
-21.5419
-21.3482
-21.1478
-20.9416
-20.7236
-20.4947
-20.2495
-19.9896
-19.7104
-19.414
-19.0968
-18.7615
-18.4053
-18.0311
-17.6368
-17.2252
-16.7945
-16.3477
-15.8831
-15.4034
-14.9076
-14.3984
-13.8752
-13.3408
-12.7952
-12.2416
-11.6804
-11.1151
-10.5466
-9.97755
-9.41151
-8.84551
-8.28928
-7.73839
-7.20083
-6.67253
-6.15993
-5.65954
-5.17699
-4.70975
-4.26103
-3.82826
-3.41391
-3.01495
-2.63286
-2.26317
-1.90911
-1.56938
-1.24431
-0.934543
-0.63857
-0.356348
-0.0889029
0.162624
0.40077
0.622896
0.815643
0.990099
1.1741
1.35969
1.52302
1.65041
1.76651
1.82666
2.1169
1.87201
2.95323
1.13391
5.69554
-24.1255
-24.4769
-24.7368
-24.8926
-25.051
-25.2283
-25.3442
-25.3187
-25.1321
-24.8587
-24.6337
-24.5661
-24.6567
-24.8252
-24.9809
-25.0822
-25.1295
-25.1493
-25.1666
-25.2064
-25.2848
-25.4195
-25.6217
-25.904
-26.2727
-26.734
-27.2877
-27.9333
-28.6629
-29.4644
-30.3115
-31.1669
-31.979
-32.6913
-33.2353
-33.5192
-33.4189
-32.8316
-31.7506
-30.2986
-28.6644
-27.0113
-25.4355
-23.9665
-22.6046
-21.3406
-20.168
-19.0824
-18.0797
-17.1567
-16.3076
-15.527
-14.8074
-14.1427
-13.5252
-12.9483
-12.4049
-11.8884
-11.3897
-10.9025
-10.418
-9.93173
-9.43604
-8.92695
-8.39845
-7.85427
-7.29224
-6.80429
-6.37197
-5.92529
-5.44006
-4.98359
-4.43146
-4.06063
-3.39083
-3.40251
-2.32812
-3.37978
-0.777501
-4.87014
-23.7465
-23.3754
-23.0112
-22.6551
-22.3068
-21.9672
-21.6354
-21.3131
-20.9985
-20.6934
-20.3955
-20.1063
-19.8225
-19.5451
-19.2701
-18.9979
-18.724
-18.4485
-18.1668
-17.8793
-17.5815
-17.2744
-16.9542
-16.6225
-16.2765
-15.9184
-15.5459
-15.1618
-14.7644
-14.3566
-13.9369
-13.508
-13.0687
-12.6216
-12.1655
-11.703
-11.2329
-10.7579
-10.2774
-9.79363
-9.30852
-8.81981
-8.33598
-7.85289
-7.37763
-6.90619
-6.44438
-5.98895
-5.54513
-5.11065
-4.68841
-4.27622
-3.87671
-3.48765
-3.11087
-2.74245
-2.3857
-2.03907
-1.70225
-1.37628
-1.06047
-0.756055
-0.464484
-0.18756
0.0729275
0.318717
0.546101
0.74261
0.92051
1.10837
1.30054
1.4752
1.6171
1.74327
1.80978
2.07924
1.84704
2.87575
1.11796
5.56494
-22.8018
-23.245
-23.5905
-23.8106
-23.9876
-24.1334
-24.1938
-24.1385
-24.0075
-23.9122
-23.9687
-24.209
-24.5479
-24.8681
-25.1036
-25.2652
-25.3935
-25.5288
-25.6907
-25.8892
-26.1246
-26.3999
-26.7151
-27.0749
-27.48
-27.9355
-28.4426
-29.0058
-29.6228
-30.2875
-30.9776
-31.6606
-32.2856
-32.7982
-33.135
-33.2296
-32.9994
-32.379
-31.3606
-30.0303
-28.5263
-26.9866
-25.4947
-24.0863
-22.7637
-21.523
-20.3599
-19.2726
-18.2607
-17.321
-16.4513
-15.6461
-14.9013
-14.21
-13.5664
-12.9635
-12.3954
-11.853
-11.3295
-10.8157
-10.3065
-9.79454
-9.27499
-8.74185
-8.19103
-7.62664
-7.04733
-6.54749
-6.10661
-5.65411
-5.166
-4.71025
-4.16595
-3.79991
-3.14709
-3.15899
-2.13529
-3.18379
-0.681226
-4.74671
-22.3312
-21.8669
-21.4132
-20.9697
-20.5362
-20.1135
-19.7008
-19.2993
-18.908
-18.5286
-18.1601
-17.8041
-17.4594
-17.1274
-16.8061
-16.4965
-16.1955
-15.9038
-15.6175
-15.3368
-15.0572
-14.7789
-14.4975
-14.2133
-13.9224
-13.6259
-13.3202
-13.0073
-12.6843
-12.3539
-12.0137
-11.6669
-11.3115
-10.9511
-10.5836
-10.2125
-9.83581
-9.45624
-9.07189
-8.68574
-8.29511
-7.90591
-7.51481
-7.12683
-6.73788
-6.35331
-5.97014
-5.593
-5.21966
-4.85232
-4.48884
-4.13131
-3.77802
-3.43066
-3.08598
-2.74774
-2.41478
-2.08612
-1.76255
-1.44301
-1.1296
-0.824398
-0.529584
-0.247717
0.0184751
0.269486
0.499906
0.697881
0.876039
1.0626
1.25526
1.43364
1.58361
1.71523
1.78831
2.03836
1.82058
2.79487
1.10164
5.4346
-20.4964
-20.9828
-21.3611
-21.5912
-21.7433
-21.8458
-21.894
-21.9084
-21.9594
-22.1369
-22.4901
-22.9614
-23.4159
-23.749
-23.9621
-24.1221
-24.2981
-24.5215
-24.7959
-25.1081
-25.4472
-25.8019
-26.1689
-26.5436
-26.9275
-27.3209
-27.7308
-28.1625
-28.6239
-29.1122
-29.6175
-30.1115
-30.5573
-30.9032
-31.0993
-31.0892
-30.8213
-30.2492
-29.3728
-28.2455
-26.971
-25.6487
-24.352
-23.1094
-21.9312
-20.8153
-19.7619
-18.771
-17.8422
-16.975
-16.166
-15.4129
-14.71
-14.0523
-13.4331
-12.8474
-12.2863
-11.7438
-11.2105
-10.6821
-10.1519
-9.61731
-9.07216
-8.51474
-7.94108
-7.35729
-6.76383
-6.25621
-5.81167
-5.35884
-4.87485
-4.42607
-3.89662
-3.54208
-2.91248
-2.92717
-1.95316
-2.99414
-0.587497
-4.62098
-19.9753
-19.4594
-18.9592
-18.4712
-17.996
-17.5331
-17.0822
-16.6427
-16.2145
-15.7973
-15.3917
-14.9974
-14.6159
-14.2468
-13.8919
-13.5505
-13.2243
-12.9119
-12.6146
-12.3301
-12.059
-11.798
-11.5474
-11.3033
-11.0658
-10.8308
-10.5987
-10.3653
-10.132
-9.89484
-9.65574
-9.41131
-9.16419
-8.91128
-8.65571
-8.39461
-8.13149
-7.86352
-7.59426
-7.32094
-7.04635
-6.76686
-6.48535
-6.19817
-5.91032
-5.61941
-5.32959
-5.03801
-4.74693
-4.45389
-4.16039
-3.86477
-3.56809
-3.26755
-2.96701
-2.66622
-2.36403
-2.06126
-1.75599
-1.45058
-1.14703
-0.848033
-0.555644
-0.273556
-0.00496049
0.248907
0.480905
0.679198
0.856167
1.03929
1.22792
1.40464
1.55617
1.68867
1.76516
1.9951
1.79207
2.70978
1.08322
5.30092
-17.0102
-17.4888
-17.8613
-18.0962
-18.2675
-18.4287
-18.6057
-18.8366
-19.1706
-19.6426
-20.2237
-20.8046
-21.2475
-21.5046
-21.6479
-21.7953
-22.018
-22.3291
-22.7025
-23.1103
-23.5275
-23.9427
-24.3449
-24.7304
-25.0927
-25.4333
-25.7533
-26.0633
-26.3695
-26.6798
-26.9882
-27.2845
-27.5409
-27.7268
-27.8002
-27.7257
-27.4625
-26.9869
-26.2922
-25.4177
-24.4258
-23.3918
-22.3634
-21.3703
-20.4169
-19.5084
-18.6424
-17.8221
-17.0466
-16.3156
-15.6273
-14.9779
-14.3625
-13.7754
-13.2124
-12.6652
-12.1288
-11.5939
-11.0571
-10.5131
-9.96136
-9.39837
-8.8244
-8.23809
-7.64052
-7.03778
-6.4335
-5.92331
-5.48102
-5.03548
-4.56333
-4.12992
-3.6237
-3.28858
-2.68966
-2.71065
-1.7861
-2.81516
-0.499615
-4.49253
-16.4925
-15.98
-15.4901
-15.0173
-14.5625
-14.1251
-13.7038
-13.2979
-12.9056
-12.5262
-12.158
-11.8008
-11.4531
-11.1156
-10.7871
-10.4692
-10.1612
-9.86536
-9.58084
-9.31008
-9.05195
-8.80867
-8.57827
-8.36253
-8.15866
-7.96805
-7.787
-7.61682
-7.45334
-7.29789
-7.14594
-6.99926
-6.85333
-6.71032
-6.56571
-6.42221
-6.27548
-6.12879
-5.97786
-5.82603
-5.66842
-5.50791
-5.33975
-5.16729
-4.98605
-4.80018
-4.60535
-4.4054
-4.19709
-3.98237
-3.75883
-3.52767
-3.28597
-3.03727
-2.78214
-2.51964
-2.25136
-1.97489
-1.69275
-1.40629
-1.11845
-0.830677
-0.546127
-0.26814
-0.00119661
0.252581
0.484029
0.682006
0.857451
1.03623
1.21957
1.39099
1.53972
1.66777
1.74458
1.95242
1.76333
2.62151
1.06391
5.1637
-15.1255
-15.5894
-15.9354
-16.1524
-16.3368
-16.5635
-16.8689
-17.2684
-17.7617
-18.3163
-18.8584
-19.2753
-19.4788
-19.4877
-19.4402
-19.4786
-19.6658
-19.9785
-20.3663
-20.7812
-21.2
-21.6082
-22.0024
-22.3731
-22.7156
-23.0208
-23.2893
-23.5208
-23.7236
-23.8987
-24.0503
-24.1706
-24.2538
-24.28
-24.2338
-24.09
-23.8332
-23.4442
-22.9254
-22.2921
-21.5874
-20.8504
-20.1178
-19.4024
-18.713
-18.0465
-17.4066
-16.7897
-16.1991
-15.6304
-15.0833
-14.5521
-14.0327
-13.5213
-13.0114
-12.4989
-11.9757
-11.4395
-10.8858
-10.3164
-9.72988
-9.13022
-8.51827
-7.89943
-7.27538
-6.65599
-6.04549
-5.53962
-5.10726
-4.67779
-4.22787
-3.81977
-3.34686
-3.04027
-2.48059
-2.51262
-1.63901
-2.65017
-0.422114
-4.36111
-14.6001
-14.0659
-13.5439
-13.031
-12.5309
-12.0449
-11.573
-11.116
-10.6744
-10.2485
-9.83876
-9.44486
-9.06703
-8.70464
-8.35791
-8.02608
-7.70975
-7.40804
-7.12229
-6.85164
-6.59795
-6.36004
-6.14024
-5.93681
-5.75209
-5.58341
-5.43304
-5.29744
-5.17875
-5.07241
-4.98051
-4.89789
-4.8268
-4.76145
-4.70428
-4.64926
-4.59922
-4.5481
-4.49899
-4.44566
-4.39134
-4.32964
-4.26403
-4.18814
-4.10546
-4.00998
-3.90529
-3.78559
-3.65458
-3.50747
-3.34725
-3.1702
-2.97962
-2.77594
-2.559
-2.33124
-2.09106
-1.84104
-1.58225
-1.31751
-1.04759
-0.775247
-0.502304
-0.233592
0.0271057
0.276201
0.504599
0.700691
0.874197
1.04897
1.22606
1.39103
1.53404
1.65529
1.72907
1.91276
1.73647
2.53119
1.04483
5.01747
-12.9559
-13.4176
-13.7994
-14.1015
-14.409
-14.7861
-15.2455
-15.769
-16.3086
-16.8015
-17.1692
-17.3462
-17.3119
-17.1532
-17.0325
-17.0914
-17.3512
-17.7526
-18.2079
-18.6659
-19.1
-19.5128
-19.9024
-20.2725
-20.6127
-20.9194
-21.1818
-21.4008
-21.5714
-21.6967
-21.7702
-21.7936
-21.7604
-21.6727
-21.5237
-21.3158
-21.0431
-20.7088
-20.3107
-19.8637
-19.3826
-18.8926
-18.4051
-17.931
-17.4661
-17.0124
-16.5633
-16.1215
-15.6807
-15.2426
-14.7995
-14.3504
-13.8896
-13.4142
-12.9202
-12.4028
-11.8602
-11.2898
-10.6948
-10.0758
-9.43919
-8.789
-8.13311
-7.47774
-6.82944
-6.19778
-5.58946
-5.0971
-4.68417
-4.2816
-3.86525
-3.49432
-3.06599
-2.79824
-2.28773
-2.33574
-1.51632
-2.50273
-0.359359
-4.22439
-12.4565
-11.9501
-11.4545
-10.9664
-10.4897
-10.0261
-9.57685
-9.14392
-8.72771
-8.32984
-7.94994
-7.58904
-7.24565
-6.92087
-6.61242
-6.3214
-6.04488
-5.78436
-5.53677
-5.30437
-5.08395
-4.87858
-4.68522
-4.5077
-4.34275
-4.19462
-4.05968
-3.94236
-3.83837
-3.75194
-3.67788
-3.62035
-3.57344
-3.54087
-3.51589
-3.50219
-3.49263
-3.49079
-3.48906
-3.4911
-3.48927
-3.48707
-3.47671
-3.46166
-3.43425
-3.39788
-3.34539
-3.28044
-3.19671
-3.09763
-2.97772
-2.84036
-2.68365
-2.50959
-2.31943
-2.11466
-1.89703
-1.66884
-1.43218
-1.18763
-0.937207
-0.681857
-0.42518
-0.170474
0.0779482
0.31787
0.538662
0.730366
0.900467
1.0699
1.24085
1.39863
1.53556
1.64857
1.71843
1.87721
1.7139
2.44005
1.03063
4.86124
-12.4409
-12.8645
-13.2388
-13.5622
-13.9041
-14.2963
-14.7285
-15.1533
-15.5171
-15.7605
-15.8483
-15.767
-15.5593
-15.3291
-15.2348
-15.3787
-15.7508
-16.2432
-16.7569
-17.2296
-17.6571
-18.0474
-18.4202
-18.776
-19.1168
-19.4304
-19.7135
-19.9558
-20.1576
-20.3089
-20.4065
-20.4378
-20.4032
-20.2981
-20.1333
-19.9128
-19.6543
-19.3631
-19.0538
-18.728
-18.3992
-18.0678
-17.7425
-17.4159
-17.0895
-16.7532
-16.4092
-16.0489
-15.6747
-15.2782
-14.8609
-14.4147
-13.9411
-13.4345
-12.8953
-12.3216
-11.7141
-11.0763
-10.4109
-9.72583
-9.02664
-8.32382
-7.62516
-6.94096
-6.27813
-5.6476
-5.05584
-4.59045
-4.20886
-3.84535
-3.47568
-3.15401
-2.78301
-2.56411
-2.11394
-2.18206
-1.42389
-2.37329
-0.318306
-4.07885
-11.9948
-11.5428
-11.095
-10.6499
-10.2121
-9.78083
-9.35906
-8.94649
-8.54632
-8.15739
-7.7837
-7.42329
-7.08048
-6.75235
-6.44324
-6.14927
-5.87458
-5.61433
-5.37253
-5.14374
-4.93199
-4.73157
-4.54689
-4.37221
-4.21242
-4.06195
-3.92618
-3.79956
-3.68786
-3.58532
-3.49778
-3.41916
-3.3553
-3.29952
-3.25729
-3.22141
-3.19706
-3.1766
-3.16478
-3.15346
-3.14707
-3.13723
-3.12779
-3.11011
-3.08778
-3.05277
-3.00874
-2.94852
-2.87588
-2.78444
-2.67763
-2.55004
-2.40563
-2.24176
-2.06354
-1.8711
-1.66902
-1.45817
-1.23985
-1.01486
-0.783699
-0.548916
-0.312474
-0.0780921
0.152548
0.376544
0.583765
0.766366
0.92946
1.09179
1.25468
1.40533
1.53614
1.64248
1.70879
1.84384
1.69672
2.34724
1.02747
4.68744
-11.8516
-12.194
-12.5228
-12.8335
-13.1588
-13.5048
-13.8327
-14.096
-14.2487
-14.2751
-14.1799
-14.007
-13.817
-13.7055
-13.7704
-14.077
-14.5755
-15.1488
-15.6784
-16.1259
-16.4961
-16.8282
-17.1408
-17.4485
-17.7419
-18.0188
-18.2682
-18.492
-18.684
-18.8472
-18.9728
-19.0613
-19.1047
-19.1091
-19.0742
-19.0137
-18.9322
-18.8413
-18.736
-18.6159
-18.469
-18.2948
-18.0849
-17.8422
-17.5615
-17.2473
-16.896
-16.512
-16.0913
-15.6362
-15.1423
-14.6116
-14.0417
-13.4351
-12.7917
-12.115
-11.4089
-10.6782
-9.93109
-9.17466
-8.41994
-7.67566
-6.95214
-6.25874
-5.60357
-4.99659
-4.44318
-4.02151
-3.68506
-3.37401
-3.06368
-2.80324
-2.50154
-2.33983
-1.96274
-2.05171
-1.36647
-2.26215
-0.307194
-3.92026
-11.5251
-11.2054
-10.8901
-10.5764
-10.2627
-9.94847
-9.63153
-9.31429
-8.99464
-8.67668
-8.3584
-8.0451
-7.73471
-7.43322
-7.13811
-6.85558
-6.58245
-6.32476
-6.07831
-5.84867
-5.63061
-5.4293
-5.2386
-5.06341
-4.8971
-4.74467
-4.59914
-4.46574
-4.33754
-4.22015
-4.10674
-4.00325
-3.90301
-3.81212
-3.72397
-3.6445
-3.56722
-3.49767
-3.42926
-3.36684
-3.30366
-3.24367
-3.18011
-3.11582
-3.04428
-2.96808
-2.88164
-2.78753
-2.68135
-2.56487
-2.43457
-2.29166
-2.13406
-1.96457
-1.78423
-1.59653
-1.40309
-1.20521
-1.00279
-0.796105
-0.586562
-0.375315
-0.164594
0.0442882
0.250061
0.450677
0.637076
0.804514
0.956195
1.10727
1.26038
1.40312
1.5287
1.62933
1.69511
1.80841
1.6858
2.25006
1.04334
4.49547
-10.6701
-11.0142
-11.3667
-11.7081
-12.0463
-12.3738
-12.6555
-12.8588
-12.9626
-12.9786
-12.9389
-12.9007
-12.9174
-13.0411
-13.2979
-13.6957
-14.183
-14.6728
-15.0679
-15.3435
-15.5225
-15.6668
-15.8107
-15.9762
-16.1511
-16.3299
-16.496
-16.6515
-16.7915
-16.9263
-17.0546
-17.1841
-17.3083
-17.4317
-17.5486
-17.6664
-17.7802
-17.8928
-17.9891
-18.0585
-18.0789
-18.0413
-17.9332
-17.7558
-17.506
-17.1913
-16.8126
-16.3776
-15.887
-15.3467
-14.7573
-14.1249
-13.4513
-12.7429
-12.0036
-11.2405
-10.4595
-9.66962
-8.87945
-8.09921
-7.33799
-6.60526
-5.90946
-5.25958
-4.66263
-4.12596
-3.65242
-3.30549
-3.03986
-2.8034
-2.57622
-2.39406
-2.18487
-2.08954
-1.81204
-1.9181
-1.33797
-2.15117
-0.334086
-3.74299
-10.3642
-10.0805
-9.81507
-9.56612
-9.3319
-9.10972
-8.89708
-8.6926
-8.49343
-8.29936
-8.10725
-7.91831
-7.7295
-7.54331
-7.35673
-7.17348
-6.9905
-6.81239
-6.63578
-6.46576
-6.29829
-6.13881
-5.98245
-5.83471
-5.68978
-5.553
-5.41769
-5.28918
-5.16023
-5.03633
-4.90995
-4.78686
-4.6595
-4.5341
-4.40356
-4.27449
-4.13996
-4.00692
-3.86901
-3.73296
-3.59239
-3.4534
-3.30983
-3.16692
-3.01873
-2.87012
-2.716
-2.5607
-2.39986
-2.23694
-2.06835
-1.89676
-1.71998
-1.54116
-1.36003
-1.17952
-0.999293
-0.820259
-0.641597
-0.463837
-0.287203
-0.11268
0.0596053
0.229091
0.395951
0.558744
0.712112
0.854313
0.98601
1.11935
1.25621
1.38663
1.50298
1.59783
1.66593
1.75474
1.67557
2.12445
1.08475
4.25711
-12.4865
-12.8398
-13.1801
-13.4786
-13.733
-13.9429
-14.0912
-14.1698
-14.1748
-14.1305
-14.0704
-14.047
-14.098
-14.251
-14.4949
-14.8001
-15.103
-15.338
-15.4389
-15.3981
-15.2549
-15.0923
-14.9666
-14.9096
-14.906
-14.9371
-14.9747
-15.0105
-15.0359
-15.0596
-15.0833
-15.1169
-15.1559
-15.2015
-15.2442
-15.2853
-15.3191
-15.3492
-15.3674
-15.3693
-15.3386
-15.2669
-15.1412
-14.9586
-14.7135
-14.4094
-14.0457
-13.6278
-13.1563
-12.6373
-12.0728
-11.4697
-10.8324
-10.1688
-9.48458
-8.78854
-8.08819
-7.3932
-6.71218
-6.05435
-5.42699
-4.8372
-4.29148
-3.79642
-3.3566
-2.97538
-2.65277
-2.43297
-2.27671
-2.14934
-2.02989
-1.95173
-1.84618
-1.84171
-1.65816
-1.81749
-1.30653
-2.10222
-0.334288
-3.65623
-12.1653
-11.8542
-11.5454
-11.2412
-10.9414
-10.6477
-10.3591
-10.0777
-9.80176
-9.53375
-9.27072
-9.01542
-8.76417
-8.5199
-8.27856
-8.04355
-7.81037
-7.58313
-7.35739
-7.13774
-6.91973
-6.70842
-6.49921
-6.29758
-6.09828
-5.90664
-5.71704
-5.53465
-5.3533
-5.17778
-5.00133
-4.82855
-4.65244
-4.47766
-4.29767
-4.11726
-3.93026
-3.74214
-3.5478
-3.35295
-3.15278
-2.95305
-2.7497
-2.54825
-2.34518
-2.1454
-1.94627
-1.75231
-1.56105
-1.37613
-1.19528
-1.02134
-0.852741
-0.691939
-0.538221
-0.393059
-0.255173
-0.124471
0.00038045
0.119572
0.233902
0.343745
0.449999
0.553431
0.655997
0.757815
0.855131
0.955716
1.05506
1.15799
1.26805
1.37512
1.47434
1.55704
1.62209
1.69226
1.63732
2.02524
1.04849
4.13921
-13.6383
-13.8103
-13.9282
-13.9706
-13.954
-13.9013
-13.826
-13.7399
-13.6506
-13.5687
-13.5059
-13.4786
-13.4993
-13.5711
-13.678
-13.7873
-13.8537
-13.8322
-13.689
-13.4213
-13.0678
-12.7038
-12.3992
-12.189
-12.0622
-11.9835
-11.9131
-11.8266
-11.7132
-11.5754
-11.4201
-11.2606
-11.1059
-10.9631
-10.8305
-10.7068
-10.5875
-10.4731
-10.3615
-10.2516
-10.1361
-10.0088
-9.86036
-9.68576
-9.47905
-9.23935
-8.96454
-8.65618
-8.31405
-7.94041
-7.53681
-7.10788
-6.65777
-6.19239
-5.71797
-5.24154
-4.7706
-4.31307
-3.87621
-3.466
-3.08741
-2.74446
-2.44109
-2.18051
-1.96472
-1.79345
-1.66473
-1.59856
-1.56828
-1.55889
-1.55202
-1.57625
-1.57054
-1.65155
-1.55223
-1.76255
-1.30721
-2.09242
-0.345494
-3.58827
-13.4389
-13.2201
-12.9773
-12.7141
-12.4332
-12.1367
-11.8278
-11.5079
-11.18
-10.8449
-10.5052
-10.1612
-9.81453
-9.46544
-9.11512
-8.76356
-8.4113
-8.05888
-7.70646
-7.35517
-7.00498
-6.65739
-6.31236
-5.97227
-5.63675
-5.3088
-4.98789
-4.67707
-4.37544
-4.08586
-3.80646
-3.53966
-3.28284
-3.03774
-2.80113
-2.57432
-2.3537
-2.14077
-1.9322
-1.72948
-1.52979
-1.33497
-1.14301
-0.956144
-0.772901
-0.59602
-0.424906
-0.262368
-0.108302
0.0352037
0.168355
0.28984
0.399653
0.497288
0.582747
0.65651
0.719201
0.772149
0.816324
0.853188
0.883765
0.909676
0.932235
0.953854
0.978072
1.00597
1.03652
1.08687
1.14603
1.21148
1.28643
1.36408
1.43977
1.50707
1.56486
1.61934
1.58398
1.92859
0.996953
4.02427
-5.61302
-5.75915
-5.8553
-5.87824
-5.83985
-5.76398
-5.67876
-5.61263
-5.58598
-5.60845
-5.6765
-5.78079
-5.90827
-6.04541
-6.17384
-6.27172
-6.31468
-6.28352
-6.16925
-5.98104
-5.7491
-5.5244
-5.3636
-5.30233
-5.33525
-5.4224
-5.51276
-5.56577
-5.56177
-5.49902
-5.38651
-5.23673
-5.06484
-4.88389
-4.70251
-4.52194
-4.34112
-4.15889
-3.97842
-3.80306
-3.63659
-3.47873
-3.32831
-3.18207
-3.03802
-2.8936
-2.74824
-2.60039
-2.44963
-2.29471
-2.13621
-1.974
-1.81004
-1.64561
-1.48444
-1.32941
-1.18528
-1.05566
-0.944575
-0.853839
-0.785417
-0.740079
-0.719221
-0.723246
-0.75203
-0.802974
-0.871775
-0.954667
-1.03974
-1.13449
-1.2202
-1.32669
-1.39686
-1.53989
-1.50292
-1.7451
-1.33366
-2.0949
-0.369304
-3.49588
-5.47165
-5.33061
-5.19088
-5.05295
-4.91491
-4.77856
-4.64198
-4.50657
-4.37044
-4.23483
-4.09803
-3.96083
-3.82195
-3.68172
-3.53908
-3.39371
-3.24489
-3.09196
-2.93445
-2.77142
-2.60275
-2.42723
-2.24547
-2.0565
-1.86172
-1.66063
-1.4554
-1.24607
-1.03568
-0.8245
-0.615856
-0.410129
-0.210498
-0.0169438
0.167792
0.344483
0.510942
0.66832
0.815077
0.952756
1.08006
1.19856
1.30716
1.40726
1.49763
1.5792
1.65026
1.71157
1.76128
1.80014
1.82646
1.84161
1.84436
1.83634
1.81664
1.78722
1.74778
1.70058
1.64594
1.58621
1.52223
1.45633
1.39007
1.32701
1.27181
1.22657
1.19212
1.19225
1.21131
1.23727
1.2765
1.32279
1.37495
1.42529
1.47574
1.51607
1.50151
1.80582
0.933963
3.85178
0.153711
0.0456487
-0.0171598
-0.0222233
0.0212703
0.0997554
0.192069
0.275621
0.32732
0.337195
0.306895
0.2523
0.190507
0.140976
0.116883
0.132233
0.193776
0.306645
0.463771
0.653495
0.850424
1.02727
1.14901
1.19346
1.15248
1.05199
0.929582
0.828803
0.77053
0.764051
0.798889
0.866798
0.954309
1.0555
1.1601
1.26848
1.37963
1.50058
1.62883
1.76362
1.89498
2.01951
2.13017
2.22782
2.30857
2.37361
2.41888
2.44467
2.44696
2.42746
2.38397
2.31896
2.23156
2.12509
1.99877
1.85583
1.69563
1.52072
1.33123
1.13062
0.919965
0.702223
0.478046
0.24983
0.0188343
-0.210441
-0.432415
-0.623609
-0.787773
-0.946479
-1.08575
-1.23301
-1.33946
-1.50577
-1.49861
-1.74465
-1.35992
-2.08291
-0.381139
-3.36935
0.280351
0.418874
0.565596
0.718869
0.877153
1.03771
1.19922
1.35961
1.51759
1.67167
1.82061
1.96364
2.09939
2.22775
2.34732
2.45892
2.56102
2.65534
2.74019
2.81843
2.88848
2.95419
3.01374
3.07176
3.12615
3.18188
3.23609
3.29369
3.35079
3.41202
3.4724
3.53596
3.59684
3.65877
3.71539
3.77026
3.81683
3.8588
3.89004
3.91431
3.92582
3.92862
3.91781
3.89763
3.86374
3.82019
3.76324
3.69642
3.61624
3.52615
3.42342
3.31189
3.18952
3.06025
2.92237
2.77967
2.6309
2.47959
2.32519
2.17114
2.01752
1.86745
1.72199
1.58569
1.46308
1.35728
1.26858
1.22696
1.21052
1.20275
1.20973
1.22966
1.25966
1.29579
1.33754
1.36837
1.37366
1.64265
0.836982
3.62776
5.75078
5.73969
5.7485
5.77866
5.81734
5.85707
5.88821
5.90624
5.89791
5.86148
5.79582
5.7177
5.63784
5.57536
5.5348
5.52756
5.5505
5.6077
5.6864
5.78082
5.8695
5.94179
5.97547
5.96564
5.9021
5.80043
5.67411
5.55624
5.45963
5.399
5.36262
5.3458
5.33041
5.31466
5.28838
5.25557
5.21192
5.16838
5.12529
5.09091
5.05793
5.02746
4.99061
4.95049
4.90152
4.84697
4.78028
4.7018
4.60283
4.48266
4.33439
4.15882
3.952
3.71728
3.45371
3.16636
2.85627
2.5299
2.18983
1.84311
1.49287
1.14505
0.801936
0.468058
0.145559
-0.160359
-0.443264
-0.669962
-0.85075
-1.01441
-1.1494
-1.28484
-1.37637
-1.52314
-1.506
-1.7286
-1.34828
-2.02608
-0.351071
-3.19387
5.79461
5.84825
5.90783
5.97428
6.04675
6.12595
6.20973
6.29967
6.39254
6.49041
6.58893
6.69058
6.79013
6.89042
6.98524
7.07784
7.16146
7.23969
7.30539
7.36299
7.40539
7.43789
7.45362
7.459
7.44752
7.42673
7.39053
7.34711
7.29057
7.22968
7.15836
7.08522
7.00362
6.92183
6.83272
6.74372
6.64704
6.54969
6.44359
6.33495
6.21567
6.0917
5.95561
5.81337
5.6583
5.49619
5.32137
5.13927
4.94477
4.74343
4.53147
4.3146
4.08972
3.8627
3.63095
3.39964
3.16662
2.93654
2.70809
2.48558
2.26845
2.06022
1.86128
1.67631
1.50944
1.36357
1.23936
1.16896
1.12862
1.09593
1.08085
1.07967
1.09347
1.11658
1.15243
1.17505
1.19931
1.43427
0.694295
3.3527
14.0357
14.0602
14.0448
13.9843
13.8699
13.7091
13.5098
13.2919
13.0592
12.8223
12.5793
12.3428
12.1134
11.9019
11.702
11.5183
11.3404
11.1713
10.9991
10.8249
10.6349
10.4297
10.1975
9.94462
9.66646
9.37741
9.08006
8.79473
8.52516
8.28639
8.0711
7.88116
7.69947
7.52199
7.33322
7.13474
6.91805
6.68977
6.447
6.2004
5.94759
5.69561
5.43931
5.18559
4.93205
4.6869
4.44781
4.21969
3.99614
3.77769
3.55622
3.33114
3.09548
2.84985
2.5894
2.31699
2.0305
1.73497
1.43052
1.12341
0.815089
0.511486
0.214111
-0.0719188
-0.345137
-0.600527
-0.8326
-1.00895
-1.13874
-1.24506
-1.32196
-1.39484
-1.43073
-1.51891
-1.46392
-1.63884
-1.25355
-1.87944
-0.252304
-2.92509
14.0069
13.9612
13.8943
13.8133
13.7167
13.6117
13.4959
13.3768
13.2504
13.1242
12.9936
12.8658
12.7352
12.609
12.4809
12.3575
12.2316
12.1093
11.9828
11.8578
11.7259
11.5925
11.4489
11.301
11.1401
10.9723
10.7897
10.5992
10.3936
10.1808
9.95414
9.72238
9.47939
9.23415
8.98069
8.7277
8.46925
8.21357
7.95406
7.69807
7.43884
7.18291
6.92328
6.66613
6.40473
6.14486
5.88022
5.61611
5.34708
5.0782
4.80493
4.53258
4.25769
3.98553
3.71302
3.44502
3.17907
2.91985
2.66577
2.4212
2.18507
1.96073
1.74762
1.55026
1.37155
1.21442
1.07916
0.999253
0.948555
0.906256
0.879382
0.868579
0.871485
0.888014
0.917366
0.933454
0.968264
1.17324
0.488939
2.98794
11.43
11.3998
11.371
11.3368
11.2813
11.1956
11.0836
10.9586
10.8302
10.7065
10.5885
10.4821
10.3873
10.3079
10.2367
10.1707
10.0981
10.0156
9.91305
9.79036
9.63989
9.4644
9.25944
9.03238
8.78401
8.52767
8.26838
8.02112
7.78788
7.57633
7.3787
7.19513
7.0141
6.83308
6.63836
6.42598
6.18514
5.9162
5.61421
5.28765
4.93923
4.57814
4.20241
3.81795
3.42485
3.03359
2.64851
2.28066
1.93217
1.60929
1.31003
1.03722
0.786787
0.559911
0.351297
0.161322
-0.0157707
-0.17972
-0.335649
-0.482961
-0.625327
-0.761474
-0.893194
-1.0182
-1.13703
-1.24732
-1.34526
-1.41153
-1.44517
-1.45899
-1.44511
-1.43476
-1.39231
-1.41041
-1.30291
-1.42866
-1.03526
-1.61352
-0.0734472
-2.51803
11.4739
11.5158
11.5511
11.5821
11.6051
11.6231
11.6325
11.6367
11.6323
11.6229
11.6052
11.5832
11.5535
11.5203
11.4803
11.4377
11.3886
11.3371
11.2792
11.2184
11.1501
11.0771
10.9943
10.9044
10.8016
10.6883
10.5584
10.4149
10.2521
10.0733
9.87386
9.65806
9.42207
9.17145
8.90314
8.6236
8.33061
8.0312
7.72314
7.41327
7.0994
6.78798
6.47605
6.16952
5.86499
5.5677
5.27361
4.98723
4.70446
4.42911
4.15708
3.89225
3.63089
3.37683
3.12642
2.88366
2.64529
2.41561
2.1922
1.97926
1.77473
1.58156
1.39794
1.22763
1.07227
0.933975
0.813619
0.742859
0.697769
0.657773
0.633142
0.620197
0.621536
0.633727
0.659651
0.665371
0.704955
0.8786
0.243285
2.50162
6.718
6.70097
6.67224
6.62998
6.56402
6.46748
6.34375
6.20703
6.07167
5.94583
5.83268
5.73296
5.64857
5.57869
5.52158
5.47096
5.42107
5.36389
5.29466
5.20817
5.10317
4.97809
4.835
4.67566
4.50489
4.32722
4.14931
3.97671
3.81516
3.66737
3.53338
3.41089
3.29958
3.20286
3.12496
3.06686
3.02409
2.99048
2.95564
2.90161
2.80297
2.64145
2.41407
2.13413
1.81851
1.48232
1.13442
0.782151
0.431159
0.0889511
-0.237153
-0.538561
-0.808621
-1.04102
-1.23386
-1.38541
-1.49907
-1.57652
-1.62459
-1.64629
-1.6498
-1.63762
-1.6168
-1.58792
-1.55643
-1.52216
-1.48758
-1.44719
-1.39667
-1.32955
-1.24856
-1.17283
-1.07913
-1.04638
-0.914692
-1.00059
-0.645178
-1.13785
0.140418
-1.7534
6.72885
6.73443
6.73614
6.73387
6.72877
6.72052
6.70996
6.69659
6.6812
6.66333
6.64362
6.62175
6.59848
6.5737
6.54823
6.52209
6.49619
6.47065
6.44632
6.42315
6.40165
6.38145
6.36248
6.34392
6.3248
6.30367
6.27874
6.24814
6.20946
6.16075
6.09941
6.02396
5.93214
5.82352
5.69647
5.55202
5.3896
5.21173
5.01854
4.8138
4.59821
4.37626
4.14863
3.92006
3.69086
3.4655
3.2436
3.02901
2.82048
2.62122
2.42914
2.24713
2.07223
1.90722
1.74863
1.59917
1.4551
1.31944
1.18899
1.06677
0.949684
0.839654
0.733482
0.633697
0.540117
0.454259
0.376585
0.334929
0.311443
0.29336
0.284396
0.285386
0.292063
0.30506
0.322784
0.314528
0.335768
0.481298
-0.0836074
1.69125
1.86237
1.73561
1.61005
1.49124
1.3853
1.28833
1.20157
1.12774
1.07869
1.05516
1.05923
1.08195
1.12233
1.17141
1.22922
1.28656
1.34352
1.39151
1.43237
1.45995
1.47914
1.48646
1.48945
1.48662
1.48675
1.48896
1.50201
1.52562
1.57044
1.6386
1.74111
1.87329
2.02672
2.16923
2.26917
2.28927
2.21098
2.02344
1.73989
1.3895
1.02306
0.686063
0.405956
0.179711
-0.0115126
-0.188927
-0.365923
-0.545278
-0.727091
-0.905535
-1.07905
-1.23936
-1.38507
-1.50589
-1.60179
-1.66355
-1.69517
-1.69118
-1.66051
-1.60205
-1.52723
-1.43721
-1.34189
-1.24208
-1.14445
-1.05008
-0.962877
-0.890872
-0.821546
-0.749699
-0.670232
-0.601778
-0.521844
-0.489384
-0.391109
-0.441875
-0.21767
-0.510586
0.204079
-0.755959
1.97125
2.07385
2.17246
2.2652
2.35441
2.43726
2.51634
2.58844
2.65652
2.71694
2.7729
2.82072
2.86387
2.89869
2.92877
2.95075
2.96849
2.97896
2.9861
2.98732
2.98688
2.98228
2.97763
2.9707
2.96521
2.9586
2.9538
2.94781
2.94252
2.93447
2.92439
2.90845
2.88665
2.85535
2.81422
2.76036
2.69383
2.61314
2.51905
2.41187
2.29316
2.1649
2.02918
1.88931
1.74719
1.60682
1.4693
1.33861
1.2145
1.10052
0.995035
0.900893
0.814953
0.739694
0.670861
0.610794
0.554787
0.505418
0.45847
0.416672
0.37649
0.339603
0.302714
0.267122
0.23164
0.196175
0.161163
0.14649
0.139471
0.12979
0.124795
0.122015
0.122197
0.127106
0.139248
0.138248
0.152118
0.222835
-0.0730217
0.724134
)
;

boundaryField
{
    inlet
    {
        type            freestreamPressure;
        freestreamValue uniform 0;
        value           nonuniform List<scalar> 
134
(
2.19503
1.81448
1.36804
0.917622
0.522542
0.178181
-0.0747295
-0.221743
-0.261947
-0.183032
-0.0307018
-0.0346047
-0.0614895
-0.0993053
-0.148204
-0.207819
-0.277791
-0.357682
-0.447669
-0.548916
2.5246
-0.663747
-0.793243
-0.932547
-1.06763
-1.17554
-1.24554
-1.34845
-1.3845
-1.44339
-1.7605
-1.65195
-1.69519
-1.76409
-1.82343
-1.87178
-1.92449
-2.00529
-2.14969
-2.31378
2.79432
3.0218
3.13012
3.06119
2.75802
2.13512
1.09356
-2.58954
-2.55093
-2.47743
-2.43534
-2.40874
-2.37514
-2.33226
-2.28518
-2.23663
-2.18648
-2.1346
-2.08109
-2.02652
-1.97072
-1.91356
-1.85402
-1.79054
-1.72127
-1.64371
-1.60583
-1.57617
-1.5357
-1.48017
-1.40307
-1.28492
-1.10593
-0.769931
-0.331802
0.390162
0.862174
1.34926
1.7972
2.21034
2.58829
2.89539
3.1173
3.26321
3.34256
3.37099
3.36653
3.34333
3.31335
3.29423
3.31506
3.38622
3.46615
3.52437
3.56723
3.60181
3.6285
3.64477
3.64993
3.64551
3.63387
3.62054
3.61596
3.64567
3.7482
3.97649
4.04196
3.90541
3.76849
3.68706
3.61865
3.53878
3.45366
3.37369
3.298
3.22467
3.15068
3.07686
3.00117
2.92348
2.84071
2.7523
2.65395
2.54532
2.41046
2.34384
2.27894
2.18147
2.05484
1.89932
1.693
1.41776
0.95873
0.410659
)
;
    }
    outlet
    {
        type            freestreamPressure;
        freestreamValue uniform 0;
        value           nonuniform List<scalar> 
160
(
0.00385102
0.00416575
0.00345933
0.00445691
0.00307599
0.00474225
0.00271733
0.00501323
0.00239174
0.00527777
0.0020982
0.00552825
0.00185409
0.00577166
0.00167499
0.00599992
0.00158836
0.00621894
0.0015896
0.00642097
0.00167614
0.00661223
0.00181846
0.00678448
0.00200788
0.00694481
0.00221569
0.00708472
0.00243581
0.00721231
0.00264069
0.00731923
0.00282692
0.00741464
0.00297174
0.00749111
0.00308056
0.0075582
0.00314023
0.00761001
0.00316684
0.0076567
0.00315693
0.00769318
0.00313344
0.00772997
0.00309838
0.0077625
0.00307688
0.00780082
0.00307033
0.0078395
0.003101
0.00788672
0.00316654
0.00793555
0.00328711
0.00799162
0.00346038
0.00804591
0.00370372
0.0081002
0.00399978
0.0081439
0.00432751
0.0081759
0.00461903
0.00818507
0.00481406
0.0081682
0.00484261
0.00811522
0.00467109
0.00802348
0.00427463
0.00788614
0.00367317
0.00770224
0.00292283
0.00747016
0.00213343
0.00719204
0.00140522
0.00687223
0.000798382
0.0065154
0.00030538
0.00613176
-0.000113729
0.00572683
-0.000505434
0.00531475
-0.000898529
0.00489951
-0.00130172
0.00449657
-0.00171542
0.00410608
-0.00212924
0.00374263
-0.00253902
0.00340177
-0.00292906
0.00309556
-0.00329624
0.00281386
-0.0036205
0.00256703
-0.00390122
0.00234037
-0.00411656
0.00214315
-0.0042719
0.0019585
-0.00434788
0.00179602
-0.00436085
0.00164038
-0.00429975
0.0015016
-0.00418985
0.00136691
-0.00402764
0.00124243
-0.00383897
0.00111594
-0.00362276
0.000991881
-0.00339881
0.000865755
-0.00317006
0.000737258
-0.00295009
0.000607878
-0.0027596
0.000553968
-0.00257022
0.00053015
-0.00236765
0.000496238
-0.00213894
0.000481062
-0.00193592
0.000474878
-0.0016997
0.000480577
-0.00159882
0.000505258
-0.00130626
0.000559692
-0.00145951
0.000562624
-0.000757763
0.000625345
-0.00166704
0.000927625
0.000775096
-0.000316696
-0.00224633
0.00296606
)
;
    }
    walls
    {
        type            zeroGradient;
    }
    frontAndBack
    {
        type            empty;
    }
}


// ************************************************************************* //
