FoamFile
{
    version     2.0;
    format      ascii;
    class       labelList;
    location    "constant/polyMesh";
    object      owner;
}

450
(
0
1
2
3
0
5
1
6
2
7
3
8
4
5
10
6
11
7
12
8
13
9
10
15
11
16
12
17
13
18
14
15
20
16
21
17
22
18
23
19
0
25
1
26
2
27
3
28
4
5
25
30
6
26
31
7
27
32
8
28
33
9
29
10
30
35
11
31
36
12
32
37
13
33
38
14
34
15
35
40
16
36
41
17
37
42
18
38
43
19
39
20
40
45
21
41
46
22
42
47
23
43
48
24
44
25
50
26
51
27
52
28
53
29
30
50
55
31
51
56
32
52
57
33
53
58
34
54
35
55
60
36
56
61
37
57
62
38
58
63
39
59
40
60
65
41
61
66
42
62
67
43
63
68
44
64
45
65
70
46
66
71
47
67
72
48
68
73
49
69
50
75
51
76
52
77
53
78
54
55
75
80
56
76
81
57
77
82
58
78
83
59
79
60
80
85
61
81
86
62
82
87
63
83
88
64
84
65
85
90
66
86
91
67
87
92
68
88
93
69
89
70
90
95
71
91
96
72
92
97
73
93
98
74
94
75
100
76
101
77
102
78
103
79
80
100
105
81
101
106
82
102
107
83
103
108
84
104
85
105
110
86
106
111
87
107
112
88
108
113
89
109
90
110
115
91
111
116
92
112
117
93
113
118
94
114
95
115
120
96
116
121
97
117
122
98
118
123
99
119
0
5
10
15
20
25
30
35
40
45
50
55
60
65
70
75
80
85
90
95
100
105
110
115
120
0
1
2
3
4
5
6
7
8
9
10
11
12
13
14
15
16
17
18
19
20
21
22
23
24
0
1
2
3
4
25
26
27
28
29
50
51
52
53
54
75
76
77
78
79
100
101
102
103
104
4
9
14
19
24
29
34
39
44
49
54
59
64
69
74
79
84
89
94
99
104
109
114
119
124
20
21
22
23
24
45
46
47
48
49
70
71
72
73
74
95
96
97
98
99
120
121
122
123
124
100
101
102
103
104
105
106
107
108
109
110
111
112
113
114
115
116
117
118
119
120
121
122
123
124
)
