/*--------------------------------*- C++ -*----------------------------------*\
| =========                 |                                                 |
| \\      /  F ield         | OpenFOAM: The Open Source CFD Toolbox           |
|  \\    /   O peration     | Version:  2312                                  |
|   \\  /    A nd           | Website:  www.openfoam.com                      |
|    \\/     M anipulation  |                                                 |
\*---------------------------------------------------------------------------*/
FoamFile
{
    version     2.0;
    format      ascii;
    arch        "LSB;label=32;scalar=64";
    class       volScalarField;
    location    "400";
    object      p;
}
// * * * * * * * * * * * * * * * * * * * * * * * * * * * * * * * * * * * * * //

dimensions      [0 2 -2 0 0 0 0];

internalField   nonuniform List<scalar> 
10720
(
-62.2761
-133.563
-217.411
-300.049
-376.409
-454.197
-523.213
-581.156
-631.493
-670.88
-700.868
-722.954
-738.263
-747.523
-750.911
-747.777
-739.029
-723.617
-702.965
-677.136
-649.49
-623.081
-600.476
-573.518
-533.283
-482.207
-429.83
-384.231
-344.986
-308.069
-271.578
-235.416
-199.629
-163.847
-127.667
-90.0549
-51.5541
-6.9188
26.0036
9.09126
74.1327
143.47
208.205
263.523
305.439
330.179
338.464
336.064
323.159
302.13
278.586
255.04
232.257
210.876
190.764
171.975
154.078
136.804
119.66
102.596
85.3009
67.8676
50.708
35.6899
23.854
14.1395
6.25828
0.395182
-3.48443
-5.62885
-6.1863
-5.23946
-2.79459
1.15692
6.96871
15.2151
29.1385
52.8283
43.2086
-10.9459
-71.6182
-136.057
-202.276
-270.052
-335.831
-397.535
-454.482
-504.913
-548.62
-585.609
-615.786
-639.147
-655.513
-664.578
-667.097
-662.952
-653.195
-638.373
-621.134
-603.837
-587.566
-565.161
-528.413
-479.367
-428.22
-383.16
-344.103
-307.265
-270.802
-234.678
-198.963
-163.276
-127.202
-89.6871
-51.2653
-6.61444
25.694
91.9389
138.39
184.724
229.416
268.801
300.267
320.676
329.369
327.941
317.251
300.068
279.871
258.609
237.222
216.417
196.444
177.43
159.196
141.542
124.14
106.891
89.5894
72.3165
55.4977
40.6056
28.5673
18.6999
10.5892
4.19911
-0.370173
-3.13153
-4.1795
-3.6176
-1.47863
2.23608
7.87096
15.9846
29.8294
52.5883
56.9872
8.33061
-46.4557
-106.946
-169.663
-233.945
-298.227
-359.849
-417.229
-469.367
-515.013
-553.611
-584.856
-608.939
-626.094
-636.737
-640.898
-638.64
-630.61
-617.53
-601.263
-583.838
-566.416
-544.536
-511.363
-467.263
-420.365
-377.832
-340.184
-304.372
-268.757
-233.279
-197.985
-162.549
-126.643
-89.2616
-50.9451
-6.36487
25.8162
100.894
143.551
185.978
226.146
260.847
288.458
306.875
315.793
315.951
308.013
294.06
276.444
256.946
236.734
216.618
197.035
178.184
160.03
142.429
125.14
108.027
90.9525
73.9776
57.4852
42.638
30.3394
20.2184
11.92
5.43017
0.836344
-1.92488
-3.0114
-2.54112
-0.528326
3.05764
8.57902
16.6044
30.3148
52.192
79.5948
38.8064
-7.7897
-59.0323
-112.831
-169.117
-226.225
-282.396
-336.305
-386.797
-432.749
-473.432
-508.382
-537.449
-560.507
-577.681
-588.52
-592.98
-591.374
-584.317
-573.096
-559.259
-543.641
-523.379
-493.544
-454.082
-411.207
-371.127
-334.896
-300.2
-265.573
-230.922
-196.302
-161.406
-125.891
-88.7814
-50.6461
-6.26556
26.0221
116.129
151.216
186.409
220.362
250.08
274.3
291.207
300.32
301.883
296.36
285.347
270.587
253.541
235.309
216.679
198.137
179.954
162.218
144.871
127.769
110.811
93.9226
77.1751
60.9275
46.1392
33.6601
23.3227
14.8038
8.05969
3.15203
0.0247137
-1.42668
-1.27804
0.475851
3.86976
9.25531
17.1819
30.7192
51.7476
85.7203
49.4043
7.72228
-38.45
-87.059
-138.516
-191.446
-244.24
-295.887
-345.228
-391.118
-432.747
-469.435
-500.685
-526.197
-545.659
-558.823
-565.692
-566.505
-561.884
-552.845
-540.678
-526.026
-506.852
-479.344
-443.15
-403.155
-364.862
-329.682
-295.863
-262.078
-228.184
-194.222
-159.894
-124.87
-88.1822
-50.3551
-6.30759
26.0859
118.33
149.48
180.809
211.03
237.501
259.35
275.182
284.416
287.082
283.599
275.12
262.958
248.257
231.977
214.87
197.442
180.031
162.814
145.825
129.008
112.304
95.6855
79.2362
63.2879
48.6325
36.0435
25.5125
16.7825
9.81491
4.67748
1.34362
-0.272279
-0.252154
1.39368
4.69319
9.99187
17.8264
31.1544
51.2945
89.512
57.3599
20.263
-20.7981
-64.0385
-110.159
-157.877
-205.914
-253.53
-299.667
-343.357
-383.831
-420.352
-452.323
-479.318
-500.959
-517.127
-527.627
-532.464
-532.002
-526.916
-518.1
-505.958
-489.017
-464.368
-431.587
-394.628
-358.37
-324.446
-291.578
-258.611
-225.422
-192.08
-158.305
-123.768
-87.5301
-50.0933
-6.52095
25.9715
118.385
145.862
173.697
200.747
224.57
244.522
259.472
268.741
272.236
270.374
263.999
254.125
241.647
227.364
211.951
195.886
179.523
163.091
146.691
130.336
114.02
97.7568
81.6481
66.0089
51.5144
38.8677
28.181
19.2744
12.1144
6.76522
3.21273
1.37356
1.1707
2.6008
5.70582
10.8361
18.5155
31.5746
50.8018
89.4314
60.4138
26.8453
-10.3441
-49.4302
-91.3465
-134.957
-179.14
-223.401
-266.804
-308.507
-347.825
-384.009
-416.412
-444.515
-467.866
-486.057
-498.823
-506.014
-507.91
-505.054
-498.15
-487.518
-472.151
-449.871
-420.174
-386.118
-351.903
-319.271
-287.373
-255.233
-222.734
-189.964
-156.698
-122.651
-86.9002
-49.9241
-6.94301
25.6526
115.516
140.261
165.456
190.043
211.779
230.21
244.408
253.628
257.737
257.143
252.491
244.574
234.096
221.701
207.967
193.32
178.098
162.559
146.851
131.047
115.189
99.3338
83.6015
68.2941
53.9975
41.3503
30.5491
21.4891
14.1477
8.5884
4.8117
2.75266
2.34618
3.59771
6.55373
11.5582
19.112
31.8974
50.2347
87.7514
61.4119
30.8781
-2.91922
-38.3444
-76.456
-116.207
-156.623
-197.379
-237.676
-276.79
-314.148
-349.06
-380.89
-409.079
-433.116
-452.54
-467.111
-476.626
-481.151
-480.985
-476.558
-468.031
-454.674
-434.889
-408.213
-377.02
-344.91
-313.677
-282.848
-251.627
-219.903
-187.774
-155.049
-121.494
-86.2529
-49.829
-7.55768
25.0775
111.465
133.911
156.893
179.43
199.432
216.602
230.124
239.226
243.784
244.171
240.906
234.633
225.911
215.255
203.144
189.936
175.942
161.417
146.533
131.404
116.113
100.749
85.4541
70.5174
56.4641
43.8771
33.0102
23.8308
16.3344
10.5868
6.60443
4.33827
3.73132
4.79286
7.57556
12.4186
19.8022
32.2464
49.6656
84.8556
60.7373
32.7457
1.78538
-30.5644
-65.4265
-101.855
-138.969
-176.588
-214.018
-250.651
-286.027
-319.522
-350.542
-378.536
-402.967
-423.341
-439.291
-450.532
-456.957
-458.733
-456.154
-449.31
-437.682
-420.105
-396.156
-367.645
-337.609
-307.816
-278.096
-247.827
-216.917
-185.47
-153.33
-120.294
-85.5712
-49.7457
-8.27026
24.2272
106.601
127.153
148.298
169.117
187.655
203.756
216.661
225.598
230.47
231.611
229.46
224.553
217.344
208.247
197.652
185.847
173.101
159.649
145.668
131.294
116.644
101.833
87.0184
72.4846
58.7109
46.234
35.3448
26.0755
18.4446
12.5227
8.34083
5.86727
5.05693
5.92697
8.53697
13.2193
20.4287
32.5135
49.0369
81.3077
59.0961
33.299
4.80116
-24.8798
-56.8918
-90.3549
-124.475
-159.173
-193.838
-227.974
-261.213
-293.003
-322.825
-350.15
-374.441
-395.188
-411.986
-424.528
-432.602
-436.213
-435.49
-430.421
-420.607
-405.2
-383.843
-357.917
-329.962
-301.666
-273.104
-243.828
-213.767
-183.036
-151.516
-119.037
-84.8591
-49.6456
-9.02308
23.1512
101.369
120.305
139.881
159.228
176.509
191.676
204.014
212.753
217.831
219.549
218.288
214.505
208.587
200.865
191.655
181.184
169.671
157.322
144.303
130.758
116.821
102.628
88.3476
74.259
60.8089
48.4973
37.6371
28.316
20.5795
14.5056
10.1402
7.47015
6.46193
7.13913
9.56871
14.0741
21.0833
32.7615
48.3778
77.3745
56.8087
32.9131
6.55081
-20.81
-50.3301
-81.183
-112.646
-144.699
-176.813
-208.585
-239.732
-269.771
-298.248
-324.688
-348.577
-369.409
-386.75
-400.238
-409.583
-414.647
-415.457
-411.944
-403.793
-390.383
-371.415
-347.929
-322.017
-295.249
-267.886
-239.636
-210.458
-180.479
-149.611
-117.722
-84.1251
-49.5243
-9.82524
21.9154
95.9811
113.528
131.747
149.818
166.003
180.341
192.148
200.671
205.871
208.026
207.471
204.614
199.785
193.261
185.296
176.067
165.742
154.492
142.463
129.794
116.625
103.103
89.4023
75.7962
62.7096
50.612
39.8281
30.4915
22.6763
16.4707
11.9353
9.07536
7.87168
8.35519
10.6009
14.9216
21.7163
32.9614
47.6832
73.2595
54.1365
31.9118
7.42793
-17.896
-45.2145
-73.7448
-102.82
-132.472
-162.23
-191.766
-220.866
-249.118
-276.139
-301.5
-324.725
-345.331
-362.872
-376.958
-387.273
-393.552
-395.73
-393.677
-387.121
-375.599
-358.863
-337.687
-313.778
-288.564
-262.439
-235.252
-206.994
-177.8
-147.619
-116.354
-83.3779
-49.4004
-10.6925
20.5463
90.5953
106.93
123.96
140.903
156.125
169.714
181.02
189.316
194.572
197.053
197.061
194.961
191.049
185.558
178.7
170.605
161.403
151.224
140.19
128.425
116.066
103.261
90.1829
77.0986
64.4161
52.5813
41.9229
32.611
24.7485
18.436
13.7487
10.7108
9.31799
9.6082
11.6648
15.7883
22.3473
33.1257
46.9581
69.0923
51.2422
30.4984
7.67824
-15.8442
-41.2075
-67.6681
-94.602
-122.08
-149.687
-177.14
-204.294
-230.793
-256.319
-280.501
-302.905
-323.078
-340.583
-355.001
-366.007
-373.244
-376.563
-375.798
-370.702
-360.92
-346.243
-327.236
-305.274
-281.625
-256.769
-230.676
-203.372
-174.999
-145.54
-114.933
-82.6169
-49.295
-11.6255
19.0493
85.301
100.571
116.542
132.482
146.845
159.753
170.585
178.646
183.909
186.629
187.082
185.601
182.456
177.853
171.967
164.898
156.738
147.584
137.53
126.678
115.154
103.099
90.6792
78.1531
65.913
54.3857
43.8997
34.6527
26.7746
20.3804
15.5599
12.3557
10.78
10.8779
12.7415
16.658
22.9642
33.2501
46.205
64.959
48.243
28.823
7.48936
-14.4263
-38.0422
-62.6492
-87.6555
-113.167
-138.803
-164.328
-189.642
-214.446
-238.476
-261.418
-282.887
-302.456
-319.713
-334.229
-345.676
-353.65
-357.923
-358.297
-354.539
-346.364
-333.587
-316.611
-296.527
-274.442
-250.88
-225.909
-199.59
-172.073
-143.371
-113.457
-81.8387
-49.2153
-12.6214
17.4392
80.1613
94.4805
109.509
124.542
138.134
150.414
160.796
168.62
173.852
176.744
177.546
176.57
174.066
170.22
165.184
159.031
151.827
143.64
134.533
124.587
113.908
102.624
90.892
78.9561
67.1942
56.0169
45.7488
36.6076
28.7478
22.2994
17.3668
14.0109
12.2606
12.1685
13.8358
17.5345
23.5693
33.3385
45.4277
60.9154
45.2195
26.9905
6.99478
-13.48
-35.5265
-58.4625
-81.7318
-105.457
-129.29
-153.033
-176.626
-199.815
-222.386
-244.069
-264.529
-283.38
-300.231
-314.665
-326.345
-334.853
-339.893
-341.247
-338.687
-331.975
-320.938
-305.852
-287.569
-267.034
-244.781
-220.955
-195.648
-169.02
-141.11
-111.925
-81.042
-49.1567
-13.6776
15.7286
75.2131
88.6775
102.852
117.067
129.955
141.654
151.61
159.194
164.368
167.375
168.452
167.886
165.918
162.717
158.419
153.08
146.743
139.454
131.25
122.186
112.349
101.848
90.8244
79.5049
68.2525
57.464
47.4568
38.462
30.6548
24.1808
19.1586
15.6666
13.7511
13.4726
14.9406
18.412
24.1586
33.3912
44.6302
56.9985
42.2276
25.0773
6.29333
-12.8818
-33.5083
-54.9323
-76.6281
-98.728
-120.912
-143.017
-165.006
-186.666
-207.825
-228.259
-247.673
-265.723
-282.048
-296.249
-307.982
-316.848
-322.491
-324.672
-323.173
-317.782
-308.333
-294.998
-278.43
-259.418
-238.48
-215.817
-191.549
-165.842
-138.758
-110.337
-80.2262
-49.1162
-14.7874
13.9236
70.4773
83.1682
96.566
110.033
122.275
133.435
142.987
150.33
155.424
158.504
159.794
159.562
158.04
155.388
151.727
147.105
141.55
135.086
127.73
119.515
110.504
100.786
90.4821
79.7998
69.0852
58.7201
49.0137
40.2046
32.4849
26.0149
20.9272
17.3168
15.2472
14.7868
16.0538
19.2886
24.7309
33.4106
43.8163
53.2333
39.304
23.1364
5.45739
-12.5389
-31.8743
-51.9261
-72.1902
-92.8086
-113.487
-134.082
-154.579
-174.802
-194.61
-213.822
-232.181
-249.381
-265.095
-278.945
-290.588
-299.654
-305.746
-308.611
-308.035
-303.822
-295.811
-284.089
-269.143
-251.617
-231.993
-210.504
-187.296
-162.537
-136.313
-108.692
-79.3911
-49.0912
-15.9428
12.0306
65.9644
77.952
90.6382
103.418
115.064
125.718
134.887
141.991
146.987
150.108
151.56
151.598
150.449
148.262
145.152
141.159
136.303
130.591
124.024
116.615
108.403
99.4583
89.8771
79.8455
69.6905
59.7791
50.41
41.8242
34.2268
27.7911
22.6629
18.953
16.7417
16.1056
17.1703
20.1606
25.2841
33.3988
42.99
49.6337
36.4747
21.2101
4.53983
-12.3783
-30.538
-49.3358
-68.2948
-87.5589
-106.856
-126.059
-145.176
-164.053
-182.582
-200.612
-217.923
-234.248
-249.288
-262.698
-274.136
-283.265
-289.672
-293.086
-293.299
-290.128
-283.411
-273.167
-259.744
-243.656
-225.333
-205.025
-182.893
-159.109
-133.776
-106.991
-78.5352
-49.0812
-17.1347
10.0608
61.6785
73.0214
85.0523
97.1973
108.291
118.471
127.274
134.141
139.029
142.163
143.737
143.995
143.155
141.363
138.727
135.285
131.049
126.017
120.177
113.524
106.079
97.8875
89.0239
79.6493
70.0703
60.6378
51.6381
43.311
35.8696
29.4989
24.3563
20.5672
18.2277
17.4235
18.286
21.0247
25.8164
33.3583
42.1564
46.2068
33.7576
19.3231
3.58307
-12.3489
-29.4288
-47.0788
-64.8411
-82.8657
-100.894
-118.816
-136.653
-154.275
-171.594
-188.492
-204.778
-220.22
-234.55
-247.452
-258.599
-267.675
-274.277
-278.118
-278.992
-276.73
-271.168
-262.27
-250.269
-235.562
-218.519
-199.391
-178.347
-155.561
-131.149
-105.231
-77.6574
-49.0841
-18.3546
8.02615
57.6189
68.3674
79.7921
91.3488
101.925
111.66
120.113
126.749
131.52
134.644
136.309
136.744
136.162
134.705
132.478
129.516
125.829
121.408
116.233
110.284
103.564
96.0981
87.9383
79.2208
70.2291
61.2953
52.6927
44.6563
37.4035
31.1278
25.9974
22.1505
19.6978
18.7343
19.3957
21.8774
26.3263
33.2917
41.3197
42.9561
31.1634
17.4966
2.61505
-12.4077
-28.4951
-45.0883
-61.753
-78.6379
-95.4988
-112.238
-128.89
-145.339
-161.521
-177.341
-192.635
-207.202
-220.804
-233.152
-243.94
-252.868
-259.563
-263.72
-265.136
-263.656
-259.116
-251.435
-240.754
-227.363
-211.571
-193.615
-173.666
-151.896
-128.432
-103.415
-76.7557
-49.097
-19.5936
5.9396
53.7814
63.9802
74.8419
85.8506
95.9418
105.254
113.376
119.783
124.431
127.532
129.261
129.837
129.47
128.298
126.423
123.879
120.676
116.802
112.229
106.93
100.89
94.1171
86.6412
78.5739
70.1734
61.7525
53.5699
45.8528
38.819
32.668
27.5764
23.6937
21.144
20.0313
20.4942
22.7149
26.8124
33.2016
40.4845
39.881
28.698
15.7445
1.65909
-12.5241
-27.694
-43.3132
-58.966
-74.8004
-90.585
-106.234
-121.787
-137.146
-152.262
-167.059
-181.4
-195.109
-207.977
-219.74
-230.12
-238.826
-245.525
-249.896
-251.747
-250.931
-247.288
-240.701
-231.235
-219.09
-204.512
-187.713
-168.86
-148.121
-125.629
-101.541
-75.828
-49.1158
-20.8424
3.8155
50.1616
59.8485
70.1849
80.6809
90.3168
99.2308
107.034
113.22
117.741
120.803
122.575
123.265
123.077
122.147
120.574
118.394
115.617
112.23
108.202
103.496
98.0892
91.9719
85.1544
77.7234
69.912
62.0128
54.2682
46.8949
40.1082
34.11
29.0835
25.1878
22.558
21.3075
21.5758
23.5334
27.2733
33.0909
39.6553
36.9795
26.3645
14.075
0.730933
-12.6731
-26.9932
-41.7103
-56.4284
-71.2908
-86.0816
-100.721
-115.258
-129.602
-143.72
-157.554
-170.983
-183.86
-195.999
-207.163
-217.096
-225.524
-232.15
-236.652
-238.837
-238.577
-235.712
-230.102
-221.748
-210.773
-197.364
-181.701
-163.94
-144.241
-122.741
-99.6103
-74.8723
-49.1358
-22.0907
1.66875
46.7513
55.9606
65.805
75.8198
85.0267
93.5635
101.062
107.031
111.423
114.438
116.236
117.016
116.978
116.253
114.94
113.077
110.675
107.72
104.18
100.015
95.1924
89.6895
83.4994
76.6856
69.4564
62.0821
54.788
47.779
41.2641
35.4452
30.5095
26.6234
23.9315
22.5555
22.6348
24.329
27.7077
32.962
38.8367
34.2475
24.1629
12.4946
-0.157274
-12.8379
-26.3666
-40.2469
-54.0982
-68.0619
-81.9312
-95.6369
-109.229
-122.63
-135.815
-148.741
-161.306
-173.382
-184.805
-195.365
-204.828
-212.936
-219.426
-223.982
-226.417
-226.612
-224.415
-219.669
-212.327
-202.445
-190.153
-175.599
-158.921
-140.266
-119.774
-97.6239
-73.8859
-49.1516
-23.3295
-0.48655
43.5423
52.3058
61.6881
71.2491
80.0515
88.2301
95.4372
101.195
105.456
108.417
110.228
111.079
111.164
110.616
109.526
107.939
105.865
103.292
100.189
96.5141
92.2276
87.2966
81.6997
75.4797
68.8198
61.9681
55.1322
48.5028
42.281
36.6657
31.8452
27.9912
25.2558
23.7677
23.6652
25.0978
28.1146
32.8178
38.0328
31.6798
22.0923
11.0061
-0.997621
-13.0029
-25.7944
-38.8956
-51.9418
-65.0703
-78.0867
-90.9258
-103.641
-116.163
-128.477
-140.551
-152.297
-163.606
-174.333
-184.293
-193.272
-201.03
-207.333
-211.88
-214.489
-215.048
-213.419
-209.433
-203.005
-194.138
-182.907
-169.427
-153.814
-136.204
-116.733
-95.5826
-72.8667
-49.1567
-24.548
-2.63487
40.5268
48.8712
57.8192
66.9526
75.372
83.2092
90.1364
95.6891
99.8214
102.722
104.534
105.44
105.629
105.23
104.334
102.987
101.2
98.9656
96.2527
93.0187
89.2208
84.8186
79.7785
74.1247
68.0167
61.6801
55.3045
49.0662
43.1552
37.7647
33.0825
29.2826
26.5222
24.9362
24.6606
25.8357
28.493
32.6604
37.2475
29.2702
20.1503
9.61112
-1.78471
-13.1576
-25.2604
-37.6342
-49.9303
-62.2828
-74.506
-86.54
-98.44
-110.145
-121.646
-132.92
-143.893
-154.471
-164.528
-173.897
-182.387
-189.775
-195.852
-200.337
-203.053
-203.897
-202.744
-199.421
-193.813
-185.88
-175.652
-163.206
-148.638
-132.067
-113.622
-93.4884
-71.8112
-49.145
-25.7357
-4.76129
37.696
45.6465
54.1843
62.9127
70.9689
78.4812
85.1404
90.4951
94.499
97.3346
99.1403
100.089
100.364
100.092
99.3636
98.2247
96.6905
94.7543
92.3878
89.5498
86.1955
82.2789
77.7576
72.6399
67.0624
61.2292
55.3117
49.4707
43.8839
38.7371
34.2139
30.4889
27.7223
26.0534
25.615
26.5388
28.8417
32.4922
36.4842
27.0127
18.3335
8.30918
-2.51511
-13.2949
-24.7527
-36.4462
-48.0423
-59.6712
-71.1556
-82.4412
-93.5823
-104.525
-115.268
-125.793
-136.038
-145.922
-155.336
-164.129
-172.132
-179.14
-184.961
-189.342
-192.108
-193.167
-192.408
-189.657
-184.78
-177.701
-168.413
-156.959
-143.409
-127.865
-110.449
-91.3417
-70.7178
-49.1086
-26.8822
-6.85055
35.0415
42.6202
50.7701
59.1142
66.8258
74.0286
80.4301
85.5935
89.471
92.2397
94.0315
95.0113
95.3588
95.1956
94.6121
93.6548
92.3415
90.6682
88.6094
86.1257
83.1721
79.6991
75.658
71.0439
65.9729
60.6275
55.1612
49.7194
44.4666
39.5783
35.2328
31.6024
28.8481
27.1116
26.5219
27.2031
29.1598
32.3148
35.7461
24.9011
16.6373
7.0994
-3.18664
-13.409
-24.261
-35.3174
-46.2587
-57.2118
-68.0068
-78.5952
-89.03
-99.2638
-109.298
-119.122
-128.682
-137.91
-146.709
-154.946
-162.469
-169.091
-174.636
-178.877
-181.646
-182.86
-182.421
-180.162
-175.932
-169.631
-161.219
-150.709
-138.146
-123.612
-107.221
-89.1468
-69.5832
-49.0407
-27.9785
-8.88741
32.5543
39.7817
47.5642
55.5442
62.9274
69.8353
75.9894
80.9674
84.7208
87.4211
89.1937
90.1963
90.6032
90.5335
90.0757
89.277
88.1576
86.7158
84.9294
82.7617
80.1684
77.0991
73.5001
69.3565
64.7651
59.8881
54.8621
49.8173
44.9038
40.2859
36.1338
32.6161
29.8918
28.1035
27.3754
27.8245
29.4463
32.1297
35.0355
22.9284
15.0578
5.97898
-3.79817
-13.4962
-23.7785
-34.2363
-44.5651
-54.8855
-65.0371
-74.9748
-84.7516
-94.3233
-103.697
-112.864
-121.781
-130.39
-138.604
-146.307
-153.361
-159.597
-164.852
-168.929
-171.66
-172.977
-172.795
-170.952
-167.292
-161.694
-154.095
-144.478
-132.866
-119.322
-103.945
-86.9047
-68.4055
-48.9347
-29.0138
-10.8581
30.2259
37.1209
44.5552
52.1884
59.2591
65.8857
71.8021
76.6008
80.2328
82.8638
84.6134
85.6317
86.0883
86.0987
85.7498
85.0897
84.1401
82.9022
81.3569
79.4702
77.2
74.4963
71.3026
67.5952
63.4547
59.0244
54.4246
49.7704
45.1977
40.8582
36.913
33.5236
30.8463
29.022
28.1697
28.3994
29.7001
31.9382
34.3541
21.088
13.5897
4.94574
-4.35025
-13.5538
-23.2998
-33.1946
-42.9481
-52.6761
-62.2261
-71.5553
-80.7177
-89.6725
-98.4283
-106.982
-115.297
-123.321
-130.981
-138.172
-144.771
-150.627
-155.585
-159.476
-162.141
-163.517
-163.535
-162.044
-158.881
-153.917
-147.066
-138.29
-127.589
-115.007
-100.632
-84.6194
-67.1824
-48.7815
-29.9794
-12.7492
28.0484
34.6279
41.7315
49.0345
55.8071
62.1648
67.8534
72.4787
75.9923
78.5539
80.2773
81.3056
81.8034
81.8829
81.6284
81.0893
80.2888
79.2304
77.8981
76.2611
74.2801
71.906
69.0814
65.7767
62.0575
58.0499
53.8592
49.5862
45.3521
41.2957
37.5671
34.3202
31.7052
29.8606
28.8991
28.9239
29.9201
31.7407
33.7031
19.3734
12.228
3.9966
-4.84401
-13.5805
-22.8199
-32.1847
-41.3973
-50.5695
-59.5556
-68.3164
-76.9045
-85.2829
-93.4623
-101.443
-109.192
-116.668
-123.803
-130.508
-136.669
-142.15
-146.811
-150.503
-153.075
-154.475
-154.645
-153.447
-150.717
-146.32
-140.155
-132.166
-122.333
-110.683
-97.2891
-82.2949
-65.912
-48.5758
-30.8656
-14.5482
26.0136
32.2932
39.0825
46.0711
52.5591
58.6594
64.1294
68.5873
71.9857
74.478
76.1729
77.2067
77.7381
77.8773
77.7053
77.2723
76.6027
75.702
74.5576
73.1422
71.419
69.3411
66.8516
63.9165
60.5888
56.9787
53.1776
49.2728
45.3717
41.5996
38.0949
35.0017
32.4634
30.6134
29.5584
29.3947
30.1051
31.5375
33.0827
17.7782
10.968
3.12791
-5.28074
-13.5755
-22.3367
-31.2016
-39.9053
-48.5552
-57.0129
-65.2412
-73.2922
-81.1321
-88.7725
-96.2165
-103.437
-110.397
-117.039
-123.28
-129.021
-134.14
-138.505
-141.989
-144.45
-145.844
-146.126
-145.169
-142.814
-138.922
-133.384
-126.127
-117.118
-106.365
-93.9276
-79.9347
-64.5935
-48.3106
-31.6652
-16.2444
24.1138
30.1086
36.5983
43.2869
49.5029
55.357
60.6167
64.9138
68.2001
70.624
72.2884
73.3237
73.8831
74.0733
73.9734
73.6332
73.0788
72.3169
71.3383
70.119
68.6254
66.8129
64.6263
62.0289
59.0629
55.824
52.3912
48.8395
45.2627
41.7729
38.496
35.5656
33.1165
31.2756
30.1432
29.8084
30.2538
31.3284
32.4927
16.2959
9.80428
2.33623
-5.66253
-13.5392
-21.848
-30.2409
-38.4654
-46.6244
-54.5855
-62.3152
-69.8632
-77.1994
-84.3358
-91.2785
-98.0038
-104.48
-110.656
-116.459
-121.801
-126.569
-130.645
-133.915
-136.252
-137.617
-137.977
-137.216
-135.184
-131.74
-126.771
-120.194
-111.962
-102.067
-90.5568
-77.544
-63.2265
-47.9803
-32.3707
-17.8281
22.3416
28.0655
34.2695
40.6714
46.6277
52.2458
57.3036
61.4455
64.623
66.9795
68.6125
69.6463
70.2285
70.4625
70.4254
70.1669
69.7133
69.0739
68.2415
67.1955
65.9057
64.3304
62.4168
60.1266
57.4929
54.5988
51.5118
48.2957
45.032
41.8194
38.7716
36.0105
33.6612
31.8429
30.6494
30.1621
30.3648
31.1127
31.9318
14.9204
8.73187
1.61779
-5.99159
-13.4719
-21.3523
-29.299
-37.0713
-44.768
-52.2627
-59.5247
-66.6019
-73.4668
-80.1326
-86.6062
-92.8681
-98.8909
-104.63
-110.02
-114.98
-119.413
-123.206
-126.263
-128.466
-129.785
-130.194
-129.592
-127.836
-124.789
-120.335
-114.385
-106.881
-97.8047
-87.1873
-75.1279
-61.8102
-47.5802
-32.9757
-19.2902
20.6899
26.1556
32.0871
38.2151
43.9227
49.3149
54.1789
58.1708
61.2431
63.5334
65.1341
66.1635
66.7642
67.0364
67.0541
66.8671
66.5024
65.9704
65.2669
64.3741
63.2649
61.9011
60.2326
58.2207
55.8909
53.3149
50.5507
47.6515
44.6873
41.7445
38.924
36.3362
34.0955
32.3123
31.0738
30.4532
30.4369
30.8894
31.3985
13.6456
7.74582
0.968742
-6.27037
-13.3745
-20.8492
-28.3737
-35.7193
-42.9798
-50.0359
-56.8588
-63.4946
-69.9182
-76.1438
-82.1793
-88.0079
-93.6061
-98.9348
-103.935
-108.535
-112.646
-116.168
-119.013
-121.077
-122.336
-122.773
-122.297
-120.776
-118.078
-114.089
-108.715
-101.892
-93.5905
-83.8293
-72.6921
-60.3466
-47.1061
-33.4749
-20.6241
19.1519
24.3713
30.0426
35.9087
41.3784
46.5539
51.2314
55.0791
58.0494
60.2746
61.8425
62.8656
63.4809
63.7858
63.8516
63.7275
63.4408
63.0035
62.4134
61.6557
60.7064
59.5306
58.0813
56.3207
54.2678
51.9841
49.5188
46.9166
44.2368
41.5539
38.9568
36.5439
34.4186
32.6817
31.4136
30.6795
30.4684
30.6571
30.8902
12.466
6.84121
0.385279
-6.50155
-13.2486
-20.3384
-27.4634
-34.4056
-41.2553
-47.8984
-54.3086
-60.5306
-66.5412
-72.3547
-77.9802
-83.4036
-88.6044
-93.5482
-98.1822
-102.443
-106.248
-109.509
-112.147
-114.071
-115.259
-115.705
-115.329
-114.008
-111.617
-108.046
-103.2
-97.0103
-89.4385
-80.4933
-70.2425
-58.8366
-46.5561
-33.8647
-21.8238
17.7208
22.7054
28.128
33.7434
38.9852
43.9529
48.4512
52.1599
55.0314
57.1929
58.728
59.7426
60.3697
60.7028
60.8106
60.7415
60.5235
60.1695
59.679
59.0404
58.2323
57.2233
55.9699
54.4351
52.6332
50.6167
48.427
46.1012
43.6891
41.2545
38.8746
36.6361
34.6311
32.9504
31.6674
30.8393
30.4582
30.4139
30.4041
11.3756
6.01338
-0.136467
-6.68783
-13.0955
-19.82
-26.5663
-33.1273
-39.5893
-45.8433
-51.8658
-57.6994
-63.3228
-68.751
-73.9934
-79.0379
-83.867
-88.4504
-92.7409
-96.6811
-100.198
-103.21
-105.647
-107.43
-108.543
-108.984
-108.685
-107.533
-105.412
-102.215
-97.8519
-92.2482
-85.361
-77.1889
-67.7859
-57.2829
-45.9288
-34.142
-22.8857
16.3907
21.1509
26.3356
31.7113
36.7346
41.5029
45.8287
49.4031
52.1793
54.2787
55.7807
56.7857
57.4217
57.7786
57.9231
57.9024
57.7449
57.4639
57.0612
56.5272
55.8435
54.9821
53.903
52.5709
50.9955
49.222
47.285
45.2149
43.0532
40.8538
38.683
36.6162
34.7345
33.1185
31.8341
30.9314
30.4049
30.158
29.9369
10.3695
5.25768
-0.600253
-6.83209
-12.9171
-19.2948
-25.6823
-31.8826
-37.9783
-43.8658
-49.5232
-54.9923
-60.2528
-65.3202
-70.2043
-74.895
-79.3768
-83.6232
-87.5919
-91.2317
-94.4762
-97.2514
-99.4959
-101.141
-102.174
-102.6
-102.36
-101.351
-99.4663
-96.6056
-92.6804
-87.6173
-81.3688
-73.9258
-65.3282
-55.6886
-45.2236
-34.3055
-23.807
15.1555
19.7012
24.6585
29.8042
34.6182
39.1948
43.3549
46.8002
49.4838
51.5224
52.9915
53.9857
54.6281
55.0055
55.1818
55.2036
55.0989
54.8822
54.5565
54.1144
53.5403
52.8093
51.8849
50.7339
49.3623
47.8086
46.102
44.267
42.3379
40.3595
38.3882
36.4888
34.7316
33.1872
31.9141
30.9552
30.3073
29.8871
29.4849
9.44228
4.56972
-1.00973
-6.93692
-12.7151
-18.7633
-24.8105
-30.6694
-36.4187
-41.9608
-47.2752
-52.4018
-57.3222
-62.0519
-66.6011
-70.9608
-75.1185
-79.0501
-82.7179
-86.0757
-89.0643
-91.6164
-93.677
-95.188
-96.1402
-96.5435
-96.3471
-95.4594
-93.7817
-91.2213
-87.6938
-83.1274
-77.4725
-70.7127
-62.8767
-54.0579
-44.4419
-34.3551
-24.5866
14.0093
18.3502
23.0894
28.015
32.6283
37.0209
41.0213
44.342
46.9361
48.9156
50.3516
51.3338
51.9806
52.3752
52.5792
52.6382
52.5799
52.4194
52.1611
51.7996
51.322
50.7057
49.9183
48.9285
47.7397
46.3843
44.8867
43.2666
41.5519
39.7797
37.9973
36.2594
34.6264
33.1589
31.9081
30.9106
30.1645
29.5992
29.0442
8.58922
3.94499
-1.36843
-7.00516
-12.4916
-18.2263
-23.9507
-29.4863
-34.9087
-40.1249
-45.1163
-49.9211
-54.5226
-58.9363
-63.1722
-67.2231
-71.078
-74.7158
-78.1026
-81.1969
-83.9454
-86.2875
-88.1742
-89.5562
-90.4281
-90.8035
-90.6394
-89.8542
-88.3579
-86.0656
-82.8979
-78.7866
-73.6805
-67.5583
-60.438
-52.3951
-43.5861
-34.2922
-25.2254
12.9468
17.0917
21.6222
26.3367
30.7573
34.9732
38.8199
42.0202
44.5278
46.4496
47.8527
48.8222
49.4712
49.8802
50.1081
50.1994
50.1819
50.0706
49.8713
49.5804
49.187
48.6717
48.0053
47.1588
46.1331
44.9557
43.6468
42.2221
40.704
39.1228
37.5176
35.9343
34.4235
33.0368
31.8182
30.7982
29.976
29.292
28.611
7.80554
3.37955
-1.67996
-7.03962
-12.2481
-17.6851
-23.1029
-28.3323
-33.4455
-38.3544
-43.0414
-47.544
-51.8466
-55.9644
-59.9076
-63.6701
-67.2428
-70.6066
-73.7313
-76.5797
-79.1037
-81.2492
-82.9721
-84.2314
-85.0247
-85.3688
-85.2281
-84.5297
-83.1927
-81.1396
-78.2973
-74.6009
-70.0002
-64.4699
-58.0187
-50.7057
-42.6598
-34.1193
-25.725
11.9628
15.9203
20.2508
24.7628
28.9985
33.0445
36.7431
39.8273
42.251
44.1163
45.4868
46.4426
47.0922
47.5131
47.7615
47.881
47.8988
47.8305
47.6826
47.4534
47.1337
46.7071
46.1472
45.4274
44.5469
43.5286
42.3894
41.1414
39.8025
38.3971
36.957
35.5202
34.1285
32.8251
31.6471
30.6192
29.7413
28.9634
28.1812
7.08678
2.86935
-1.94757
-7.04296
-11.9869
-17.1406
-22.2674
-27.2069
-32.0276
-36.6463
-41.0471
-45.2658
-49.2878
-53.1286
-56.7982
-60.2916
-63.601
-66.7096
-69.5904
-72.2097
-74.5246
-76.4863
-78.056
-79.1992
-79.9169
-80.2283
-80.104
-79.4792
-78.2822
-76.4424
-73.8935
-70.5748
-66.4376
-61.4542
-55.6254
-48.9953
-41.6674
-33.8403
-26.0884
11.0524
14.8303
18.9694
23.2871
27.3453
31.2277
34.7837
37.7558
40.0983
41.9085
43.2464
44.1878
44.8365
45.2667
45.5326
45.6764
45.7249
45.694
45.591
45.4154
45.1601
44.8108
44.3444
43.7365
42.9848
42.1082
41.1208
40.0318
38.8553
37.6106
36.3234
35.0244
33.7477
32.5288
31.398
30.3754
29.4604
28.6116
27.751
6.42862
2.41064
-2.17454
-7.01776
-11.7098
-16.5941
-21.4445
-26.1092
-30.6535
-34.9983
-39.1295
-43.0812
-46.8403
-50.4216
-53.8357
-57.078
-60.1421
-63.0132
-65.6672
-68.0736
-70.1939
-71.9846
-73.4114
-74.4459
-75.0919
-75.3702
-75.257
-74.6952
-73.6211
-71.9718
-69.687
-66.711
-62.9975
-58.517
-53.2642
-47.2699
-40.6146
-33.4602
-26.3205
10.2109
13.817
17.7723
21.9036
25.7912
29.5164
32.935
35.7988
38.0623
39.8186
41.1243
42.0506
42.6969
43.1343
43.4149
43.5794
43.6546
43.6561
43.5919
43.4628
43.2634
42.9817
42.5971
42.0876
41.4497
40.6989
39.8466
38.9001
37.87
36.7715
35.6249
34.4545
33.2879
32.1532
31.0752
30.0691
29.134
28.235
27.3168
5.82708
1.9997
-2.36389
-6.9666
-11.4184
-16.0467
-20.6348
-25.039
-29.3216
-33.408
-37.2852
-40.986
-44.4985
-47.8372
-51.0124
-54.0207
-56.8566
-59.507
-61.9501
-64.159
-66.0987
-67.7308
-69.0249
-69.9583
-70.5365
-70.7823
-70.6766
-70.169
-69.2033
-67.7239
-65.6767
-63.0111
-59.6832
-55.6634
-50.9411
-45.5357
-39.5073
-32.985
-26.4265
9.43381
12.8754
16.6545
20.6069
24.3306
27.9044
31.1905
33.9494
36.1364
37.8401
39.1137
40.0241
40.6666
41.1093
41.402
41.5843
41.6823
41.7116
41.681
41.5923
41.4413
41.2181
40.905
40.4817
39.9441
39.3044
38.572
37.7525
36.8537
35.8874
34.8692
33.8183
32.756
31.7046
30.6833
29.7033
28.7628
27.8323
26.8754
5.27822
1.63318
-2.51871
-6.89179
-11.1149
-15.4994
-19.8383
-23.9957
-28.0308
-31.8734
-35.5114
-38.9764
-42.2578
-45.3693
-48.3216
-51.1116
-53.7351
-56.1804
-58.4282
-60.4538
-62.2265
-63.7119
-64.8835
-65.7232
-66.2385
-66.453
-66.3519
-65.8913
-65.0216
-63.6938
-61.8601
-59.4747
-56.4968
-52.8973
-48.6615
-43.7991
-38.3525
-32.4216
-26.413
8.71692
12.0008
15.6111
19.3915
22.9576
26.3858
29.5439
32.2016
34.3142
35.9663
37.2079
38.1019
38.7393
39.1855
39.488
39.6852
39.8026
39.8558
39.854
39.7999
39.6908
39.5183
39.2674
38.9195
38.4697
37.9278
37.3015
36.5947
35.8132
34.9658
34.0643
33.1234
32.1595
31.1893
30.2274
29.2814
28.3483
27.4027
26.4238
4.77841
1.30778
-2.6418
-6.79568
-10.8011
-14.9535
-19.0558
-22.9792
-26.7803
-30.3926
-33.8054
-37.0488
-40.1134
-43.0126
-45.7568
-48.3435
-50.7696
-53.0245
-55.0911
-56.9474
-58.5659
-59.9159
-60.9746
-61.7279
-62.1851
-62.3703
-62.2721
-61.8525
-61.068
-59.8755
-58.2335
-56.1006
-53.4395
-50.2218
-46.4302
-42.0663
-37.1573
-31.7776
-26.2873
8.05623
11.1891
14.6373
18.2527
21.6673
24.9551
27.9898
30.5494
32.5897
34.1913
35.401
36.2779
36.9091
37.357
37.6671
37.8768
38.0106
38.084
38.1068
38.0824
38.0092
37.8805
37.6832
37.4009
37.028
36.572
36.039
35.4318
34.7546
34.0137
33.2177
32.3777
31.5056
30.614
29.713
28.8072
27.8922
26.9458
25.9597
4.32415
1.02037
-2.73581
-6.68049
-10.4783
-14.41
-18.2875
-21.9892
-25.569
-28.9639
-32.1646
-35.2
-38.0612
-40.7618
-43.3118
-45.7094
-47.9521
-50.0305
-51.9294
-53.6293
-55.1055
-56.3312
-57.2862
-57.9605
-58.3643
-58.5224
-58.4261
-58.0425
-57.3336
-56.2623
-54.7921
-52.8863
-50.5111
-47.6393
-44.2517
-40.3434
-35.9288
-31.061
-26.0575
7.44789
10.436
13.7287
17.1857
20.4545
23.607
26.5225
28.9871
30.9571
32.5092
33.6871
34.5465
35.1702
35.6183
35.9341
36.1537
36.3012
36.3917
36.4354
36.4362
36.3937
36.3025
36.1516
35.9262
35.6201
35.2392
34.788
34.2685
33.6836
33.0375
32.3365
31.5885
30.8019
29.9854
29.1457
28.2847
27.3967
26.4617
25.4811
3.91216
0.768
-2.80336
-6.54832
-10.1484
-13.8701
-17.5342
-21.0257
-24.3961
-27.5859
-30.5869
-33.4267
-36.0976
-38.6125
-40.9813
-43.2027
-45.275
-47.19
-48.934
-50.4898
-51.8351
-52.9466
-53.8069
-54.4089
-54.7643
-54.8975
-54.8026
-54.4509
-53.8096
-52.8467
-51.5305
-49.8286
-47.7108
-45.1512
-42.1296
-38.6361
-34.6749
-30.2801
-25.732
6.88837
9.7377
12.8813
16.1859
19.3145
22.3368
25.137
27.5096
29.4111
30.9145
32.0608
32.902
33.5173
33.9641
34.2837
34.5112
34.6698
34.7746
34.8358
34.8579
34.8415
34.7823
34.6711
34.4948
34.2468
33.9312
33.5515
33.1089
32.6053
32.0435
31.4276
30.763
30.0554
29.3103
28.5315
27.7185
26.8645
25.9508
24.9867
3.53933
0.547867
-2.84679
-6.40117
-9.8128
-13.3348
-16.7962
-20.0886
-23.2608
-26.257
-29.0701
-31.7262
-34.2187
-36.5601
-38.7599
-40.8176
-42.7318
-44.4955
-46.0965
-47.5194
-48.7446
-49.7515
-50.5255
-51.062
-51.3736
-51.4843
-51.3905
-51.0673
-50.4866
-49.6208
-48.4424
-46.9235
-45.0368
-42.7581
-40.0671
-36.95
-33.4024
-29.4436
-25.3197
6.37424
9.09059
12.0909
15.2492
18.243
21.1395
23.8284
26.1117
27.9465
29.4021
30.5169
31.3393
31.9453
32.3895
32.7113
32.9446
33.1122
33.2287
33.3044
33.3444
33.3499
33.3179
33.2406
33.1066
32.9087
32.6496
32.3321
31.9568
31.5246
31.0372
30.4973
29.9081
29.2731
28.5953
27.8761
27.1131
26.2983
25.4142
24.4753
3.20274
0.357328
-2.86841
-6.24084
-9.47297
-12.8049
-16.0739
-19.1776
-22.1624
-24.976
-27.6121
-30.0958
-32.4211
-34.6003
-36.6427
-38.5481
-40.3158
-41.9395
-43.4086
-44.7094
-45.8245
-46.7359
-47.4313
-47.9086
-48.1807
-48.2716
-48.1788
-47.8813
-47.355
-46.5762
-45.5214
-44.1662
-42.4866
-40.4603
-38.0667
-35.2899
-32.1186
-28.5597
-24.8296
5.90226
8.49115
11.3539
14.3717
17.2355
20.0109
22.5922
24.7888
26.5586
27.9672
29.0505
29.8537
30.4494
30.8897
31.2123
31.4497
31.6242
31.75
31.8376
31.8924
31.9163
31.9072
31.8588
31.7608
31.606
31.3958
31.1322
30.8154
30.4457
30.024
29.5515
29.0302
28.4615
27.8468
27.1853
26.4732
25.7015
24.8533
23.9469
2.89956
0.193918
-2.87035
-6.06919
-9.13028
-12.2814
-15.3676
-18.2924
-21.1002
-23.7415
-26.211
-28.5327
-30.7015
-32.7292
-34.625
-36.3889
-38.0207
-39.5152
-40.8626
-42.0512
-43.0657
-43.89
-44.5143
-44.9382
-45.1751
-45.2482
-45.1568
-44.8827
-44.4053
-43.7045
-42.7603
-41.5516
-40.0573
-38.2569
-36.1305
-33.6602
-30.83
-27.637
-24.2708
5.46941
7.93616
10.6669
13.5495
16.2883
18.9467
21.4238
23.5365
25.2428
26.6052
27.6571
28.4407
29.0251
29.4604
29.7823
30.0224
30.2019
30.3351
30.4322
30.4992
30.5382
30.5482
30.5241
30.4568
30.339
30.1708
29.9536
29.6876
29.3725
29.0084
28.5958
28.1352
27.6271
27.071
26.4648
25.8035
25.0774
24.2696
23.4015
2.62722
0.0552674
-2.85463
-5.88779
-8.78595
-11.765
-14.6776
-17.4331
-20.0734
-22.5522
-24.8649
-27.0347
-29.0569
-30.943
-32.7021
-34.3347
-35.8407
-37.2157
-38.4514
-39.5371
-40.4594
-41.2045
-41.7644
-42.1403
-42.3459
-42.4037
-42.314
-42.0613
-41.628
-40.9973
-40.152
-39.0742
-37.7453
-36.1468
-34.2596
-32.0648
-29.5429
-26.6832
-23.6524
5.0729
7.42247
10.0265
12.7791
15.3975
17.9432
20.3195
22.3504
23.9949
25.3118
26.3323
27.0959
27.6684
28.0976
28.4176
28.6588
28.8418
28.9805
29.0852
29.1618
29.2133
29.2391
29.2354
29.1939
29.1075
28.9753
28.7982
28.5761
28.3084
27.9947
27.6349
27.2287
26.7754
26.2736
25.72
25.1088
24.4295
23.6655
22.8396
2.38323
-0.0607763
-2.82321
-5.69822
-8.44113
-11.2566
-14.0044
-16.5994
-19.0812
-21.4067
-23.572
-25.599
-27.484
-29.2381
-30.8699
-32.3804
-33.77
-35.0349
-36.1676
-37.159
-37.9973
-38.6706
-39.1724
-39.5053
-39.6833
-39.7279
-39.6401
-39.407
-39.0136
-38.4458
-37.6891
-36.7283
-35.5469
-34.1286
-32.4551
-30.5072
-28.263
-25.7062
-22.9829
4.70994
6.94723
9.42959
12.0572
14.5597
16.9964
19.2752
21.2268
22.8109
24.083
25.0722
25.8154
26.3752
26.7974
27.1144
27.3554
27.5405
27.6832
27.7935
27.8778
27.9392
27.978
27.9911
27.9714
27.9117
27.8102
27.6673
27.4829
27.2563
26.9868
26.6735
26.3157
25.912
25.4602
24.9562
24.3935
23.7612
23.043
22.2624
2.1653
-0.156317
-2.77775
-5.50187
-8.09693
-10.7567
-13.3482
-15.791
-18.1231
-20.304
-22.3304
-24.2235
-25.9801
-27.6108
-29.1243
-30.5215
-31.8033
-32.9665
-34.0048
-34.9098
-35.6715
-36.2796
-36.7292
-37.0238
-37.1773
-37.2106
-37.1252
-36.9102
-36.553
-36.0417
-35.3643
-34.5077
-33.458
-32.2001
-30.7171
-28.99
-26.9953
-24.7129
-22.2708
4.37808
6.50769
8.87322
11.3806
13.7714
16.103
18.2873
20.1619
21.6868
22.9148
23.8729
24.5954
25.142
25.5563
25.8692
26.1089
26.2949
26.44
26.5545
26.6447
26.7139
26.7631
26.7901
26.7886
26.7512
26.6757
26.5621
26.4102
26.2191
25.9879
25.7155
25.4008
25.0417
24.6357
24.1781
23.662
23.0763
22.4048
21.6711
1.97125
-0.233278
-2.71997
-5.30012
-7.7543
-10.266
-12.709
-15.0076
-17.1983
-19.2427
-21.1385
-22.9059
-24.5422
-26.0578
-27.4611
-28.7532
-29.9353
-31.0048
-31.9562
-32.7823
-33.4743
-34.0234
-34.426
-34.6865
-34.8186
-34.8424
-34.7597
-34.5614
-34.2371
-33.7767
-33.1703
-32.4067
-31.474
-30.3588
-29.0455
-27.5154
-25.7445
-23.7098
-21.524
4.07493
6.10125
8.35464
10.7465
13.0296
15.2597
17.3524
19.1521
20.6193
21.8039
22.731
23.4325
23.9653
24.3709
24.6789
24.9163
25.1019
25.2484
25.3656
25.46
25.5354
25.5928
25.631
25.6445
25.6259
25.5723
25.4835
25.3594
25.1989
25.001
24.7645
24.4879
24.169
23.8047
23.3903
22.9185
22.3783
21.7535
21.0675
1.79904
-0.293461
-2.6514
-5.09418
-7.41416
-9.78505
-12.087
-14.2491
-16.3058
-18.2216
-19.9945
-21.6439
-23.1676
-24.5758
-25.8764
-27.0711
-28.1611
-29.1442
-30.0158
-30.7697
-31.3983
-31.8941
-32.2546
-32.4848
-32.5984
-32.6141
-32.5345
-32.3518
-32.0573
-31.6427
-31.0997
-30.4192
-29.5906
-28.6022
-27.4397
-26.0851
-24.5145
-22.703
-20.7499
3.79823
5.72553
7.87125
10.1519
12.3313
14.4633
16.4673
18.1943
19.605
20.7467
21.643
22.3233
22.8418
23.2382
23.5404
23.7747
23.959
24.1057
24.2245
24.3218
24.4016
24.4654
24.5126
24.5383
24.5353
24.5001
24.4324
24.3319
24.1977
24.0288
23.8237
23.5808
23.2978
22.9715
22.597
22.167
21.6706
21.0917
20.4533
1.64678
-0.338559
-2.57347
-4.88515
-7.07729
-9.31427
-11.4823
-13.515
-15.4452
-17.2395
-18.8967
-20.4354
-21.8537
-23.1616
-24.3667
-25.4709
-26.4756
-27.3792
-28.1776
-28.8656
-29.4365
-29.8842
-30.207
-30.4104
-30.5077
-30.5169
-30.4407
-30.2725
-30.0052
-29.6319
-29.1457
-28.5392
-27.8032
-26.9274
-25.8988
-24.7004
-23.3085
-21.6976
-19.9553
3.5459
5.37824
7.42059
9.59431
11.6737
13.711
15.629
17.2851
18.6405
19.7402
20.6058
21.2648
21.7687
22.1552
22.451
22.6814
22.8636
23.0095
23.1289
23.228
23.3109
23.3795
23.4337
23.4693
23.479
23.4592
23.4092
23.3289
23.2173
23.0734
22.8957
22.6825
22.4317
22.1398
21.8021
21.4112
20.9566
20.4223
19.8307
1.51269
-0.370166
-2.48752
-4.67412
-6.74451
-8.85404
-10.8949
-12.805
-14.6154
-16.2951
-17.8435
-19.2781
-20.5977
-21.8119
-22.9282
-23.9484
-24.8743
-25.7046
-26.4359
-27.0637
-27.5822
-27.9865
-28.2755
-28.4553
-28.5387
-28.5425
-28.4699
-28.3153
-28.0727
-27.7366
-27.3014
-26.7608
-26.1071
-25.3313
-24.4215
-23.3617
-22.1293
-20.6984
-19.1465
3.316
5.05728
7.00039
9.07123
11.0542
13
14.8346
16.4218
17.723
18.7813
19.6166
20.2542
20.7431
21.1192
21.4081
21.6339
21.8132
21.9577
22.0767
22.1766
22.2615
22.3336
22.3932
22.4366
22.4567
22.4496
22.4145
22.3513
22.259
22.1367
21.9829
21.796
21.5738
21.313
21.0089
20.6545
20.2393
19.7479
19.2018
1.3951
-0.389738
-2.39479
-4.46209
-6.41648
-8.40479
-10.3249
-12.1187
-13.8158
-15.3873
-16.8331
-18.17
-19.3972
-20.5239
-21.5574
-22.4997
-23.3526
-24.1154
-24.7851
-25.3579
-25.829
-26.1941
-26.4529
-26.6118
-26.6832
-26.6829
-26.614
-26.4721
-26.2521
-25.9496
-25.5601
-25.0783
-24.4978
-23.8107
-23.0062
-22.0696
-20.9791
-19.7094
-18.329
3.10668
4.76064
6.60851
8.5804
10.4704
12.3278
14.0814
15.6016
16.8496
17.8671
18.6725
19.2888
19.7625
20.1279
20.4093
20.6299
20.8058
20.9482
21.0661
21.166
21.2519
21.3263
21.3898
21.4394
21.4679
21.4713
21.4486
21.3998
21.324
21.2203
21.0874
20.9237
20.727
20.4942
20.2208
19.9
19.5218
19.0712
18.5687
1.29245
-0.398675
-2.29643
-4.24995
-6.09382
-7.96679
-9.7722
-11.4557
-13.0455
-14.5148
-15.8639
-17.109
-18.2494
-19.2944
-20.2508
-21.1208
-21.9062
-22.6067
-23.2199
-23.7425
-24.1704
-24.5003
-24.7323
-24.8728
-24.934
-24.9305
-24.8656
-24.7355
-24.5362
-24.264
-23.9155
-23.4863
-22.9708
-22.3624
-21.6513
-20.8239
-19.8597
-18.734
-17.5079
2.91622
4.48651
6.24297
8.11965
9.91993
11.6918
13.3669
14.8217
16.0176
16.9952
17.7711
18.3662
18.8244
19.1787
19.4523
19.6673
19.8393
19.979
20.0952
20.1944
20.2805
20.3563
20.4226
20.4768
20.5121
20.524
20.5117
20.475
20.4133
20.3257
20.2109
20.0675
19.8935
19.6859
19.4403
19.1505
18.8068
18.3946
17.9337
1.20329
-0.398276
-2.19356
-4.03855
-5.77713
-7.54035
-9.2367
-10.8156
-12.3038
-13.6764
-14.9343
-16.0929
-17.1522
-18.1207
-19.0051
-19.8078
-20.5308
-21.1739
-21.7351
-22.2119
-22.6007
-22.8988
-23.1069
-23.2314
-23.2838
-23.278
-23.2171
-23.0981
-22.9178
-22.6731
-22.3614
-21.9791
-21.5216
-20.983
-20.3547
-19.6242
-18.7722
-17.7751
-16.6874
2.74302
4.23311
5.90191
7.68698
9.4008
11.0901
12.6887
14.0799
15.2243
16.1628
16.9099
17.4838
17.9265
18.2695
18.535
18.744
18.9117
19.0482
19.1624
19.2602
19.346
19.4223
19.4905
19.5482
19.5887
19.6075
19.6037
19.5773
19.5276
19.4538
19.3549
19.2294
19.0754
18.8904
18.6701
18.4087
18.0968
17.7208
17.2989
1.1263
-0.389697
-2.08715
-3.82863
-5.46693
-7.12572
-8.71838
-10.198
-11.5897
-12.871
-14.0428
-15.1198
-16.1027
-16.9998
-17.8172
-18.5572
-19.2223
-19.8123
-20.3259
-20.7608
-21.1141
-21.3836
-21.5704
-21.6809
-21.7259
-21.7185
-21.6618
-21.5533
-21.3903
-21.1706
-20.892
-20.5517
-20.1457
-19.6692
-19.1143
-18.4697
-17.7174
-16.8351
-15.8714
2.58563
3.99884
5.58355
7.28044
8.91087
10.5202
12.0446
13.3739
14.4674
15.3677
16.0867
16.6396
17.0666
17.3982
17.6553
17.8582
18.0212
18.1543
18.2659
18.3621
18.4469
18.5232
18.5924
18.6525
18.6971
18.7214
18.7247
18.7068
18.6674
18.6056
18.5204
18.4106
18.2745
18.1097
17.9123
17.6767
17.3943
17.0518
16.6667
1.06027
-0.373956
-1.97807
-3.62079
-5.16353
-6.7229
-8.21694
-9.60239
-10.9026
-12.0973
-13.1876
-14.1877
-15.099
-15.929
-16.6836
-17.3653
-17.9765
-18.5176
-18.9874
-19.384
-19.705
-19.9488
-20.1167
-20.2149
-20.2538
-20.2456
-20.193
-20.0944
-19.9474
-19.7504
-19.5016
-19.1989
-18.839
-18.4176
-17.9278
-17.3594
-16.6957
-15.9158
-15.0631
2.44269
3.7822
5.28624
6.89817
8.44812
9.98007
11.4321
12.7011
13.7444
14.608
15.2997
15.8316
16.2428
16.5627
16.8114
17.0079
17.166
17.2955
17.4043
17.4984
17.5819
17.6576
17.7272
17.789
17.8366
17.8654
17.8744
17.8638
17.8331
17.7815
17.7083
17.6124
17.4922
17.3454
17.1687
16.9567
16.7013
16.3899
16.0389
1.00391
-0.352187
-1.86728
-3.41582
-4.86753
-6.3321
-7.73223
-9.02812
-10.2411
-11.354
-12.367
-13.2946
-14.1387
-14.9061
-15.6017
-16.2287
-16.7899
-17.2857
-17.715
-18.0764
-18.3682
-18.5888
-18.7399
-18.8276
-18.8614
-18.8528
-18.8046
-18.7152
-18.5831
-18.4067
-18.185
-17.916
-17.5973
-17.225
-16.793
-16.2922
-15.7072
-15.0186
-14.2651
2.31283
3.58187
5.00874
6.53877
8.01108
9.46793
10.8491
12.0593
13.0525
13.8814
14.5472
15.0579
15.453
15.7614
16.0015
16.1915
16.3447
16.4702
16.5761
16.6679
16.7497
16.8245
16.894
16.9566
17.0065
17.0388
17.0526
17.0481
17.0248
16.9822
16.9195
16.8358
16.7296
16.5991
16.441
16.2504
16.0197
15.737
15.4178
0.95597
-0.325857
-1.75621
-3.21512
-4.57999
-5.95439
-7.26489
-8.47532
-9.60498
-10.6404
-11.5791
-12.4375
-13.2193
-13.9281
-14.5682
-15.1439
-15.6585
-16.1122
-16.5043
-16.8335
-17.0985
-17.2983
-17.4345
-17.5129
-17.5427
-17.5342
-17.4904
-17.4099
-17.2914
-17.134
-16.9368
-16.6982
-16.4163
-16.0878
-15.7074
-15.2667
-14.7517
-14.1444
-13.4796
2.19477
3.39664
4.74987
6.20142
7.59922
8.98348
10.2956
11.4475
12.3879
13.1845
13.8261
14.3159
14.695
14.992
15.2238
15.4074
15.5555
15.6771
15.7798
15.8692
15.9491
16.0226
16.0916
16.1547
16.2062
16.2413
16.259
16.2596
16.2427
16.2079
16.1544
16.0815
15.9879
15.8719
15.7306
15.5594
15.3513
15.0949
14.8051
0.915543
-0.295674
-1.64548
-3.01925
-4.3016
-5.59038
-6.81542
-7.94451
-8.99445
-9.95702
-10.8225
-11.6141
-12.3375
-12.9915
-13.5792
-14.1066
-14.5778
-14.9927
-15.3504
-15.6502
-15.891
-16.0721
-16.1953
-16.2658
-16.2924
-16.2846
-16.2451
-16.1731
-16.0674
-15.9274
-15.7524
-15.5414
-15.2925
-15.0032
-14.6687
-14.2815
-13.8288
-13.2941
-12.7087
2.08748
3.22523
4.50833
5.88449
7.21096
8.52521
9.77095
10.8658
11.7494
12.5152
13.1343
13.6033
13.9665
14.2524
14.4761
14.6533
14.7964
14.9142
15.0138
15.1006
15.1786
15.2507
15.3189
15.3822
15.4348
15.4722
15.4933
15.4982
15.4869
15.4589
15.4136
15.3503
15.268
15.1651
15.0389
14.8853
14.6978
14.4655
14.2029
0.882739
-0.260812
-1.53347
-2.82598
-4.0298
-5.23708
-6.3813
-7.43356
-8.40818
-9.30117
-10.0964
-10.8264
-11.4959
-12.0971
-12.6338
-13.1153
-13.5456
-13.9239
-14.2493
-14.5218
-14.7404
-14.9048
-15.0164
-15.0803
-15.1044
-15.0977
-15.0628
-14.9989
-14.9051
-14.7813
-14.6267
-14.4406
-14.2216
-13.9675
-13.674
-13.3346
-12.9376
-12.4678
-11.9532
1.99046
3.06659
4.28134
5.58399
6.84094
8.08632
9.26826
10.3083
11.1405
11.8796
12.4751
12.9212
13.2679
13.5428
13.7581
13.9287
14.0666
14.1803
14.2767
14.361
14.437
14.5075
14.5749
14.6381
14.6915
14.7307
14.7546
14.7635
14.7571
14.7352
14.6972
14.6425
14.5703
14.4791
14.3667
14.2291
14.0604
13.8502
13.6124
0.857137
-0.221468
-1.41956
-2.63412
-3.76232
-4.89118
-5.95772
-6.9373
-7.84054
-8.66686
-9.39441
-10.0752
-10.6988
-11.2465
-11.7316
-12.169
-12.5609
-12.9044
-13.1991
-13.4457
-13.6438
-13.7927
-13.894
-13.9522
-13.9747
-13.9695
-13.9393
-13.8834
-13.801
-13.6922
-13.5564
-13.3929
-13.201
-12.9785
-12.7218
-12.425
-12.0778
-11.6661
-11.2152
1.90319
2.9197
4.06758
5.29736
6.48507
7.66039
8.77862
9.76147
10.5538
11.2814
11.8518
12.2696
12.599
12.8635
13.0705
13.2342
13.3668
13.4764
13.5695
13.6512
13.725
13.7939
13.8602
13.923
13.977
14.0177
14.044
14.0563
14.0542
14.0378
14.0063
13.9594
13.8963
13.8158
13.7157
13.5926
13.441
13.251
13.0361
0.838174
-0.189606
-1.32986
-2.47856
-3.53934
-4.59268
-5.57427
-6.46607
-7.2698
-8.00631
-8.60853
-9.27589
-9.90679
-10.4332
-10.8944
-11.3172
-11.6982
-12.0309
-12.3157
-12.5544
-12.7465
-12.8913
-12.9901
-13.0474
-13.0706
-13.068
-13.0423
-12.9926
-12.9189
-12.8216
-12.6975
-12.5494
-12.3762
-12.1758
-11.9446
-11.6775
-11.365
-10.9945
-10.589
1.83652
2.80502
3.90042
5.06483
6.18512
7.28066
8.30715
9.17928
9.87921
10.6778
11.2644
11.6728
12.0016
12.2704
12.4799
12.6446
12.7779
12.8885
12.9825
13.0649
13.1396
13.2095
13.2771
13.3417
13.3979
13.4411
13.4702
13.4855
13.487
13.4745
13.4477
13.4061
13.3491
13.2757
13.1839
13.0705
12.9302
12.7539
12.5543
0.823775
-0.162164
-1.25314
-2.3442
-3.34219
-4.32029
-5.21356
-6.00713
-6.69365
-7.32102
-7.75833
-8.44643
-9.12053
-9.64787
-10.1042
-10.5315
-10.9197
-11.2578
-11.5468
-11.7895
-11.9854
-12.1338
-12.2361
-12.2965
-12.3232
-12.3244
-12.3034
-12.2588
-12.192
-12.1039
-11.9863
-11.8482
-11.6881
-11.5028
-11.2891
-11.0427
-10.7547
-10.4131
-10.0394
1.78254
2.71095
3.75927
4.86236
5.91408
6.92062
7.8373
8.57756
9.16146
10.0707
10.7039
11.1179
11.4566
11.7388
11.9583
12.1295
12.268
12.3828
12.4805
12.5661
12.6437
12.7166
12.7874
12.8553
12.9151
12.9616
12.9938
13.0121
13.0167
13.0073
12.9839
12.9459
12.893
12.8243
12.738
12.631
12.4983
12.3307
12.1413
0.811088
-0.132599
-1.17382
-2.20686
-3.1422
-4.04537
-4.85246
-5.55026
-6.12639
-6.6477
-6.93167
-7.62728
-8.33538
-8.86132
-9.30885
-9.7362
-10.1287
-10.4703
-10.762
-11.0075
-11.2068
-11.3585
-11.4643
-11.528
-11.5581
-11.5634
-11.5476
-11.5086
-11.4493
-11.3712
-11.261
-11.1337
-10.9875
-10.8179
-10.6221
-10.3965
-10.133
-9.82041
-9.48092
1.72966
2.61777
3.61836
4.6599
5.64409
6.56145
7.37243
7.98893
8.45884
9.45589
10.1375
10.5575
10.9024
11.196
11.4251
11.6026
11.7458
11.8646
11.9657
12.0544
12.1348
12.2106
12.2844
12.3558
12.4191
12.4689
12.5043
12.5259
12.5336
12.5276
12.5077
12.4735
12.4249
12.361
12.2802
12.1796
12.0545
11.896
11.7169
0.799885
-0.101543
-1.09289
-2.06823
-2.94149
-3.77062
-4.49425
-5.09863
-5.57189
-5.98607
-6.13419
-6.82208
-7.55066
-8.07364
-8.51052
-8.93349
-9.32683
-9.66993
-9.96289
-10.2102
-10.412
-10.5668
-10.6758
-10.7428
-10.7765
-10.7857
-10.7748
-10.7411
-10.6888
-10.6198
-10.5164
-10.3989
-10.2656
-10.111
-9.93235
-9.72688
-9.48731
-9.20202
-8.88991
1.67802
2.52608
3.4787
4.45915
5.37722
6.20529
6.9159
7.41318
7.77589
8.83414
9.56321
9.99285
10.3415
10.6438
10.8814
11.0652
11.2129
11.3355
11.44
11.5316
11.6147
11.6932
11.77
11.8448
11.9116
11.9648
12.0035
12.0283
12.0395
12.037
12.0207
11.9907
11.9466
11.8879
11.8128
11.719
11.6016
11.4522
11.2833
0.790256
-0.0693122
-1.01115
-1.92961
-2.74197
-3.49859
-4.14187
-4.65536
-5.03325
-5.33786
-5.36921
-6.03453
-6.76772
-7.28442
-7.70921
-8.12405
-8.51452
-8.85695
-9.14979
-9.3978
-9.6014
-9.75902
-9.87148
-9.94265
-9.98141
-9.99645
-9.99279
-9.96702
-9.92478
-9.86788
-9.77464
-9.66988
-9.55191
-9.41406
-9.25373
-9.06881
-8.85329
-8.59787
-8.32695
1.62814
2.43662
3.34147
4.26184
5.11552
5.85414
6.46998
6.84824
7.11161
8.20638
8.97893
9.42221
9.77486
10.0842
10.3291
10.5181
10.6697
10.7958
10.9037
10.9985
11.0846
11.1659
11.2458
11.3241
11.3947
11.4516
11.494
11.5224
11.5372
11.5383
11.5259
11.5
11.4605
11.4068
11.3377
11.2506
11.1414
11.0013
10.8431
0.782123
-0.0365092
-0.929952
-1.79287
-2.54616
-3.23241
-3.79902
-4.22466
-4.51431
-4.70604
-4.63866
-5.26691
-5.98775
-6.49335
-6.90467
-7.30813
-7.69201
-8.03138
-8.32283
-8.5708
-8.77578
-8.93581
-9.05086
-9.12448
-9.16518
-9.18235
-9.18161
-9.15912
-9.12163
-9.07106
-8.98285
-8.88613
-8.77925
-8.65493
-8.51087
-8.34538
-8.15179
-7.91756
-7.65322
1.58062
2.35063
3.20824
4.07034
4.86103
5.51003
6.03653
6.29207
6.46181
7.57325
8.38324
8.84234
9.20025
9.51754
9.77112
9.96561
10.12
10.2481
10.358
10.4552
10.544
10.6283
10.7114
10.7934
10.868
10.9292
10.9759
11.0088
11.0283
11.0344
11.0271
11.0065
10.9725
10.9246
10.8617
10.7814
10.6798
10.5483
10.3984
0.775359
-0.00445305
-0.851722
-1.66145
-2.35772
-2.97616
-3.46939
-3.81008
-4.01734
-4.09263
-3.94344
-4.52059
-5.21219
-5.7006
-6.09624
-6.4851
-6.85884
-7.19236
-7.48065
-7.72775
-7.93451
-8.09906
-8.22172
-8.30604
-8.35962
-8.39059
-8.40487
-8.39844
-8.37904
-8.34837
-8.278
-8.20017
-8.11327
-8.00897
-7.88498
-7.74082
-7.57395
-7.38104
-7.1963
1.53661
2.27014
3.08193
3.88817
4.61565
5.17291
5.61328
5.73809
5.81672
6.93394
7.77827
8.25311
8.61341
8.93614
9.20014
9.40515
9.56722
9.69969
9.81184
9.91032
10.0004
10.0864
10.1721
10.2573
10.3354
10.4001
10.4502
10.4866
10.5098
10.5201
10.5178
10.503
10.4758
10.4357
10.3817
10.3113
10.2211
10.1038
9.9738
0.769588
0.0251931
-0.779624
-1.53971
-2.18167
-2.73493
-3.15652
-3.41319
-3.5419
-3.49859
-3.28288
-3.79593
-4.44228
-4.90605
-5.28246
-5.65336
-6.01365
-6.33897
-6.6223
-6.86597
-7.06982
-7.23079
-7.34748
-7.42186
-7.46355
-7.48421
-7.48985
-7.4759
-7.45032
-7.41417
-7.33993
-7.26281
-7.18123
-7.08687
-6.97736
-6.85119
-6.69945
-6.50246
-6.24737
1.49687
2.19674
2.96535
3.71909
4.38138
4.84383
5.1991
5.17893
5.16003
6.27909
7.16476
7.66526
8.02959
8.34816
8.60904
8.81621
8.98612
9.12946
9.25221
9.35917
9.45549
9.54632
9.63639
9.7267
9.81135
9.88329
9.94052
9.98347
10.0123
10.0272
10.0283
10.0159
9.99046
9.95205
9.90026
9.83321
9.74661
9.62877
9.48353
0.764489
0.0524485
-0.713769
-1.42892
-2.02097
-2.51392
-2.86643
-3.04127
-3.09573
-2.93164
-2.65651
-3.09228
-3.67926
-4.10987
-4.46196
-4.80982
-5.1516
-5.46645
-5.74802
-5.99796
-6.21606
-6.40047
-6.55148
-6.67141
-6.76165
-6.82621
-6.8735
-6.90055
-6.91893
-6.92885
-6.89408
-6.85218
-6.80283
-6.73676
-6.65253
-6.55276
-6.4439
-6.33876
-6.30249
1.46042
2.12905
2.85785
3.56431
4.1618
4.5357
4.81143
4.6175
4.47716
5.58648
6.51551
7.06331
7.46511
7.8051
8.06537
8.25439
8.40064
8.526
8.64035
8.74692
8.84761
8.94495
9.04206
9.13899
9.22979
9.30909
9.37638
9.43253
9.47768
9.51178
9.5346
9.54578
9.54469
9.53036
9.50161
9.45713
9.39737
9.32534
9.27386
0.760462
0.078529
-0.652257
-1.32722
-1.87575
-2.31758
-2.60965
-2.71532
-2.70442
-2.40865
-2.06502
-2.4119
-2.92495
-3.31142
-3.63507
-3.95657
-4.27032
-4.55667
-4.80957
-5.02949
-5.21386
-5.35575
-5.44876
-5.49302
-5.50848
-5.51586
-5.51691
-5.50287
-5.47864
-5.44422
-5.37813
-5.31691
-5.25808
-5.19337
-5.11955
-5.03192
-4.91082
-4.71473
-4.37557
1.42715
2.06687
2.75972
3.42479
3.96287
4.27065
4.4731
4.05354
3.76714
4.85369
5.78885
6.35282
6.79652
7.20845
7.5517
7.80677
7.98588
8.11117
8.20505
8.28446
8.36038
8.43988
8.52765
8.62189
8.71068
8.78321
8.83723
8.874
8.89518
8.90218
8.89643
8.87978
8.85421
8.82127
8.78091
8.72902
8.65186
8.51472
8.27541
0.758078
0.0963203
-0.608489
-1.25059
-1.76152
-2.15731
-2.39215
-2.43851
-2.35783
-1.90946
-1.49856
-1.76316
-2.18611
-2.50671
-2.79136
-3.0942
-3.40874
-3.71666
-4.01096
-4.29164
-4.55961
-4.81697
-5.06449
-5.29519
-5.48171
-5.61528
-5.72234
-5.80973
-5.90056
-5.99128
-6.01832
-6.02086
-6.0168
-5.99994
-5.9667
-5.92495
-5.90366
-5.95455
-6.21289
1.40586
2.02616
2.6916
3.31849
3.79557
4.04102
4.11997
3.40732
3.0161
4.1477
5.09256
5.60992
5.96465
6.28578
6.59255
6.88924
7.1731
7.43021
7.64901
7.82739
7.97107
8.08947
8.19629
8.31103
8.44719
8.5932
8.7326
8.8602
8.97457
9.0748
9.15889
9.22407
9.26817
9.2901
9.29179
9.28098
9.28225
9.35019
9.59344
0.754955
0.084858
-0.620906
-1.24794
-1.72585
-2.06359
-2.21219
-2.15957
-1.94138
-1.32318
-0.914304
-1.13953
-1.48473
-1.72085
-1.90562
-2.0855
-2.26302
-2.4302
-2.58195
-2.71307
-2.81151
-2.85797
-2.83848
-2.76162
-2.69045
-2.65831
-2.64232
-2.61079
-2.55559
-2.51575
-2.44833
-2.38993
-2.34779
-2.30935
-2.26776
-2.21455
-2.1047
-1.85696
-1.29
1.41155
2.03628
2.69368
3.28487
3.68062
3.79966
3.58524
2.52694
2.12667
3.44339
4.61838
5.3762
5.85026
6.09765
6.14553
6.07019
5.95373
5.86247
5.82423
5.8415
5.90593
6.00885
6.13426
6.24228
6.28934
6.29336
6.28835
6.27946
6.26564
6.2466
6.22605
6.20892
6.19874
6.19656
6.19759
6.18383
6.10212
5.84444
5.23499
0.746322
0.044794
-0.68615
-1.31872
-1.77361
-2.04871
-2.09077
-1.89575
-1.46828
-0.685412
-0.291234
-0.470995
-0.787276
-1.08494
-1.38562
-1.70002
-2.0309
-2.37985
-2.75172
-3.15536
-3.60296
-4.10077
-4.62563
-5.11822
-5.47287
-5.68933
-5.90248
-6.0718
-6.3544
-6.76578
-6.64697
-6.66819
-6.79424
-6.88711
-6.93173
-6.97481
-7.091
-7.38644
-8.06382
1.43228
2.07912
2.74616
3.31262
3.62625
3.57544
2.96712
1.60131
0.97027
2.14909
3.45653
4.74959
6.00728
7.1999
8.21243
8.98721
9.54252
9.89653
10.0968
10.1966
10.2422
10.2711
10.3383
10.5315
10.8842
11.268
11.5833
11.8425
12.0673
12.2619
12.4192
12.5359
12.614
12.6605
12.6912
12.7388
12.8857
13.2567
14.0557
106.924
106.189
105.239
104.004
102.274
99.8582
96.5376
92.1323
86.6692
80.5004
74.1445
67.9758
62.114
56.538
51.2081
46.1082
41.2379
36.5991
32.1898
28.0036
24.0307
20.2624
16.6893
13.303
10.096
7.06078
4.19046
1.47825
-1.08033
-3.48885
-5.74917
-7.86185
-9.82741
-11.6451
-13.3141
-14.834
-16.2042
-17.425
-18.4971
-19.422
-20.2021
-20.8407
-21.3421
-21.7111
-21.9541
-22.0776
-22.089
-21.9961
-21.8074
-21.5315
-21.177
-20.7528
-20.2673
-19.7291
-19.146
-18.5257
-17.8752
-17.2011
-16.5093
-15.8052
-15.0935
-14.3786
-13.6639
-12.9526
-12.2478
-11.5508
-10.8653
-10.2787
-9.75553
-9.22752
-8.65535
-8.1326
-7.45211
-7.07706
-6.04506
-6.30126
-4.11207
-6.40261
-0.929292
-8.53888
106.565
103.441
99.9012
96.1825
92.3757
88.5657
84.8154
81.1732
77.6222
74.1897
70.8764
67.6925
64.6444
61.7379
58.9767
56.3635
53.8991
51.5834
49.4144
47.3888
45.5025
43.75
42.1254
40.6218
39.2324
37.9497
36.7665
35.6756
34.6697
33.7419
32.8857
32.0944
31.3617
30.6815
30.0478
29.4549
28.8969
28.3684
27.8638
27.378
26.9059
26.4429
25.9846
25.527
25.0665
24.6002
24.1255
23.6403
23.1434
22.6335
22.1104
21.5741
21.025
20.4641
19.8924
19.3114
18.7229
18.1288
17.5308
16.9312
16.3318
15.7346
15.1417
14.5547
13.976
13.4068
12.8504
12.3823
11.9786
11.5638
11.1397
10.7097
10.2713
9.86591
9.35459
9.23392
8.06576
9.76598
4.82028
14.3923
47.0003
46.4848
45.9983
45.5488
45.1101
44.7209
44.4091
44.1467
43.8387
43.3552
42.613
41.6065
40.3422
38.8187
37.0536
35.0792
32.9302
30.6386
28.2337
25.7438
23.195
20.6122
18.0178
15.4316
12.8714
10.3526
7.89025
5.49765
3.18644
0.965491
-1.15788
-3.17743
-5.08862
-6.88699
-8.56874
-10.1309
-11.5707
-12.886
-14.0754
-15.1377
-16.0729
-16.8816
-17.5654
-18.1263
-18.5678
-18.8941
-19.1099
-19.2207
-19.2329
-19.1533
-18.9889
-18.7473
-18.4359
-18.0624
-17.6342
-17.1585
-16.6425
-16.0926
-15.5151
-14.9156
-14.2994
-13.6711
-13.0351
-12.3948
-11.754
-11.1146
-10.4806
-9.93461
-9.44503
-8.95157
-8.40913
-7.91973
-7.26341
-6.92019
-5.91221
-6.18257
-4.05566
-6.27268
-1.02566
-8.3523
47.3217
47.5268
47.9112
48.2549
48.5276
48.7025
48.7692
48.7213
48.5562
48.2827
47.9012
47.419
46.8427
46.18
45.4401
44.633
43.769
42.859
41.9145
40.9466
39.9662
38.9835
38.0077
37.0475
36.1101
35.2014
34.3262
33.4878
32.6884
31.929
31.2098
30.5299
29.8878
29.2813
28.7078
28.1644
27.6478
27.1545
26.6809
26.2234
25.7783
25.3421
24.9112
24.4823
24.0525
23.6188
23.179
22.7309
22.2729
21.8038
21.3228
20.8296
20.3242
19.8069
19.2787
18.7405
18.1938
17.6399
17.0807
16.5179
15.9533
15.389
14.8268
14.2685
13.7165
13.1719
12.6382
12.1883
11.7997
11.3998
10.99
10.5742
10.1487
9.75829
9.25714
9.15078
8.0043
9.65427
4.90762
14.053
29.2661
28.9703
28.6457
28.3121
27.9327
27.4866
26.9703
26.3835
25.7274
25.0074
24.2367
23.4475
22.6683
21.8984
21.1225
20.3201
19.4728
18.5666
17.5901
16.5355
15.398
14.1766
12.8733
11.4937
10.0459
8.54015
6.98784
5.40094
3.79276
2.17684
0.566707
-1.02414
-2.58342
-4.09937
-5.56113
-6.95915
-8.28478
-9.53047
-10.6897
-11.7568
-12.7276
-13.5987
-14.3678
-15.0336
-15.5959
-16.0556
-16.4146
-16.6755
-16.842
-16.9185
-16.91
-16.822
-16.6607
-16.4321
-16.1428
-15.7992
-15.4077
-14.9746
-14.5058
-14.0072
-13.4839
-12.9409
-12.3829
-11.8138
-11.2375
-10.6568
-10.0754
-9.57139
-9.11678
-8.65829
-8.1482
-7.69046
-7.0665
-6.74348
-5.78497
-6.03064
-4.03055
-6.08405
-1.17349
-8.06097
29.4216
29.5108
29.5968
29.6731
29.7685
29.8844
30.0229
30.1794
30.3513
30.5333
30.7182
30.9005
31.0732
31.2298
31.3641
31.4701
31.5425
31.5768
31.5694
31.5179
31.421
31.2787
31.0918
30.863
30.5953
30.2927
29.9599
29.6019
29.2239
28.8308
28.4274
28.018
27.6062
27.1951
26.7869
26.3833
25.9851
25.5927
25.2057
24.8233
24.4445
24.0677
23.6912
23.3133
22.9321
22.5457
22.1523
21.7505
21.3388
20.9161
20.4818
20.0352
19.5763
19.1054
18.6227
18.1293
17.6262
17.1145
16.5958
16.0716
15.5438
15.0142
14.4846
13.957
13.4334
12.9152
12.406
11.9758
11.6038
11.2202
10.8262
10.4262
10.0156
9.63966
9.15528
9.04852
7.96023
9.49146
5.04625
13.6629
27.8501
27.6607
27.4543
27.2395
27.0025
26.7249
26.3887
25.9759
25.4648
24.835
24.076
23.2022
22.2557
21.2717
20.2629
19.233
18.1846
17.1211
16.045
14.9572
13.8567
12.7418
11.61
10.4592
9.28741
8.09326
6.87651
5.63761
4.37894
3.10394
1.81759
0.526378
-0.762515
-2.04092
-3.29999
-4.53081
-5.72439
-6.87206
-7.96553
-8.99713
-9.96012
-10.8486
-11.6578
-12.3834
-13.0227
-13.574
-14.0363
-14.4099
-14.6962
-14.8971
-15.0158
-15.0558
-15.0216
-14.9179
-14.7499
-14.5232
-14.2434
-13.916
-13.5469
-13.1413
-12.7046
-12.2416
-11.7573
-11.2556
-10.7409
-10.2163
-9.68556
-9.22198
-8.80015
-8.37417
-7.89444
-7.4667
-6.87252
-6.57154
-5.65283
-5.89202
-3.97837
-5.9414
-1.2347
-7.87208
27.9797
28.0715
28.1374
28.1809
28.2076
28.2174
28.2122
28.1921
28.1598
28.1161
28.0629
28.0024
27.9357
27.8647
27.7905
27.7139
27.6355
27.5551
27.4722
27.3859
27.295
27.1976
27.0921
26.9766
26.8492
26.7085
26.553
26.3819
26.195
25.9924
25.7746
25.5426
25.2977
25.0414
24.7753
24.5009
24.2195
23.9322
23.6398
23.3427
23.0412
22.735
22.4237
22.1065
21.7825
21.4507
21.11
20.7594
20.398
20.0248
19.6392
19.2408
18.8294
18.4052
17.9683
17.5195
17.0597
16.5899
16.1113
15.6256
15.1343
14.6391
14.1419
13.6445
13.1491
12.657
12.1721
11.7611
11.4048
11.0369
10.6583
10.2734
9.87726
9.51524
9.04578
8.94332
7.89461
9.36237
5.08712
13.4132
23.6008
23.3951
23.1847
22.9827
22.7819
22.5756
22.3556
22.1136
21.8417
21.5285
21.1588
20.7178
20.2017
19.6205
18.9818
18.2876
17.539
16.7373
15.8848
14.9851
14.0423
13.0603
12.0433
10.9957
9.92159
8.825
7.70972
6.57919
5.43702
4.28653
3.13111
1.97467
0.821174
-0.324898
-1.45843
-2.57397
-3.66555
-4.72692
-5.75154
-6.73293
-7.6648
-8.54119
-9.35656
-10.1059
-10.7851
-11.3908
-11.9204
-12.3724
-12.746
-13.0416
-13.2603
-13.404
-13.4754
-13.4778
-13.415
-13.2915
-13.1118
-12.8808
-12.6035
-12.285
-11.93
-11.5435
-11.13
-10.6939
-10.2395
-9.77027
-9.28977
-8.86623
-8.47702
-8.08339
-7.6341
-7.23669
-6.67153
-6.39547
-5.5106
-5.75641
-3.90487
-5.81938
-1.24944
-7.73219
23.7486
23.8618
23.9759
24.0857
24.1925
24.2957
24.3939
24.4854
24.5691
24.6432
24.7066
24.758
24.7965
24.8214
24.8322
24.8286
24.8109
24.7794
24.7347
24.6777
24.6093
24.5306
24.4425
24.3461
24.2419
24.1308
24.0129
23.8885
23.7575
23.6197
23.4749
23.3226
23.1626
22.9945
22.8182
22.6336
22.4406
22.2393
22.0296
21.8115
21.5851
21.3501
21.1062
20.8531
20.5903
20.317
20.0327
19.7367
19.4283
19.1069
18.772
18.4232
18.0605
17.6838
17.2934
16.8898
16.4738
16.0463
15.6085
15.1616
14.7074
14.2473
13.7831
13.3167
12.8502
12.385
11.925
11.5336
11.1935
10.8417
10.4787
10.1094
9.72805
9.38014
8.92561
8.83011
7.8118
9.24216
5.07629
13.2085
18.9528
18.7748
18.5892
18.4099
18.2296
18.0456
17.8553
17.6528
17.4321
17.1882
16.9149
16.6044
16.2501
15.8532
15.4203
14.9557
14.4599
13.9326
13.3713
12.7734
12.1375
11.4625
10.748
9.99399
9.20153
8.37232
7.50882
6.61406
5.69173
4.74588
3.78085
2.80146
1.81251
0.818995
-0.173829
-1.1607
-2.13616
-3.0947
-4.03058
-4.93813
-5.81165
-6.64558
-7.43451
-8.17329
-8.85732
-9.4824
-10.045
-10.5423
-10.9721
-11.3333
-11.6254
-11.8487
-12.0043
-12.0939
-12.1202
-12.086
-11.9949
-11.8508
-11.6579
-11.4204
-11.1427
-10.8294
-10.4847
-10.1129
-9.71812
-9.30411
-8.87423
-8.4913
-8.13564
-7.7754
-7.35794
-6.99189
-6.45741
-6.20704
-5.35814
-5.61025
-3.82422
-5.68605
-1.26187
-7.57532
19.0754
19.1683
19.2662
19.3638
19.4649
19.5691
19.6763
19.7863
19.8987
20.0129
20.1285
20.2446
20.3604
20.4746
20.5863
20.6943
20.7971
20.8933
20.9819
21.0614
21.1308
21.1892
21.2358
21.2701
21.2917
21.3007
21.2969
21.2808
21.2527
21.2129
21.1619
21.1001
21.0279
20.9453
20.8526
20.7499
20.6371
20.5141
20.3807
20.2369
20.0824
19.9168
19.7399
19.5513
19.3506
19.1373
18.911
18.6712
18.4173
18.1491
17.8661
17.568
17.2549
16.9266
16.5835
16.2259
15.8546
15.4703
15.0741
14.6673
14.2512
13.8273
13.3975
12.9634
12.5272
12.0902
11.6565
11.286
10.9632
10.6285
10.2824
9.9296
9.56432
9.23117
8.79352
8.70366
7.7204
9.10415
5.06218
12.9758
15.821
15.6744
15.5187
15.3656
15.2096
15.0497
14.8861
14.7164
14.5353
14.3376
14.1185
13.8721
13.5916
13.2724
12.9165
12.5308
12.1197
11.6855
11.2299
10.7522
10.2511
9.72575
9.17528
8.59885
7.99569
7.36527
6.7073
6.02192
5.30979
4.57204
3.81038
3.02725
2.2255
1.4086
0.580557
-0.254237
-1.09099
-1.9247
-2.75004
-3.5616
-4.35393
-5.12157
-5.85916
-6.56142
-7.22346
-7.84067
-8.40882
-8.92426
-9.38388
-9.78526
-10.1267
-10.4072
-10.6264
-10.7848
-10.8835
-10.9242
-10.9092
-10.8414
-10.7238
-10.5601
-10.354
-10.1093
-9.82998
-9.51994
-9.18316
-8.8234
-8.44371
-8.10147
-7.77967
-7.45317
-7.06838
-6.73409
-6.23181
-6.00685
-5.19697
-5.45266
-3.73861
-5.53924
-1.27305
-7.39843
15.9266
16.013
16.1041
16.1958
16.2908
16.3881
16.4879
16.59
16.6944
16.801
16.9097
17.0204
17.1329
17.247
17.3625
17.4791
17.5963
17.7135
17.8303
17.946
18.0596
18.1702
18.2769
18.3786
18.4741
18.5624
18.6424
18.7132
18.7738
18.8237
18.8621
18.8886
18.903
18.905
18.8946
18.8716
18.836
18.7878
18.727
18.6533
18.5668
18.4672
18.3543
18.2278
18.0873
17.9326
17.7632
17.5789
17.3792
17.1638
16.9324
16.6849
16.4212
16.1413
15.8454
15.5339
15.2074
14.8666
14.5125
14.1461
13.7687
13.3819
12.9872
12.5864
12.1815
11.7739
11.3676
11.019
10.7145
10.3979
10.0696
9.73424
9.38608
9.0682
8.64932
8.56317
7.62092
8.94694
5.0458
12.721
13.617
13.493
13.3596
13.2265
13.0901
12.9499
12.8073
12.6623
12.5127
12.3547
12.1842
11.9972
11.7886
11.5523
11.2838
10.9834
10.6554
10.3032
9.92863
9.53352
9.1179
8.68082
8.22182
7.74087
7.23797
6.71314
6.16647
5.59817
5.00865
4.39844
3.76828
3.1193
2.45282
1.77059
1.07486
0.368227
-0.346191
-1.06489
-1.78392
-2.49899
-3.20558
-3.89895
-4.57424
-5.2265
-5.85096
-6.44294
-6.99799
-7.51204
-7.98137
-8.40285
-8.77384
-9.09232
-9.35694
-9.56694
-9.72228
-9.82354
-9.87189
-9.86905
-9.81721
-9.71901
-9.57742
-9.39563
-9.17708
-8.92524
-8.6437
-8.33619
-8.00531
-7.70299
-7.41467
-7.1215
-6.76943
-6.46668
-5.99732
-5.79737
-5.02791
-5.28648
-3.64542
-5.38557
-1.27327
-7.21726
13.7103
13.791
13.877
13.9646
14.0557
14.1494
14.246
14.3452
14.447
14.5512
14.6577
14.7662
14.8766
14.9886
15.102
15.2166
15.3321
15.4481
15.5645
15.6808
15.7968
15.912
16.0259
16.1382
16.2483
16.3555
16.4591
16.5584
16.6525
16.7407
16.8219
16.8954
16.9602
17.0155
17.0607
17.0949
17.1176
17.1282
17.1262
17.1113
17.083
17.041
16.9849
16.9143
16.8289
16.7284
16.6123
16.4803
16.332
16.1672
15.9856
15.787
15.5713
15.3386
15.089
14.8228
14.5405
14.2426
13.9302
13.6041
13.2655
12.9159
12.5566
12.1895
11.8165
11.4389
11.0607
10.7346
10.4489
10.151
9.84119
9.52391
9.19365
8.89133
8.49261
8.40888
7.51092
8.7757
5.01624
12.4633
11.8024
11.6973
11.5837
11.4688
11.3496
11.2258
11.0992
10.9708
10.8404
10.7064
10.5661
10.4162
10.2534
10.0739
9.87281
9.64595
9.39283
9.11634
8.81892
8.50208
8.16737
7.81477
7.44307
7.05144
6.6396
6.20736
5.75469
5.28166
4.78859
4.27595
3.74442
3.19494
2.6286
2.04673
1.451
0.843275
0.225755
-0.399032
-1.02824
-1.65868
-2.28689
-2.90915
-3.52146
-4.11964
-4.69946
-5.25662
-5.7869
-6.28624
-6.75075
-7.17697
-7.56177
-7.90243
-8.19688
-8.44347
-8.64123
-8.78977
-8.88924
-8.9404
-8.94449
-8.90326
-8.81887
-8.69381
-8.53088
-8.33306
-8.10345
-7.84562
-7.56166
-7.29804
-7.04245
-6.7819
-6.46235
-6.19067
-5.75458
-5.57927
-4.85082
-5.11256
-3.54331
-5.22692
-1.26043
-7.03639
11.8832
11.955
12.032
12.111
12.1935
12.279
12.3677
12.4595
12.5545
12.6525
12.7536
12.8577
12.9646
13.0743
13.1864
13.3008
13.4172
13.5354
13.6551
13.7758
13.8972
14.0189
14.1404
14.2614
14.3813
14.4996
14.6158
14.7295
14.8399
14.9466
15.0488
15.1459
15.2372
15.3218
15.3991
15.4682
15.5283
15.5787
15.6185
15.6469
15.6634
15.6671
15.6575
15.6339
15.5959
15.5428
15.4741
15.3894
15.2882
15.1703
15.0352
14.8826
14.7126
14.5249
14.3197
14.0972
13.8577
13.6018
13.3302
13.0438
12.7436
12.4309
12.1071
11.7737
11.4328
11.0855
10.736
10.433
10.1664
9.8877
9.59687
9.29814
8.98643
8.69992
8.32248
8.24039
7.38873
8.59174
4.97099
12.2044
10.2868
10.1974
10.1012
10.0036
9.90109
9.7927
9.68046
9.56579
9.44915
9.3305
9.2089
9.08218
8.94758
8.80253
8.64383
8.46738
8.26948
8.04929
7.80892
7.55053
7.2756
6.98571
6.68111
6.36071
6.02357
5.66925
5.29746
4.90795
4.50062
4.07544
3.63261
3.17259
2.69597
2.20361
1.69666
1.17648
0.644745
0.103382
-0.445381
-0.999041
-1.55484
-2.10977
-2.66057
-3.20375
-3.73569
-4.25265
-4.7508
-5.22635
-5.67557
-6.09492
-6.48113
-6.83114
-7.14239
-7.41267
-7.6403
-7.82411
-7.96344
-8.05819
-8.10876
-8.11606
-8.08147
-8.00673
-7.89398
-7.74566
-7.5643
-7.35322
-7.11393
-6.8875
-6.66365
-6.43486
-6.14742
-5.90622
-5.50357
-5.35248
-4.66549
-4.9305
-3.43231
-5.06206
-1.23678
-6.85324
10.3567
10.4201
10.488
10.558
10.6313
10.7074
10.7867
10.8692
10.9548
11.0436
11.1356
11.2308
11.3292
11.4308
11.5356
11.6433
11.754
11.8674
11.9834
12.1017
12.2222
12.3445
12.4682
12.5929
12.7183
12.8437
12.9688
13.0929
13.2155
13.336
13.4536
13.5679
13.6779
13.7832
13.8828
13.9762
14.0625
14.1409
14.2106
14.2708
14.3208
14.3596
14.3866
14.4008
14.4017
14.3884
14.3604
14.3169
14.2574
14.1815
14.0886
13.9784
13.8506
13.705
13.5417
13.3606
13.1621
12.9466
12.7145
12.4667
12.204
11.9277
11.6389
11.3392
11.0304
10.7137
10.393
10.1133
9.86639
9.60721
9.33583
9.05611
8.76353
8.49314
8.13798
8.057
7.25349
8.39395
4.91214
11.9394
9.04443
8.96809
8.88599
8.80259
8.71526
8.6221
8.52379
8.42187
8.31737
8.21082
8.10239
7.99147
7.87639
7.75491
7.62482
7.4834
7.3271
7.15253
6.95846
6.74636
6.51816
6.27528
6.01928
5.75073
5.46876
5.17249
4.86151
4.53559
4.19459
3.83832
3.46674
3.07997
2.67821
2.26186
1.83154
1.38806
0.932484
0.46612
-0.00942637
-0.492302
-0.980391
-1.47133
-1.96248
-2.45095
-2.93371
-3.40752
-3.86902
-4.31478
-4.74135
-5.14535
-5.52351
-5.87271
-6.19013
-6.47324
-6.71987
-6.92831
-7.09725
-7.22591
-7.31396
-7.36156
-7.36935
-7.33839
-7.27013
-7.16645
-7.02927
-6.8616
-6.66433
-6.47325
-6.27991
-6.08173
-5.82569
-5.61416
-5.24482
-5.11736
-4.47212
-4.7402
-3.31272
-4.8902
-1.20377
-6.66557
9.10532
9.16153
9.22153
9.28362
9.34868
9.41647
9.48719
9.56086
9.63754
9.71729
9.80017
9.88619
9.97539
10.0678
10.1633
10.262
10.3638
10.4687
10.5766
10.6873
10.8007
10.9166
11.0349
11.1553
11.2775
11.4011
11.5258
11.6512
11.7767
11.9018
12.026
12.1486
12.2689
12.3863
12.5
12.6093
12.7133
12.8112
12.9023
12.9856
13.0604
13.1257
13.1808
13.2247
13.2567
13.2758
13.2815
13.2727
13.249
13.2096
13.154
13.0815
12.992
12.8849
12.7602
12.6178
12.4578
12.2804
12.086
11.8753
11.6489
11.408
11.1535
10.887
10.61
10.3237
10.0319
9.77578
9.54861
9.30926
9.05767
8.79732
8.52434
8.27034
7.93831
7.85813
7.10449
8.18146
4.8409
11.6651
8.01273
7.94721
7.87677
7.80498
7.72982
7.65007
7.56567
7.47666
7.38377
7.28809
7.1904
7.09093
6.98936
6.88447
6.77443
6.65732
6.53085
6.39194
6.23745
6.06587
5.87808
5.67573
5.46015
5.23278
4.99439
4.74435
4.48174
4.20615
3.91742
3.61542
3.30003
2.97127
2.62918
2.27395
1.90595
1.52566
1.13374
0.731064
0.318711
-0.102004
-0.529552
-0.96216
-1.3978
-1.83418
-2.26884
-2.69909
-3.12205
-3.53475
-3.93409
-4.31696
-4.68027
-5.02098
-5.33622
-5.6233
-5.87983
-6.10369
-6.29316
-6.4469
-6.56402
-6.64405
-6.68699
-6.69324
-6.66363
-6.59947
-6.50209
-6.37411
-6.21579
-6.05789
-5.89348
-5.72445
-5.49878
-5.3158
-4.97935
-4.87468
-4.27117
-4.54202
-3.18486
-4.71139
-1.16179
-6.47336
8.06584
8.11552
8.16843
8.22335
8.28095
8.34109
8.40393
8.46952
8.53795
8.60926
8.68353
8.76082
8.84117
8.92462
9.01118
9.10089
9.19373
9.28968
9.38872
9.49078
9.59579
9.70363
9.81418
9.92727
10.0427
10.1603
10.2797
10.4007
10.5229
10.6458
10.7691
10.8923
11.0148
11.1359
11.2552
11.3717
11.4849
11.5939
11.698
11.7962
11.8877
11.9716
12.047
12.113
12.1688
12.2134
12.2459
12.2655
12.2714
12.2628
12.2391
12.1996
12.1437
12.071
11.9812
11.8741
11.7495
11.6076
11.4486
11.2729
11.0812
10.8742
10.6529
10.4186
10.1728
9.91654
9.65345
9.42075
9.21336
8.99391
8.76228
8.52151
8.26845
8.03108
7.7228
7.64329
6.94102
7.9539
4.75727
11.3803
7.138
7.08154
7.02089
6.95897
6.89405
6.82507
6.75237
6.67594
6.5952
6.51036
6.42253
6.33264
6.24106
6.14765
6.05158
5.95134
5.84527
5.73144
5.60721
5.4697
5.31719
5.15008
4.96976
4.77745
4.57451
4.3619
4.13916
3.90537
3.66009
3.40312
3.13438
2.8538
2.56131
2.25696
1.94094
1.61353
1.27517
0.926422
0.568057
0.201007
-0.173606
-0.554471
-0.94004
-1.32854
-1.71801
-2.10629
-2.49098
-2.86958
-3.2394
-3.59767
-3.94159
-4.26832
-4.5751
-4.85924
-5.11825
-5.34983
-5.55198
-5.723
-5.86156
-5.96669
-6.03787
-6.07495
-6.07817
-6.04831
-5.98612
-5.89384
-5.77112
-5.6439
-5.50659
-5.36496
-5.16833
-5.01252
-4.70818
-4.62527
-4.06321
-4.33638
-3.04902
-4.5258
-1.11179
-6.27672
7.18432
7.22806
7.27458
7.32298
7.37378
7.4269
7.48249
7.5406
7.60131
7.66471
7.73087
7.79985
7.87172
7.94653
8.02434
8.10518
8.18909
8.27607
8.36614
8.45929
8.55547
8.65464
8.75672
8.86161
8.96919
9.07927
9.19169
9.30621
9.42257
9.54047
9.65954
9.7794
9.89961
10.0197
10.1391
10.2572
10.3735
10.4871
10.5975
10.7037
10.805
10.9005
10.9894
11.0706
11.1434
11.2068
11.2598
11.3015
11.3311
11.3477
11.3505
11.3388
11.3119
11.2691
11.2101
11.1344
11.0419
10.9324
10.806
10.6629
10.5037
10.3288
10.1392
9.93596
9.72029
9.49329
9.2583
9.04874
8.86095
8.66132
8.44961
8.22847
7.99548
7.7749
7.49078
7.41201
6.76227
7.71087
4.66129
11.0833
6.38742
6.33862
6.28622
6.23266
6.17654
6.11684
6.05371
5.98746
5.91798
5.84458
5.76706
5.68629
5.60331
5.51868
5.43242
5.344
5.2522
5.15554
5.05241
4.9406
4.81744
4.68107
4.53147
4.3698
4.1972
4.01498
3.8242
3.62459
3.41532
3.19585
2.96602
2.72577
2.475
2.21366
1.94179
1.65952
1.36709
1.06486
0.753336
0.433172
0.105172
-0.229693
-0.57025
-0.915134
-1.2628
-1.61151
-1.95932
-2.30414
-2.64369
-2.97559
-3.29735
-3.6064
-3.90017
-4.17611
-4.43175
-4.66477
-4.87301
-5.05457
-5.20781
-5.33141
-5.42442
-5.48625
-5.51664
-5.51591
-5.48425
-5.42352
-5.3328
-5.23355
-5.12128
-5.00509
-4.83586
-4.70562
-4.43236
-4.36996
-3.84876
-4.12356
-2.90558
-4.33322
-1.05473
-6.07449
6.42785
6.46631
6.50717
6.54975
6.59448
6.6413
6.69035
6.74168
6.79539
6.85155
6.91024
6.97151
7.03547
7.10217
7.17166
7.24402
7.31928
7.39749
7.47869
7.56288
7.65006
7.74025
7.8334
7.92946
8.02835
8.13
8.23426
8.34097
8.44996
8.561
8.6738
8.78807
8.90346
9.01958
9.13597
9.25215
9.36757
9.48163
9.59371
9.70311
9.80909
9.91086
10.0076
10.0984
10.1825
10.2589
10.3266
10.3848
10.4326
10.4689
10.493
10.5041
10.5013
10.4839
10.4514
10.4032
10.339
10.2585
10.1616
10.0484
9.9192
9.77436
9.61456
9.44068
9.25386
9.05502
8.84729
8.66031
8.49175
8.31163
8.11964
7.91803
7.70508
7.50138
7.2416
7.16381
6.56754
7.45157
4.55346
10.7707
5.73731
5.69501
5.64962
5.60318
5.55453
5.50282
5.44807
5.39038
5.32976
5.26623
5.19935
5.12861
5.05436
4.97763
4.89921
4.81933
4.73765
4.65321
4.56476
4.47094
4.36984
4.25902
4.13655
4.00205
3.85641
3.70075
3.5363
3.36419
3.18439
2.99609
2.79875
2.59223
2.37644
2.15129
1.91677
1.67288
1.41973
1.15752
0.886586
0.607341
0.320356
0.0263227
-0.273888
-0.579237
-0.888529
-1.20039
-1.51326
-1.82541
-2.13494
-2.43984
-2.73793
-3.02696
-3.3046
-3.56848
-3.81629
-4.04573
-4.25465
-4.44104
-4.6031
-4.73926
-4.84828
-4.9292
-4.98138
-5.00474
-4.99898
-4.96559
-4.90315
-4.82899
-4.7395
-4.64659
-4.50295
-4.39642
-4.15295
-4.10957
-3.62862
-3.90381
-2.75541
-4.13302
-0.992434
-5.86473
5.77262
5.80642
5.8423
5.87974
5.91909
5.96032
6.00355
6.04884
6.09627
6.14592
6.19785
6.25216
6.30891
6.36818
6.43002
6.49452
6.56172
6.63169
6.70446
6.78008
6.85858
6.93997
7.02425
7.11141
7.20142
7.29423
7.38976
7.48791
7.58857
7.69157
7.79671
7.90377
8.01249
8.12255
8.2336
8.34523
8.457
8.5684
8.67889
8.78787
8.89468
8.99862
9.09894
9.19487
9.28556
9.37015
9.44775
9.51746
9.57835
9.62951
9.67003
9.69904
9.71572
9.71926
9.70896
9.68422
9.64451
9.58946
9.5188
9.43244
9.33047
9.21315
9.08095
8.93458
8.77497
8.60291
8.42128
8.25609
8.10618
7.94509
7.77244
7.59007
7.39694
7.21012
6.97467
6.89822
6.35632
7.17488
4.43505
10.4376
5.16919
5.13242
5.09298
5.05259
5.0103
4.96535
4.91779
4.86764
4.81476
4.75909
4.70075
4.63957
4.57492
4.50666
4.4356
4.36269
4.28835
4.21244
4.13426
4.05277
3.96677
3.87469
3.77439
3.66398
3.54281
3.41149
3.27101
3.12254
2.9672
2.80503
2.63525
2.45733
2.2711
2.07657
1.87372
1.66249
1.44289
1.21501
0.979041
0.735283
0.484112
0.226021
-0.0383574
-0.308237
-0.582709
-0.860704
-1.14097
-1.42212
-1.7026
-1.98071
-2.25459
-2.52231
-2.7818
-3.03094
-3.26757
-3.48956
-3.6948
-3.88129
-4.04717
-4.19073
-4.31053
-4.40538
-4.47431
-4.51695
-4.53256
-4.52229
-4.48435
-4.43228
-4.36318
-4.29122
-4.17115
-4.0863
-3.87112
-3.84491
-3.40373
-3.67709
-2.59982
-3.92409
-0.926865
-5.64395
5.20007
5.22976
5.26127
5.29418
5.32878
5.36507
5.40313
5.44305
5.48487
5.52869
5.57458
5.62262
5.67286
5.72538
5.78026
5.83757
5.89737
5.95971
6.02466
6.09227
6.16258
6.23562
6.31142
6.38998
6.47131
6.55539
6.64217
6.73161
6.82362
6.91811
7.01493
7.11392
7.21489
7.3176
7.42177
7.52709
7.6332
7.73969
7.84609
7.9519
8.05658
8.15949
8.26
8.35737
8.45086
8.53969
8.62302
8.69998
8.76969
8.83125
8.88377
8.92636
8.95815
8.97831
8.98608
8.98074
8.96168
8.9284
8.88051
8.81777
8.74009
8.64758
8.54054
8.41948
8.28515
8.13821
7.98127
7.83683
7.70478
7.56204
7.40811
7.24452
7.07081
6.90076
6.68939
6.6146
6.12831
6.87849
4.30872
10.0774
4.66559
4.63358
4.59924
4.56405
4.52721
4.48808
4.44668
4.40304
4.35701
4.30844
4.25726
4.20357
4.14741
4.08827
4.0256
3.95979
3.89189
3.82259
3.75193
3.6794
3.60412
3.52503
3.44076
3.34935
3.24896
3.13906
3.02033
2.89358
2.75965
2.61959
2.47354
2.32066
2.16022
1.99213
1.81651
1.63339
1.44273
1.24453
1.03889
0.826
0.606134
0.379644
0.146991
-0.0912356
-0.334341
-0.581493
-0.831712
-1.08388
-1.33672
-1.58886
-1.83874
-2.08468
-2.32491
-2.55753
-2.78063
-2.99226
-3.19043
-3.37321
-3.53872
-3.68529
-3.81132
-3.91547
-3.99656
-4.05396
-4.08665
-4.09543
-4.07819
-4.04517
-3.99405
-3.94058
-3.84195
-3.77637
-3.58828
-3.57632
-3.17573
-3.44255
-2.44169
-3.70254
-0.862713
-5.40622
4.69263
4.71874
4.74644
4.77539
4.80584
4.83778
4.87132
4.90649
4.94339
4.98206
5.02259
5.06503
5.10947
5.15598
5.20461
5.25544
5.30853
5.36395
5.42176
5.48202
5.54477
5.61006
5.67793
5.74841
5.8215
5.89721
5.97555
6.05647
6.13995
6.22591
6.31426
6.40489
6.49766
6.5924
6.68889
6.7869
6.88613
6.98626
7.08692
7.18768
7.28809
7.38762
7.48571
7.58173
7.67502
7.76487
7.85052
7.93118
8.00601
8.07418
8.13482
8.18704
8.22998
8.26282
8.28473
8.29494
8.2928
8.27769
8.24908
8.20669
8.15025
8.07968
7.99515
7.89702
7.78581
7.66208
7.52811
7.40322
7.28809
7.1628
7.02678
6.88131
6.72645
6.57297
6.38532
6.31192
5.88426
6.55812
4.18159
9.67795
4.22512
4.19734
4.16755
4.137
4.10504
4.07112
4.03524
3.99743
3.95756
3.9155
3.87118
3.82464
3.77602
3.72527
3.67151
3.61273
3.54733
3.47556
3.39916
3.31999
3.23956
3.15927
3.08076
3.00543
2.93276
2.85952
2.78077
2.69112
2.58604
2.46453
2.33108
2.19211
2.05016
1.90395
1.75146
1.59178
1.42501
1.25153
1.07155
0.885129
0.692368
0.493457
0.288724
0.0786153
-0.136371
-0.355579
-0.578266
-0.803556
-1.0304
-1.25771
-1.48417
-1.70837
-1.9288
-2.14384
-2.35179
-2.55088
-2.73931
-2.91527
-3.07698
-3.22277
-3.35102
-3.46034
-3.5494
-3.61734
-3.66297
-3.68684
-3.68659
-3.66949
-3.63391
-3.59621
-3.51709
-3.46762
-3.30621
-3.30367
-2.94708
-3.198
-2.28506
-3.4645
-0.807063
-5.14529
4.24867
4.27146
4.29562
4.32089
4.34749
4.37541
4.40472
4.43549
4.46778
4.50165
4.53717
4.5744
4.61341
4.65427
4.69703
4.74177
4.78856
4.83745
4.88852
4.94181
4.99738
5.05529
5.11557
5.17828
5.24345
5.31108
5.38118
5.45374
5.52878
5.60626
5.6861
5.76823
5.85255
5.93897
6.0273
6.11733
6.20888
6.3017
6.39548
6.48985
6.58446
6.67885
6.77254
6.86504
6.95574
7.04402
7.12921
7.21058
7.28741
7.35888
7.4242
7.48254
7.53302
7.57483
7.60722
7.62931
7.64042
7.63993
7.62715
7.60175
7.56337
7.51173
7.44688
7.36904
7.27856
7.17584
7.06288
6.95607
6.8567
6.74775
6.62865
6.50047
6.36361
6.2262
6.06204
5.98843
5.62601
6.20746
4.06296
9.23034
3.69609
3.67293
3.64802
3.62242
3.59565
3.56728
3.53727
3.50561
3.47226
3.43709
3.39998
3.36077
3.31935
3.27564
3.22987
3.18249
3.13349
3.08206
3.02753
2.97039
2.91171
2.85207
2.79097
2.72742
2.66051
2.58913
2.51153
2.42634
2.33418
2.23635
2.13245
2.02152
1.904
1.78114
1.65324
1.51998
1.38097
1.23606
1.08523
0.928577
0.766194
0.598204
0.424784
0.24621
0.062798
-0.124987
-0.316626
-0.511488
-0.708806
-0.907736
-1.10728
-1.30632
-1.50365
-1.69794
-1.88774
-2.07152
-2.24771
-2.41467
-2.57073
-2.71429
-2.84373
-2.95759
-3.05446
-3.13326
-3.19263
-3.23266
-3.25119
-3.25133
-3.23375
-3.21259
-3.15751
-3.12288
-2.99732
-2.99701
-2.70325
-2.91874
-2.12902
-3.1898
-0.769727
-4.85343
3.71588
3.73509
3.75543
3.77674
3.79917
3.82271
3.84746
3.87346
3.90075
3.92941
3.95949
3.99103
4.02411
4.05881
4.09515
4.13319
4.17305
4.21474
4.25834
4.30389
4.35147
4.40115
4.45295
4.50692
4.56311
4.62157
4.6823
4.74532
4.81065
4.87833
4.94827
5.02045
5.09484
5.17142
5.25
5.33045
5.41268
5.49653
5.58175
5.66808
5.75523
5.84283
5.93058
6.01805
6.10473
6.19015
6.27371
6.35477
6.43275
6.5069
6.5765
6.64084
6.69901
6.75028
6.79393
6.82908
6.85495
6.87093
6.87627
6.87044
6.85302
6.8236
6.78205
6.72837
6.66272
6.58541
6.49795
6.41324
6.33328
6.24452
6.1465
6.03997
5.92581
5.80878
5.6756
5.59986
5.32902
5.77782
3.95748
8.68204
3.14938
3.13108
3.1114
3.09115
3.06999
3.04756
3.02384
2.99883
2.97248
2.94471
2.91539
2.88439
2.85168
2.81732
2.7816
2.74517
2.70878
2.67291
2.63708
2.59966
2.55894
2.51401
2.46457
2.41021
2.35027
2.28464
2.2142
2.14015
2.06334
1.98427
1.90276
1.81723
1.72562
1.62759
1.52443
1.41711
1.30549
1.18907
1.06754
0.940897
0.809158
0.67243
0.530769
0.384307
0.233226
0.0777695
-0.0817082
-0.244814
-0.411034
-0.579758
-0.750285
-0.921829
-1.09343
-1.26406
-1.43261
-1.59779
-1.7583
-1.91271
-2.05955
-2.19735
-2.32455
-2.43974
-2.54143
-2.62846
-2.69928
-2.75371
-2.78946
-2.80653
-2.80582
-2.8025
-2.76909
-2.7546
-2.65731
-2.67518
-2.42161
-2.64294
-1.91923
-2.95235
-0.656889
-4.66819
3.16514
3.18054
3.19683
3.21392
3.23191
3.25082
3.2707
3.29162
3.31359
3.33669
3.36095
3.38641
3.41315
3.44124
3.47068
3.50155
3.53393
3.56786
3.60341
3.64062
3.67953
3.72027
3.76284
3.80726
3.85363
3.90199
3.95239
4.00485
4.05939
4.11606
4.17485
4.23574
4.29878
4.36394
4.43112
4.50028
4.57135
4.64424
4.71878
4.79483
4.87218
4.9506
5.02986
5.1096
5.18952
5.26923
5.34825
5.42607
5.50223
5.57612
5.6471
5.71457
5.77775
5.83595
5.88848
5.93454
5.97336
6.00425
6.02646
6.03937
6.04245
6.03523
6.01738
5.98869
5.94912
5.89884
5.839
5.77851
5.71999
5.65385
5.5796
5.49782
5.40956
5.3179
5.217
5.15426
4.9534
5.35227
3.703
8.32921
2.68684
2.6722
2.65646
2.64024
2.6233
2.60534
2.58632
2.56627
2.54516
2.5229
2.49941
2.47463
2.4485
2.42094
2.39186
2.36121
2.32894
2.29509
2.25981
2.2232
2.18487
2.14392
2.09982
2.05311
2.00486
1.95588
1.90609
1.85488
1.80128
1.74371
1.68083
1.6125
1.53934
1.46148
1.3787
1.2914
1.20032
1.10562
1.00698
0.904057
0.796743
0.685079
0.569102
0.448903
0.324565
0.196216
0.0640686
-0.0716316
-0.210531
-0.352229
-0.49622
-0.641943
-0.788693
-0.935697
-1.08209
-1.22687
-1.36898
-1.50725
-1.64045
-1.76729
-1.8864
-1.99648
-2.09613
-2.18418
-2.25912
-2.32059
-2.36629
-2.39424
-2.40512
-2.41455
-2.39742
-2.3987
-2.32399
-2.35802
-2.13702
-2.36841
-1.69705
-2.72109
-0.521921
-4.49421
2.69958
2.71205
2.72525
2.73909
2.75367
2.76902
2.78516
2.80213
2.81999
2.83876
2.85847
2.87918
2.90095
2.92382
2.94781
2.973
2.99943
3.02716
3.05624
3.0867
3.11858
3.15199
3.18694
3.22348
3.2617
3.30159
3.34322
3.38665
3.43189
3.47898
3.52796
3.57881
3.63159
3.6863
3.74289
3.80135
3.86165
3.92371
3.98747
4.05283
4.11966
4.18782
4.2571
4.32728
4.39818
4.46947
4.54078
4.61177
4.68204
4.75115
4.81853
4.8837
4.94607
5.00498
5.05985
5.10996
5.15462
5.19318
5.22492
5.24922
5.26555
5.27332
5.27215
5.26172
5.24184
5.21256
5.17478
5.13412
5.09349
5.04656
4.99285
4.9329
4.86779
4.79972
4.72816
4.68077
4.54229
4.91406
3.40613
7.98319
2.26526
2.25349
2.24086
2.22783
2.2142
2.19976
2.18448
2.16836
2.15139
2.13349
2.11461
2.09468
2.07368
2.05153
2.02816
2.00352
1.97755
1.95017
1.92139
1.89122
1.85983
1.82729
1.79324
1.75686
1.71766
1.67621
1.63358
1.59039
1.54651
1.50119
1.45326
1.40135
1.34473
1.28371
1.21862
1.14927
1.07568
0.998543
0.918369
0.835033
0.748173
0.657591
0.563253
0.465235
0.363613
0.258469
0.149919
0.0381111
-0.0767221
-0.194315
-0.314297
-0.436285
-0.55976
-0.684137
-0.808779
-0.932902
-1.05567
-1.17618
-1.29341
-1.40629
-1.51365
-1.61438
-1.70723
-1.79113
-1.86468
-1.92749
-1.97729
-2.01101
-2.02904
-2.04667
-2.04127
-2.05375
-1.99744
-2.04322
-1.85205
-2.08848
-1.47037
-2.47713
-0.38335
-4.2844
2.27553
2.28561
2.29629
2.30748
2.31928
2.33171
2.34478
2.35852
2.37299
2.38821
2.40421
2.42102
2.43871
2.45729
2.47679
2.4973
2.51883
2.54142
2.56514
2.59
2.61606
2.64337
2.67199
2.70195
2.73331
2.76608
2.80034
2.83612
2.87345
2.91237
2.95292
2.99511
3.03899
3.08455
3.13178
3.1807
3.2313
3.28353
3.33735
3.39272
3.44954
3.50771
3.56711
3.62759
3.68899
3.7511
3.81366
3.87638
3.93897
4.00109
4.0623
4.12222
4.18037
4.23622
4.28927
4.33894
4.38459
4.4257
4.46162
4.49175
4.5156
4.53259
4.5423
4.54443
4.53868
4.52502
4.50412
4.47913
4.45293
4.42181
4.38534
4.34408
4.29908
4.25228
4.20692
4.17498
4.09462
4.44015
3.0848
7.54535
1.87168
1.86242
1.85247
1.84221
1.83146
1.82008
1.80805
1.79535
1.78198
1.76788
1.75301
1.73732
1.72078
1.70334
1.68493
1.66554
1.64509
1.62352
1.6008
1.57688
1.55174
1.52543
1.49811
1.46977
1.43997
1.40792
1.3733
1.33674
1.29933
1.26161
1.22331
1.18363
1.14135
1.09543
1.04558
0.992083
0.934956
0.874099
0.809948
0.74318
0.673933
0.601913
0.526817
0.448558
0.367173
0.282744
0.195352
0.105079
0.0120628
-0.0835153
-0.181413
-0.281345
-0.382953
-0.485805
-0.589419
-0.693216
-0.796545
-0.898694
-0.998859
-1.09618
-1.18969
-1.27846
-1.36144
-1.43771
-1.50599
-1.56595
-1.61544
-1.65097
-1.67259
-1.69474
-1.69714
-1.71701
-1.67507
-1.7289
-1.56371
-1.80163
-1.23406
-2.21819
-0.233242
-4.04005
1.87981
1.88779
1.89625
1.90512
1.91448
1.92433
1.9347
1.94561
1.95708
1.96917
1.98189
1.99527
2.00933
2.02412
2.03966
2.05601
2.07318
2.0912
2.11013
2.13001
2.15088
2.17275
2.19569
2.21973
2.24492
2.27129
2.29887
2.32772
2.35786
2.38936
2.42221
2.45645
2.49214
2.52926
2.56783
2.60787
2.64939
2.69236
2.73677
2.78259
2.82975
2.87823
2.92792
2.97872
3.03051
3.08315
3.13648
3.19027
3.24427
3.29825
3.3519
3.40488
3.45686
3.50736
3.55602
3.60238
3.64589
3.6861
3.72248
3.75451
3.78172
3.80363
3.81981
3.82998
3.83385
3.83134
3.82291
3.80989
3.79498
3.77647
3.75404
3.72828
3.70017
3.67175
3.64861
3.63094
3.60151
3.92032
2.71579
7.02479
1.50996
1.50282
1.49515
1.48722
1.47891
1.47013
1.46084
1.45103
1.44071
1.42981
1.41832
1.40619
1.3934
1.37991
1.36568
1.35069
1.33488
1.31819
1.30059
1.28204
1.2625
1.24193
1.22037
1.19786
1.17452
1.1503
1.12467
1.09688
1.06679
1.03522
1.00317
0.970998
0.938251
0.904062
0.867345
0.827414
0.784265
0.73801
0.688573
0.636183
0.581495
0.524893
0.466209
0.405152
0.341576
0.275501
0.207005
0.136145
0.0629856
-0.012372
-0.089795
-0.16907
-0.249971
-0.332185
-0.41537
-0.49911
-0.582916
-0.666248
-0.748498
-0.828997
-0.906994
-0.981728
-1.05234
-1.1181
-1.1779
-1.23151
-1.27698
-1.31094
-1.333
-1.35637
-1.36301
-1.38675
-1.35524
-1.41368
-1.27013
-1.50661
-0.983933
-1.942
-0.0626618
-3.75732
1.51624
1.5224
1.52892
1.53576
1.54298
1.55058
1.55858
1.56698
1.57584
1.58516
1.59497
1.60529
1.61614
1.62755
1.63955
1.65217
1.66542
1.67934
1.69396
1.70933
1.72545
1.74237
1.76012
1.77872
1.79823
1.81867
1.84005
1.86244
1.88586
1.91036
1.93593
1.96262
1.99048
2.01951
2.0497
2.08111
2.11375
2.14759
2.18266
2.21894
2.25638
2.29498
2.33469
2.37543
2.41712
2.45967
2.50298
2.54689
2.59123
2.63582
2.68042
2.7248
2.76871
2.81178
2.85372
2.89419
2.93276
2.96904
3.0026
3.03307
3.06
3.083
3.10172
3.11587
3.12522
3.1297
3.1296
3.12504
3.11835
3.1092
3.0974
3.08363
3.06876
3.05516
3.04942
3.04335
3.05597
3.34722
2.28104
6.42038
1.13202
1.12676
1.1211
1.11524
1.10912
1.10264
1.0958
1.08858
1.08097
1.07295
1.06449
1.05557
1.04617
1.03626
1.02582
1.01482
1.00322
0.990985
0.978096
0.964517
0.950198
0.935116
0.919253
0.902607
0.885215
0.867154
0.848516
0.829146
0.808421
0.785704
0.761155
0.73574
0.710325
0.685058
0.659429
0.63259
0.60375
0.57255
0.53893
0.502736
0.463974
0.423128
0.380649
0.336431
0.290113
0.241508
0.190671
0.137763
0.0829336
0.0262846
-0.0320849
-0.0920339
-0.153382
-0.215904
-0.279344
-0.343401
-0.407722
-0.471915
-0.535538
-0.598111
-0.659077
-0.717872
-0.773847
-0.826467
-0.87484
-0.918848
-0.956825
-0.986009
-1.00556
-1.02705
-1.03453
-1.05873
-1.0338
-1.09333
-0.966904
-1.19831
-0.715423
-1.63897
0.130977
-3.39484
1.13668
1.14125
1.14611
1.1512
1.15657
1.16225
1.16822
1.1745
1.18113
1.1881
1.19544
1.20317
1.21131
1.21989
1.22891
1.23841
1.24838
1.25889
1.26993
1.28154
1.29373
1.30654
1.32
1.33411
1.34893
1.36446
1.38074
1.39779
1.41564
1.43432
1.45385
1.47424
1.49553
1.51773
1.54085
1.56491
1.58993
1.61589
1.6428
1.67068
1.69947
1.72918
1.75977
1.79117
1.82338
1.8563
1.88988
1.924
1.95855
1.9934
2.02839
2.06336
2.09812
2.13244
2.1661
2.19883
2.23035
2.26036
2.28855
2.31463
2.33826
2.35911
2.377
2.39161
2.40277
2.41047
2.41488
2.41541
2.41406
2.41121
2.4068
2.40149
2.3959
2.39266
2.39803
2.39765
2.43986
2.70099
1.74946
5.67243
0.828223
0.824629
0.820774
0.816792
0.812623
0.808203
0.803524
0.798596
0.793395
0.787889
0.782086
0.775963
0.769493
0.76267
0.755475
0.747871
0.739841
0.731376
0.722444
0.713012
0.703061
0.692562
0.681479
0.669793
0.657507
0.644633
0.631221
0.617368
0.6031
0.588085
0.5716
0.553228
0.533481
0.513371
0.493409
0.473243
0.452046
0.428979
0.40371
0.376434
0.347329
0.316418
0.284214
0.251461
0.218356
0.184545
0.149589
0.113284
0.0756452
0.0367584
-0.00329489
-0.0444476
-0.0866143
-0.129678
-0.17348
-0.21784
-0.262525
-0.307272
-0.35178
-0.395732
-0.438736
-0.480412
-0.520305
-0.558072
-0.593033
-0.625212
-0.653235
-0.675402
-0.690215
-0.707421
-0.712978
-0.73485
-0.71305
-0.770824
-0.656836
-0.879827
-0.431401
-1.30538
0.340451
-2.90391
0.831358
0.834392
0.837617
0.840993
0.844547
0.848284
0.852209
0.856341
0.860693
0.865263
0.870058
0.875095
0.880395
0.885968
0.891817
0.897951
0.904393
0.91117
0.918276
0.925726
0.933535
0.941733
0.950344
0.959358
0.968799
0.978693
0.98906
0.99991
1.01127
1.02316
1.03558
1.04857
1.06214
1.0763
1.09106
1.10647
1.12253
1.13923
1.15658
1.17462
1.19331
1.21265
1.23263
1.25325
1.27448
1.29626
1.31857
1.34136
1.36454
1.38803
1.41173
1.43555
1.45933
1.48296
1.50628
1.52909
1.55121
1.57245
1.5926
1.61146
1.6288
1.6444
1.65815
1.6698
1.67928
1.6866
1.69186
1.69455
1.69551
1.69551
1.69464
1.69358
1.69277
1.69537
1.70666
1.70723
1.7654
1.99434
1.13368
4.71576
0.341707
0.339327
0.336751
0.334079
0.331281
0.328319
0.325187
0.321881
0.318391
0.314698
0.310801
0.306686
0.30233
0.297721
0.292854
0.2877
0.282235
0.276448
0.270312
0.263798
0.256882
0.249531
0.241707
0.233368
0.224478
0.215003
0.204905
0.194114
0.182469
0.169786
0.155912
0.140734
0.124814
0.110562
0.102456
0.105226
0.121171
0.148659
0.182182
0.213702
0.235207
0.241421
0.23145
0.208862
0.179937
0.150205
0.122062
0.0953715
0.0692423
0.0431334
0.0169753
-0.0091153
-0.0350608
-0.0608413
-0.0864479
-0.111858
-0.137019
-0.161861
-0.186288
-0.210196
-0.233434
-0.255853
-0.277244
-0.297494
-0.316181
-0.333501
-0.348382
-0.360559
-0.368053
-0.378341
-0.379182
-0.395787
-0.374437
-0.425823
-0.324973
-0.523357
-0.135753
-0.874267
0.485217
-2.0326
0.34384
0.345967
0.348233
0.350613
0.353129
0.355777
0.35856
0.361506
0.364623
0.367903
0.37135
0.374982
0.378818
0.382857
0.387104
0.391569
0.396272
0.401228
0.406424
0.411879
0.417617
0.423639
0.429952
0.436562
0.443484
0.450723
0.458294
0.466194
0.474433
0.483027
0.491965
0.501262
0.510908
0.520902
0.531248
0.541949
0.553001
0.56438
0.576097
0.588138
0.600473
0.613096
0.626007
0.639178
0.652575
0.666191
0.679978
0.693908
0.707946
0.722037
0.73615
0.750216
0.764186
0.77799
0.791573
0.804848
0.817733
0.830177
0.842045
0.853241
0.863638
0.873134
0.881665
0.889068
0.895318
0.900434
0.904515
0.90693
0.908746
0.910509
0.912363
0.914498
0.916226
0.919279
0.926388
0.912454
0.950743
1.13791
0.36816
3.23057
0.302899
0.302865
0.302855
0.30285
0.302833
0.30281
0.302785
0.302752
0.302712
0.302672
0.302635
0.302599
0.302562
0.302528
0.30251
0.30251
0.302533
0.30259
0.302689
0.302852
0.303096
0.303446
0.303938
0.304594
0.305403
0.306303
0.307199
0.308146
0.309652
0.313054
0.320613
0.334732
0.356014
0.380841
0.400399
0.402837
0.37775
0.320663
0.235711
0.135944
0.0404157
-0.0320793
-0.0707584
-0.0775608
-0.0647127
-0.0464116
-0.0314802
-0.0220237
-0.0165572
-0.0133226
-0.0115639
-0.011233
-0.0123765
-0.0148974
-0.0185895
-0.0232438
-0.0286683
-0.0346861
-0.0411215
-0.0478187
-0.054624
-0.0614164
-0.0680523
-0.0745026
-0.0805269
-0.0864195
-0.0915152
-0.096676
-0.0988983
-0.103596
-0.101705
-0.112259
-0.0958638
-0.1321
-0.0639258
-0.193491
0.0461736
-0.376176
0.390556
-0.878373
0.302906
0.302872
0.302825
0.302757
0.302674
0.302574
0.302445
0.302293
0.302117
0.301911
0.301671
0.301393
0.301081
0.300727
0.300328
0.299879
0.29938
0.298833
0.298223
0.297553
0.296829
0.296038
0.295179
0.294255
0.293266
0.292209
0.291091
0.289908
0.288665
0.287373
0.286034
0.284656
0.283241
0.281807
0.280366
0.278926
0.2775
0.276102
0.274759
0.273474
0.272256
0.271124
0.270101
0.269189
0.268402
0.267757
0.267253
0.266901
0.266704
0.26667
0.266801
0.267072
0.267475
0.267965
0.268515
0.269068
0.269591
0.270074
0.270461
0.270744
0.270914
0.270978
0.270953
0.270833
0.270721
0.270577
0.270537
0.271869
0.271131
0.269069
0.26594
0.262485
0.259611
0.261175
0.271817
0.275222
0.309416
0.409822
0.00585913
1.35223
)
;

boundaryField
{
    inlet
    {
        type            freestreamPressure;
        freestreamValue uniform 0;
        value           nonuniform List<scalar> 
134
(
0.742688
0.0445759
-0.682809
-1.3123
-1.76497
-2.03873
-2.08059
-1.88652
-1.46113
-0.682075
-0.125425
-0.202952
-0.339508
-0.46831
-0.598713
-0.735376
-0.879533
-1.03192
-1.19469
-1.37172
1.4253
-1.56835
-1.78732
-2.01848
-2.23578
-2.39287
-2.46917
-2.60389
-2.6073
-2.6588
-3.17462
-2.91865
-2.92958
-2.98654
-3.02889
-3.04996
-3.07036
-3.12301
-3.25492
-3.41479
2.069
2.73279
3.2965
3.6086
3.55803
2.95268
1.59351
-3.76572
-3.68366
-3.55531
-3.47222
-3.41079
-3.34187
-3.26413
-3.18449
-3.10499
-3.02447
-2.94194
-2.85739
-2.77086
-2.68184
-2.58945
-2.49216
-2.38734
-2.27224
-2.14339
-2.06161
-1.98475
-1.89201
-1.78395
-1.65887
-1.49854
-1.28144
-0.896627
-0.387253
0.552189
1.2222
1.96429
2.69715
3.40917
4.08381
4.65608
5.09348
5.40651
5.60551
5.71749
5.77253
5.79687
5.81173
5.8481
5.95559
6.15321
6.36836
6.54482
6.68955
6.8149
6.92318
7.0105
7.07491
7.11764
7.1425
7.15854
7.1841
7.26564
7.4735
7.92324
8.11282
7.92177
7.70209
7.56146
7.44621
7.3151
7.1716
7.02636
6.88053
6.73119
6.57667
6.41623
6.24891
6.07287
5.88528
5.68247
5.45757
5.20553
4.89671
4.69824
4.50373
4.25754
3.96476
3.62469
3.20358
2.66447
1.82618
0.764983
)
;
    }
    outlet
    {
        type            freestreamPressure;
        freestreamValue uniform 0;
        value           nonuniform List<scalar> 
160
(
0.000904513
0.000904603
0.000904341
0.000904572
0.000904235
0.000904513
0.000904135
0.000904395
0.000903997
0.000904239
0.000903836
0.000904039
0.00090366
0.000903757
0.000903458
0.000903415
0.000903227
0.00090301
0.000902989
0.000902523
0.000902752
0.000901942
0.000902511
0.000901259
0.000902258
0.000900483
0.000902007
0.000899593
0.000901791
0.00089858
0.00090162
0.000897432
0.000901507
0.000896147
0.000901483
0.000894732
0.000901574
0.000893144
0.000901836
0.000891395
0.000902325
0.0008895
0.000903108
0.000887425
0.000904299
0.000885165
0.000905975
0.000882733
0.000908133
0.000880128
0.000910608
0.000877344
0.000913089
0.000874404
0.00091562
0.000871298
0.000919453
0.000868039
0.000928254
0.000864667
0.000948538
0.000861183
0.000987556
0.00085762
0.00104773
0.000853985
0.00111961
0.000850333
0.00117859
0.000846702
0.00119025
0.00084312
0.00112224
0.000839632
0.000957966
0.000836281
0.000706908
0.000833151
0.000408082
0.000830262
0.000121056
0.000827642
-9.56658e-05
0.000825359
-0.000209938
0.000823482
-0.000229104
0.000822031
-0.000190594
0.000821054
-0.00013651
0.000820616
-9.25713e-05
0.000820722
-6.47792e-05
0.000821417
-4.87154e-05
0.000822722
-3.92069e-05
0.000824677
-3.40369e-05
0.000827306
-3.3069e-05
0.000830548
-3.64444e-05
0.00083439
-4.38817e-05
0.000838722
-5.47798e-05
0.000843468
-6.85313e-05
0.000848479
-8.45805e-05
0.000853666
-0.000102419
0.000859017
-0.000121541
0.000864377
-0.000141506
0.000869734
-0.000161876
0.000875084
-0.000182311
0.000880464
-0.000202407
0.000885952
-0.000222092
0.000891553
-0.000240678
0.000897622
-0.000259039
0.000904071
-0.000275247
0.000911392
-0.000291656
0.000922711
-0.00029935
0.000926433
-0.000314476
0.000926346
-0.00031033
0.000923276
-0.000343253
0.000919795
-0.000296
0.000919159
-0.000406535
0.000935209
-0.000201421
0.000985543
-0.000594678
0.00101321
0.000151679
0.00115607
-0.00111969
0.00155897
0.00141852
2.34844e-05
-0.00227726
0.00500605
)
;
    }
    walls
    {
        type            zeroGradient;
    }
    frontAndBack
    {
        type            empty;
    }
}


// ************************************************************************* //
