/*--------------------------------*- C++ -*----------------------------------*\
| =========                 |                                                 |
| \\      /  F ield         | OpenFOAM: The Open Source CFD Toolbox           |
|  \\    /   O peration     | Version:  2312                                  |
|   \\  /    A nd           | Website:  www.openfoam.com                      |
|    \\/     M anipulation  |                                                 |
\*---------------------------------------------------------------------------*/
FoamFile
{
    version     2.0;
    format      ascii;
    arch        "LSB;label=32;scalar=64";
    class       volScalarField;
    location    "150";
    object      p;
}
// * * * * * * * * * * * * * * * * * * * * * * * * * * * * * * * * * * * * * //

dimensions      [0 2 -2 0 0 0 0];

internalField   nonuniform List<scalar> 
10720
(
-39.128
-108.792
-190.786
-272.088
-347.815
-425.135
-494.211
-552.734
-603.919
-644.461
-675.92
-699.435
-716.053
-726.8
-731.791
-730.416
-723.511
-710.008
-691.192
-666.754
-639.409
-611.282
-585.794
-557.752
-518.78
-470.281
-420.735
-376.799
-338.515
-302.606
-267.149
-231.913
-196.942
-161.899
-126.405
-89.493
-51.3616
-7.23614
28.4419
30.124
93.1314
159.579
221.133
273.235
311.73
332.808
338.762
334.444
319.419
297.325
273.264
249.335
226.369
205.032
185.055
166.436
148.722
131.641
114.68
97.7856
80.642
63.3468
46.3223
31.4748
19.8498
10.3574
2.71757
-2.89605
-6.53628
-8.45015
-8.78167
-7.61283
-4.94962
-0.782379
5.2515
13.736
27.9829
52.1546
57.819
4.91265
-54.5128
-117.839
-183.125
-250.14
-315.424
-376.905
-433.86
-484.547
-528.62
-566.08
-596.945
-621.166
-638.61
-648.834
-652.552
-649.621
-640.95
-626.8
-609.216
-590.014
-571.029
-547.576
-512.438
-466.606
-418.62
-375.372
-337.357
-301.6
-266.248
-231.092
-196.206
-161.27
-125.895
-89.0951
-51.0572
-6.93131
28.1197
105.323
150.46
195.246
238.121
275.548
304.838
322.821
329.504
326.27
314.033
295.948
275.205
253.537
231.914
211.054
191.126
172.207
154.097
136.588
119.336
102.233
85.0674
67.9247
51.2397
36.5128
24.6808
15.0313
7.13495
0.960598
-3.38726
-5.92375
-6.74971
-5.96981
-3.61603
0.311622
6.16653
14.5164
28.6867
51.8991
70.2545
22.7523
-30.8755
-90.1744
-151.875
-215.351
-279.011
-340.259
-397.529
-449.792
-495.79
-535.072
-567.216
-592.213
-610.379
-622.034
-627.301
-626.16
-619.127
-606.678
-590.244
-571.425
-551.724
-528.477
-496.217
-454.702
-410.532
-369.746
-333.199
-298.503
-264.015
-229.536
-195.126
-160.494
-125.316
-88.6597
-50.7361
-6.70077
28.2043
113.002
154.307
195.152
233.579
266.465
292.139
308.55
315.765
314.388
305.142
290.272
272.039
252.109
231.622
211.392
191.809
173.023
154.975
137.507
120.361
103.393
86.4577
69.6182
53.265
38.5817
26.4812
16.5722
8.48861
2.22023
-2.147
-4.6843
-5.55296
-4.8701
-2.64733
1.14784
6.88645
15.1463
29.1792
51.4954
89.8785
49.9969
4.35686
-45.9322
-98.8716
-154.416
-210.917
-266.64
-320.289
-370.702
-416.759
-457.735
-493.094
-522.635
-546.227
-564.041
-575.632
-580.894
-580.024
-573.44
-562.12
-547.308
-530.078
-508.839
-479.738
-442.346
-401.757
-363.268
-328.085
-294.421
-260.853
-227.16
-193.395
-159.29
-124.516
-88.1546
-50.4348
-6.61716
28.3313
125.533
159.638
193.677
226.299
254.582
277.194
292.495
300.159
300.37
293.742
281.889
266.534
249.071
230.561
211.786
193.205
175.052
157.388
140.144
123.161
106.328
89.5644
72.9422
56.8261
42.1912
29.8962
19.7595
11.4453
4.91
0.214346
-2.7035
-3.94662
-3.59118
-1.63088
1.9701
7.57156
15.732
29.5885
51.0451
94.5974
59.1047
18.2934
-26.978
-74.7609
-125.474
-177.753
-230.024
-281.3
-330.427
-376.266
-418.01
-454.965
-486.606
-512.599
-532.711
-546.571
-554.174
-555.642
-551.437
-542.34
-529.419
-513.516
-493.574
-466.668
-432.221
-394.235
-357.415
-323.217
-290.336
-257.516
-224.513
-191.355
-157.783
-123.472
-87.5191
-50.1287
-6.66451
28.2815
126.398
156.652
186.941
215.987
241.206
261.671
276.142
284.126
285.626
281.18
271.933
259.195
244.074
227.5
210.214
192.708
175.289
158.114
141.202
124.484
107.893
91.3924
75.0654
59.2474
44.7413
32.3281
21.9897
13.4576
6.69254
1.76248
-1.36287
-2.77129
-2.54506
-0.694403
2.81017
8.32263
16.3887
30.0311
50.585
96.981
65.5318
29.1932
-11.0884
-53.6047
-99.0565
-146.178
-193.716
-240.95
-286.829
-330.394
-370.88
-407.54
-439.757
-467.083
-489.14
-505.757
-516.721
-521.981
-521.765
-516.564
-507.126
-494.008
-476.469
-452.336
-421.08
-385.932
-351.081
-318.141
-286.2
-254.175
-221.846
-189.268
-156.213
-122.368
-86.8468
-49.8524
-6.87275
28.0212
125.168
151.892
178.847
204.889
227.628
246.385
260.163
268.34
270.825
268.111
261.041
250.626
237.742
223.165
207.559
191.391
174.995
158.579
142.234
125.96
109.742
93.5854
77.5907
62.0751
47.7216
35.2393
24.7342
16.0165
9.05088
3.90143
0.550317
-1.08909
-1.09337
0.535277
3.84044
9.18083
17.0888
30.4568
50.083
95.8963
67.5108
34.6277
-1.8508
-40.2734
-81.5636
-124.598
-168.283
-212.136
-255.229
-296.732
-335.963
-372.17
-404.696
-433.009
-456.646
-475.21
-488.37
-495.928
-498.035
-495.098
-487.716
-476.329
-460.478
-438.598
-410.178
-377.71
-344.803
-313.129
-282.126
-250.896
-219.238
-187.213
-154.638
-121.244
-86.1805
-49.6552
-7.27085
27.5209
121.364
145.439
169.853
193.547
214.32
231.709
244.878
253.132
256.363
255.011
249.728
241.308
230.44
217.753
203.815
189.044
173.763
158.216
142.54
126.796
111.02
95.2594
79.6328
64.4428
50.2798
37.7874
27.158
18.2787
11.1241
5.75738
2.17551
0.311048
0.099491
1.54694
4.70111
9.91392
17.6946
30.7834
49.5049
93.3631
67.586
37.6674
4.50704
-30.3225
-67.8634
-107.084
-147.031
-187.391
-227.372
-266.259
-303.483
-338.355
-370.233
-398.549
-422.785
-442.456
-457.283
-467.023
-471.653
-471.377
-466.556
-457.447
-443.721
-424.271
-398.675
-368.877
-337.98
-307.675
-277.705
-247.358
-216.452
-185.054
-153.008
-120.084
-85.4887
-49.5013
-7.82005
26.7436
116.527
138.38
160.67
182.41
201.55
217.803
230.413
238.652
242.439
242.149
238.313
231.575
222.483
211.542
199.224
185.879
171.808
157.254
142.383
127.297
112.073
96.7925
81.5938
66.7668
52.8389
40.3967
29.6915
20.6839
13.3661
7.8035
4.00939
1.93193
1.51434
2.76694
5.74347
10.791
18.3978
31.1379
48.9255
89.7782
66.1689
38.7364
8.35573
-23.4515
-57.7886
-93.7218
-130.392
-167.625
-204.731
-241.114
-276.315
-309.713
-340.71
-368.751
-393.29
-413.815
-429.934
-441.333
-447.832
-449.514
-446.627
-439.341
-427.437
-410.137
-387.094
-359.8
-330.878
-301.971
-273.073
-243.639
-213.516
-182.779
-151.301
-118.878
-84.7703
-49.3455
-8.43845
25.7067
111.027
131.045
151.566
171.666
189.428
204.712
216.802
224.966
229.152
229.686
227.015
221.679
214.124
204.753
193.949
181.999
169.161
155.664
141.677
127.329
112.73
97.99
83.2616
68.8289
55.172
42.8298
32.0921
22.9855
15.525
9.78027
5.77975
3.48897
2.86261
3.91955
6.71993
11.6038
19.0335
31.4072
48.2841
85.6513
63.9015
38.6137
10.6434
-18.5441
-50.0748
-83.0807
-116.787
-151.117
-185.466
-219.346
-252.391
-284.051
-313.806
-341.124
-365.459
-386.291
-403.182
-415.805
-423.9
-427.405
-426.426
-421.016
-411.001
-395.831
-375.238
-350.373
-323.435
-295.984
-268.208
-239.727
-210.424
-180.38
-149.501
-117.615
-84.0282
-49.1737
-9.10019
24.4865
105.261
123.715
142.726
161.42
177.997
192.429
204.034
212.078
216.539
217.709
215.975
211.799
205.555
197.572
188.158
177.536
165.923
153.515
140.474
126.94
113.04
98.9055
84.7013
70.7047
57.3626
45.1758
34.4571
25.2896
17.7151
11.8107
7.61963
5.12623
4.29635
5.15574
7.7715
12.4745
19.7001
31.6584
47.6123
81.2312
61.0874
37.6587
11.7793
-15.1301
-44.2075
-74.637
-105.713
-137.417
-169.225
-200.74
-231.68
-261.563
-289.939
-316.326
-340.207
-361.062
-378.438
-391.948
-401.283
-406.246
-406.848
-403.076
-394.783
-381.579
-363.255
-340.689
-315.701
-289.732
-263.118
-235.625
-207.175
-177.86
-147.612
-116.297
-83.2677
-48.9947
-9.82288
23.1334
99.4249
116.533
134.237
151.71
167.255
180.926
192.069
199.964
204.605
206.263
205.277
202.057
196.927
190.154
181.992
172.611
162.179
150.859
138.796
126.124
112.978
99.5029
85.8675
72.3436
59.3555
47.3729
36.7203
27.5279
19.8662
13.822
9.45362
6.7639
5.73272
6.39366
8.82144
13.336
20.3432
31.8598
46.904
76.701
57.9656
36.1705
12.13
-12.7803
-39.6907
-67.8295
-96.5452
-125.868
-155.334
-184.617
-213.506
-241.59
-268.485
-293.762
-316.939
-337.525
-355.058
-369.122
-379.394
-385.57
-387.572
-385.32
-378.665
-367.324
-351.132
-330.753
-307.679
-283.216
-257.802
-231.333
-203.772
-175.219
-145.638
-114.925
-82.4937
-48.8283
-10.6164
21.6569
93.6572
109.59
126.147
142.539
157.178
170.158
180.857
188.586
193.333
195.362
194.976
192.542
188.348
182.624
175.576
167.332
158.018
147.762
136.683
124.904
112.556
99.7861
86.7624
73.7505
61.157
49.4273
38.8903
29.7132
21.9956
15.8364
11.3088
8.43468
7.20847
7.67103
9.90517
14.2182
20.9851
32.0255
46.1647
72.1777
54.685
34.3379
11.9265
-11.2153
-36.2018
-62.2997
-88.8988
-116.069
-143.397
-170.605
-197.548
-223.871
-249.256
-273.33
-295.656
-315.774
-333.234
-347.598
-358.536
-365.671
-368.842
-367.923
-362.764
-353.143
-338.926
-320.608
-299.395
-276.448
-252.265
-226.852
-200.213
-172.458
-143.576
-113.501
-81.7053
-48.6871
-11.4796
20.0651
88.036
102.936
118.472
133.901
147.73
160.081
170.356
177.9
182.699
185.005
185.096
183.307
179.902
175.079
169.013
161.797
153.524
144.289
134.182
123.306
111.782
99.7504
87.3745
74.9108
62.75
51.318
40.9434
31.8217
24.0797
17.8306
13.1623
10.1152
8.69992
8.96483
11.0015
15.103
21.6124
32.1505
45.3968
67.7365
51.3514
32.2989
11.3432
-10.2214
-33.4885
-57.759
-82.4541
-107.676
-133.049
-158.339
-183.445
-208.07
-231.95
-254.769
-276.138
-295.628
-312.814
-327.253
-338.612
-346.484
-350.629
-350.882
-347.085
-339.054
-326.668
-310.286
-290.873
-269.44
-246.511
-222.182
-196.495
-169.571
-141.425
-112.022
-80.9003
-48.5724
-12.4105
18.3703
82.6142
96.5914
111.216
125.777
138.876
150.644
160.515
167.864
172.671
175.182
175.652
174.391
171.646
167.595
162.387
156.093
148.777
140.505
131.34
121.362
110.673
99.4029
87.7044
75.8211
64.1287
53.037
42.8706
33.8453
26.1127
19.8012
15.0132
11.8076
10.2115
10.2809
12.1162
15.9952
22.228
32.2391
44.6046
63.4253
48.0367
30.1491
10.5038
-9.64621
-31.3691
-53.9925
-76.9721
-100.426
-124.011
-147.53
-170.921
-193.932
-216.347
-237.898
-258.244
-276.996
-293.757
-308.099
-319.676
-328.083
-333.011
-334.268
-331.687
-325.104
-314.401
-299.827
-282.142
-262.208
-240.548
-217.326
-192.62
-166.56
-139.184
-110.489
-80.0785
-48.48
-13.4068
16.5804
77.4211
90.5683
104.368
118.143
130.575
141.802
151.288
158.434
163.216
165.873
166.643
165.815
163.623
160.23
155.77
150.296
143.85
136.474
128.208
119.105
109.251
98.7542
87.7546
76.478
65.2856
54.5731
44.658
35.7696
28.0808
21.7353
16.85
13.5014
11.7338
11.6109
13.2419
16.8885
22.8276
32.2915
43.7919
59.2745
44.7896
27.9574
9.49915
-9.37469
-29.7003
-50.8335
-72.2595
-94.1063
-116.057
-137.948
-159.743
-181.228
-202.231
-222.526
-241.818
-259.757
-275.979
-290.078
-301.699
-310.463
-316.005
-318.108
-316.599
-311.324
-302.16
-289.267
-273.23
-254.769
-234.386
-212.29
-188.59
-163.424
-136.852
-108.901
-79.2398
-48.4082
-14.4606
14.7016
72.4717
84.8678
97.916
110.973
122.792
133.515
142.633
149.571
154.303
157.059
158.065
157.59
155.861
153.029
149.217
144.466
138.805
132.255
124.835
116.576
107.54
97.8188
87.5303
76.8816
66.2177
55.9192
46.2955
37.5836
29.9735
23.6237
18.665
15.1909
13.2627
12.952
14.3765
17.7812
23.4101
32.3105
42.9629
55.3037
41.6415
25.7709
8.39536
-9.32062
-28.376
-48.1567
-68.1691
-88.5509
-109.009
-129.402
-149.714
-169.767
-189.421
-208.492
-226.723
-243.806
-259.408
-273.15
-284.678
-293.639
-299.64
-302.44
-301.861
-297.753
-289.987
-278.647
-264.171
-247.148
-228.039
-207.081
-184.407
-160.164
-134.429
-107.258
-78.3841
-48.3558
-15.5645
12.7416
67.7717
79.4842
91.8435
104.24
115.493
125.742
134.508
141.237
145.897
148.718
149.906
149.72
148.377
146.024
142.772
138.658
133.699
127.903
121.27
113.813
105.573
96.6167
87.0429
77.0362
66.9228
57.0691
47.7734
39.2757
31.779
25.4552
20.4483
16.8675
14.791
14.2983
15.5152
18.6696
23.9734
32.2981
42.1216
51.5227
38.6137
23.6269
7.24016
-9.41679
-27.315
-45.8599
-64.5841
-83.6266
-102.717
-121.729
-140.67
-159.383
-177.761
-195.652
-212.833
-229.037
-243.962
-257.258
-268.582
-277.606
-283.929
-287.288
-287.502
-284.425
-277.919
-268.005
-254.997
-239.366
-221.52
-201.707
-180.077
-156.782
-131.916
-105.559
-77.5097
-48.3218
-16.7096
10.7126
63.3209
74.4064
86.1302
97.9168
108.644
118.447
126.876
133.394
137.971
140.825
142.155
142.203
141.184
139.237
136.469
132.913
128.579
123.465
117.559
110.857
103.378
95.1698
86.3063
76.9486
67.4027
58.0191
49.084
40.836
33.4867
27.2195
22.1903
18.5231
16.3119
15.6444
16.6534
19.5505
24.5158
32.2569
41.2732
47.9351
35.7203
21.5464
6.07162
-9.61636
-26.4519
-43.8656
-61.4085
-79.2257
-97.0598
-114.802
-132.472
-149.937
-167.111
-183.872
-200.029
-215.349
-229.563
-242.351
-253.385
-262.356
-268.88
-272.674
-273.551
-271.372
-265.992
-257.379
-245.744
-231.45
-214.847
-196.179
-175.606
-153.282
-129.313
-103.804
-76.6161
-48.3042
-17.888
8.62591
59.1156
69.6227
80.7588
91.9798
102.214
111.597
119.703
126.012
130.492
133.357
134.794
135.034
134.286
132.685
130.333
127.265
123.485
118.986
113.745
107.746
100.989
93.5019
85.336
76.6281
67.6614
58.7682
50.2216
42.2556
35.0865
28.9061
23.8812
20.1488
17.8178
16.9842
17.7863
20.4202
25.0359
32.1897
40.4223
44.5416
32.9691
19.5471
4.91421
-9.88031
-25.7388
-42.1109
-58.5704
-75.261
-91.94
-108.51
-125.004
-141.304
-157.346
-173.033
-188.201
-202.648
-216.135
-228.37
-239.049
-247.875
-254.496
-258.609
-260.029
-258.622
-254.24
-246.807
-236.448
-223.429
-208.041
-190.511
-171.001
-149.666
-126.623
-101.994
-75.7013
-48.2998
-19.0908
6.49455
55.149
65.1209
75.7108
86.4045
96.1765
105.16
112.956
119.059
123.435
126.293
127.809
128.205
127.683
126.377
124.385
121.742
118.452
114.503
109.867
104.516
98.4379
91.6397
84.1523
76.0879
67.7051
59.3169
51.1822
43.5272
36.5687
30.5049
25.511
21.7355
19.3006
18.3111
18.9086
21.2751
25.5323
32.0992
39.5734
41.3391
30.3633
17.6401
3.78827
-10.1809
-25.1363
-40.5483
-56.0089
-71.6613
-87.2753
-102.765
-118.169
-133.387
-148.369
-163.039
-177.258
-190.851
-203.605
-215.259
-225.533
-234.142
-240.769
-245.101
-246.956
-246.205
-242.698
-236.326
-227.143
-215.332
-201.122
-184.717
-166.273
-145.942
-123.847
-100.129
-74.7635
-48.3044
-20.3086
4.33204
51.4143
60.8875
70.9679
81.1675
90.5046
99.1107
106.609
112.51
116.776
119.611
121.185
121.706
121.374
120.319
118.638
116.365
113.506
110.048
105.958
101.202
95.7556
89.61
82.7766
75.3426
67.5423
59.6684
51.9639
44.6449
37.9254
32.0064
27.07
23.274
20.7523
19.618
20.0146
22.1114
26.0036
31.9884
38.7313
38.3236
27.904
15.8315
2.70706
-10.4961
-24.6147
-39.1375
-53.6756
-68.3673
-82.9981
-97.4887
-111.884
-126.096
-140.087
-153.799
-167.112
-179.876
-191.906
-202.965
-212.798
-221.132
-227.689
-232.153
-234.343
-234.139
-231.393
-225.969
-217.865
-207.189
-194.115
-178.814
-161.433
-142.116
-120.991
-98.2099
-73.8007
-48.3132
-21.5309
2.15302
47.9015
56.9094
66.5121
76.2478
85.1743
93.4225
100.635
106.337
110.49
113.292
114.904
115.527
115.353
114.512
113.099
111.149
108.67
105.648
102.05
97.8358
92.9728
87.4396
81.2299
74.4083
67.184
59.8284
52.5672
45.6047
39.1492
33.4017
28.5485
24.7548
22.1641
20.8976
21.0986
22.9252
26.4487
31.86
37.9008
35.4894
25.5892
14.1257
1.68063
-10.8112
-24.1504
-37.8483
-51.5307
-65.3343
-79.0535
-92.6193
-106.079
-119.354
-132.42
-145.231
-157.685
-169.653
-180.972
-191.432
-200.8
-208.819
-215.243
-219.764
-222.202
-222.446
-220.353
-215.769
-208.646
-199.032
-187.044
-172.821
-156.493
-138.195
-118.056
-96.2371
-72.8105
-48.321
-22.7487
-0.0291473
44.6009
53.1741
62.3282
71.6258
80.1648
88.0725
95.0102
100.517
104.554
107.315
108.951
109.655
109.614
108.957
107.775
106.106
103.961
101.325
98.1673
94.4443
90.1176
85.155
79.5356
73.3035
66.6431
59.804
52.9943
46.4042
40.2344
34.6831
29.9377
26.1688
23.5277
22.1421
22.1545
23.7126
26.8667
31.7167
37.086
32.8297
23.4166
12.5238
0.715081
-11.1124
-23.7256
-36.6553
-49.543
-62.5213
-75.3969
-88.1048
-100.696
-113.1
-125.302
-137.266
-148.908
-160.115
-170.744
-180.608
-189.498
-197.173
-203.413
-207.926
-210.537
-211.139
-209.6
-205.756
-199.52
-190.891
-179.935
-166.758
-151.468
-134.19
-115.049
-94.2118
-71.7906
-48.3211
-23.9506
-2.19928
41.5032
49.6678
58.3997
67.2844
75.456
83.0385
89.712
95.0283
98.9498
101.662
103.311
104.079
104.15
103.649
102.667
101.245
99.3915
97.0982
94.333
91.0532
87.2158
82.7813
77.7166
72.047
65.9339
59.6044
53.2489
47.0433
41.1771
35.8433
31.229
27.5071
24.834
23.3437
23.1761
24.4696
27.2564
31.561
36.291
30.3372
21.3823
11.026
-0.185727
-11.391
-23.3259
-35.5383
-47.6855
-59.897
-71.9881
-83.8991
-95.6826
-107.277
-118.673
-129.844
-140.719
-151.201
-161.165
-170.444
-178.851
-186.163
-192.179
-196.632
-199.348
-200.23
-199.155
-195.956
-190.517
-182.795
-172.815
-160.645
-146.375
-130.111
-111.974
-92.136
-70.7377
-48.3072
-25.1262
-4.34325
38.5987
46.3789
54.712
63.2053
71.0281
78.3006
84.7204
89.8521
93.6575
96.3164
97.968
98.7865
98.952
98.5855
97.7767
96.5678
94.9718
92.9807
90.5651
87.6834
84.2908
80.3416
75.7942
70.658
65.0714
59.2405
53.3374
47.5229
41.9744
36.8773
32.4149
28.7609
26.0748
24.4948
24.1573
25.1924
27.6171
31.3952
35.5195
28.0047
19.4819
9.63064
-1.01967
-11.6414
-22.9407
-34.4823
-45.9384
-57.4349
-68.7953
-79.9657
-90.9978
-101.837
-112.482
-122.91
-133.063
-142.857
-152.184
-160.894
-168.819
-175.756
-181.519
-185.869
-188.635
-189.727
-189.036
-186.394
-181.665
-174.775
-165.71
-154.506
-141.229
-125.969
-108.84
-90.0104
-69.6503
-48.2713
-26.2645
-6.4459
35.8777
43.295
51.2509
59.3728
66.864
73.8406
80.0161
84.969
88.6592
91.2613
92.9081
93.766
94.0103
93.7592
93.1007
92.0784
90.7078
88.9834
86.8787
84.3536
81.363
77.8577
73.7896
69.1547
64.0714
58.724
53.2671
47.846
42.6252
37.7802
33.4887
29.9224
27.2419
25.5875
25.0918
25.8769
27.9477
31.2212
34.7746
25.8251
17.7095
8.33571
-1.78574
-11.8588
-22.5613
-33.4745
-44.2841
-55.1128
-65.7916
-76.272
-86.6047
-96.7418
-106.684
-116.418
-125.892
-135.036
-143.754
-151.914
-159.364
-165.921
-171.411
-175.624
-178.391
-179.633
-179.255
-177.09
-172.991
-166.857
-158.645
-148.362
-136.048
-121.777
-105.652
-87.8391
-68.5247
-48.2067
-27.3562
-8.49269
33.3304
40.4045
48.0031
55.7727
62.9477
69.6422
75.5825
80.3615
83.938
86.4811
88.117
89.005
89.3153
89.1634
88.6357
87.7767
86.6041
85.115
83.2858
81.0791
78.4504
75.3494
71.723
67.5569
62.9504
58.0678
53.0467
48.0175
43.1302
38.5493
34.4448
30.9846
28.3274
26.6145
25.9734
26.5193
28.2474
31.0404
34.0587
23.7906
16.0607
7.13753
-2.4838
-12.0407
-22.1817
-32.5046
-42.7094
-52.9128
-62.9554
-72.792
-82.4733
-91.9547
-101.242
-110.327
-119.163
-127.694
-135.833
-143.463
-150.45
-156.627
-161.831
-165.88
-168.609
-169.951
-169.822
-168.063
-164.518
-159.069
-151.648
-142.237
-130.851
-117.548
-102.419
-85.6229
-67.3592
-48.1065
-28.39
-10.4707
30.9476
37.6967
44.9567
52.3908
59.2644
65.6892
71.4033
76.0137
79.4784
81.9609
83.5815
84.492
84.8579
84.7914
84.3775
83.6613
82.6625
81.3808
79.7957
77.8724
75.5685
72.8341
69.6128
65.8819
61.724
57.285
52.6863
48.043
43.4913
39.183
35.2791
31.9409
29.3242
27.5688
26.7964
27.1157
28.515
30.8544
33.3738
21.8939
14.5293
6.03307
-3.11529
-12.1853
-21.7978
-31.5652
-41.2019
-50.82
-60.2677
-69.5022
-78.5754
-87.4459
-96.1215
-104.598
-112.838
-120.791
-128.381
-135.506
-142.043
-147.843
-152.755
-156.62
-159.282
-160.68
-160.744
-159.327
-156.266
-151.433
-144.743
-136.152
-125.657
-113.296
-99.1499
-83.366
-66.1511
-47.9614
-29.3571
-12.3673
28.7207
35.1615
42.0996
49.2139
55.8
61.9666
67.4636
71.9105
75.2657
77.6869
79.2884
80.2151
80.6277
80.6353
80.3201
79.7291
78.883
77.7839
76.4147
74.7437
72.7308
70.3271
67.4751
64.1462
60.408
56.3892
52.1961
47.9299
43.7119
39.6814
35.9883
32.7865
30.2259
28.4437
27.5552
27.6625
28.7498
30.6635
32.721
20.128
13.1097
5.01856
-3.68205
-12.2921
-21.4052
-30.6498
-39.7524
-48.8211
-57.7112
-66.3834
-74.8881
-83.188
-91.2928
-99.2015
-106.882
-114.291
-121.363
-128.006
-134.11
-139.541
-144.16
-147.826
-150.395
-151.814
-152.026
-150.892
-148.253
-143.973
-137.951
-130.129
-120.483
-109.036
-95.8527
-81.072
-64.8985
-47.7661
-30.2473
-14.1702
26.641
32.7887
39.4207
46.2305
52.5416
58.4608
63.7491
68.0378
71.2861
73.6456
75.2253
76.1633
76.6145
76.6863
76.4578
75.9765
75.2648
74.3265
73.1479
71.7007
69.9476
67.8413
65.325
62.3654
59.0174
55.394
51.5877
47.6861
43.7968
40.0456
36.571
33.5171
31.027
29.2333
28.2445
28.1562
28.9504
30.4682
32.1007
18.4858
11.7965
4.08976
-4.18608
-12.361
-21.0028
-29.754
-38.354
-46.9066
-55.2742
-63.4196
-71.3927
-79.1595
-86.7306
-94.1083
-101.265
-108.164
-114.746
-120.931
-126.621
-131.694
-136.02
-139.481
-141.938
-143.35
-143.669
-142.769
-140.494
-136.706
-131.296
-124.189
-115.349
-104.781
-92.5384
-78.7445
-63.6003
-47.5135
-31.053
-15.8693
24.7003
30.5695
36.9096
43.4287
49.477
55.1592
60.2464
64.3829
67.527
69.8249
71.3803
72.3251
72.8092
72.9362
72.7835
72.3985
71.8049
71.0084
69.9982
68.7495
67.2277
65.3883
63.1756
60.5536
57.5665
54.3127
50.8724
47.3206
43.7518
40.2783
37.0265
34.13
31.7233
29.9327
28.8598
28.5937
29.1156
30.2684
31.5125
16.9605
10.5839
3.24265
-4.63002
-12.3931
-20.5887
-28.8742
-37.0011
-45.0683
-52.945
-60.5969
-68.0723
-75.3404
-82.4126
-89.2939
-95.9604
-102.38
-108.502
-114.254
-119.548
-124.275
-128.315
-131.564
-133.897
-135.278
-135.671
-134.962
-133.001
-129.649
-124.794
-118.353
-110.273
-100.548
-89.216
-76.3881
-62.2559
-47.1976
-31.7666
-17.4551
22.8908
28.4949
34.5567
40.7977
46.5948
52.0497
56.9437
60.9331
63.9755
66.2125
67.7423
68.6906
69.2019
69.3766
69.2902
68.99
68.5002
67.8288
66.9672
65.8939
64.5778
62.977
61.0383
58.7237
56.0684
53.1581
50.0616
46.8428
43.5836
40.3834
37.356
34.6237
32.3112
30.5375
29.3971
28.9718
29.2442
30.0633
30.9553
15.5454
9.46644
2.47299
-5.01663
-12.3892
-20.1623
-28.0076
-35.6876
-43.2981
-50.7133
-57.9027
-64.912
-71.7136
-78.3199
-84.7368
-90.9445
-96.9154
-102.605
-107.948
-112.865
-117.26
-121.022
-124.059
-126.259
-127.591
-128.031
-127.474
-125.781
-122.817
-118.465
-112.637
-105.272
-96.3487
-85.8957
-74.0081
-60.8644
-46.8138
-32.3812
-18.9189
21.2049
26.5565
32.3526
38.3277
43.8842
49.1213
53.8295
57.6765
60.6205
62.7974
64.3003
65.2489
65.7827
65.9991
65.9707
65.745
65.3468
64.7852
64.0548
63.1367
62.0031
60.6153
58.9226
56.8868
54.5352
51.9422
49.1667
46.2625
43.2999
40.3658
37.5616
34.9978
32.7888
31.0447
29.8531
29.2881
29.3348
29.8519
30.4274
14.2342
8.43882
1.77651
-5.34877
-12.3507
-19.7237
-27.1522
-34.4108
-41.5901
-48.5717
-55.3265
-61.899
-68.2637
-74.4342
-80.4173
-86.196
-91.7467
-97.0302
-101.988
-106.549
-110.626
-114.119
-116.946
-119.007
-120.279
-120.743
-120.308
-118.844
-116.22
-112.322
-107.058
-100.36
-92.1981
-82.5877
-71.6096
-59.4273
-46.3574
-32.8914
-20.2545
19.6356
24.7463
30.2886
36.0094
41.3354
46.3635
50.8927
54.6025
57.4509
59.5685
61.0436
61.9902
62.5424
62.7948
62.8175
62.6573
62.3395
61.875
61.2601
60.4791
59.5071
58.3086
56.8363
55.0523
52.9777
50.6764
48.1987
45.5896
42.9088
40.2314
37.6467
35.2535
33.1551
31.4521
30.2251
29.5404
29.3859
29.6328
29.9265
13.0209
7.49568
1.14905
-5.62957
-12.2795
-19.273
-26.3071
-33.1672
-39.9404
-46.5135
-52.86
-59.0229
-64.9788
-70.7412
-76.3184
-81.696
-86.8533
-91.7559
-96.3513
-100.576
-104.351
-107.586
-110.208
-112.129
-113.33
-113.801
-113.462
-112.191
-109.867
-106.378
-101.631
-95.5539
-88.109
-79.302
-69.1986
-57.9453
-45.8265
-33.2933
-21.4562
18.1758
23.0565
28.3563
33.8336
38.9387
43.7661
48.1233
51.7008
54.4563
56.5155
57.9625
58.9047
59.4722
59.7559
59.8233
59.7205
59.4737
59.0946
58.5813
57.9211
57.0919
56.0618
54.7864
53.229
51.4056
49.3711
47.1681
44.8339
42.4187
39.9868
37.6158
35.393
33.4104
31.7587
30.5114
29.7269
29.3962
29.4044
29.4495
11.8995
6.63215
0.586397
-5.86205
-12.1776
-18.8106
-25.471
-31.9544
-38.3444
-44.5326
-50.4954
-56.2739
-61.8465
-67.2274
-72.4253
-77.4278
-82.2171
-86.763
-91.0186
-94.927
-98.4162
-101.405
-103.828
-105.609
-106.733
-107.197
-106.932
-105.826
-103.764
-100.642
-96.3666
-90.8654
-84.0935
-76.048
-66.7813
-56.4208
-45.2195
-33.5837
-22.5203
16.8191
21.4803
26.548
31.7922
36.6855
41.3201
45.5115
48.9611
51.6269
53.6289
55.0474
55.9837
56.5633
56.8737
56.9802
56.9282
56.7439
56.4397
56.0159
55.4621
54.7589
53.8777
52.7778
51.4239
49.8274
48.0358
46.0849
44.0051
41.8384
39.6393
37.4744
35.4197
33.5563
31.9647
30.7111
29.8463
29.3644
29.1644
28.9931
10.8645
5.84325
0.0845062
-6.04944
-12.0468
-18.3378
-24.6439
-30.7709
-36.7987
-42.6245
-48.2261
-53.6438
-58.8571
-63.8807
-68.7238
-73.376
-77.8215
-82.0338
-85.971
-89.5821
-92.8018
-95.5571
-97.7889
-99.4326
-100.477
-100.924
-100.714
-99.7467
-97.9157
-95.1217
-91.2763
-86.3059
-80.1625
-72.8353
-64.3635
-54.8567
-44.5356
-33.7613
-23.4444
15.5595
20.0107
24.8563
29.877
34.5672
39.0165
43.0485
46.3747
48.9533
50.8993
52.2889
53.218
53.807
54.1405
54.2812
54.2737
54.1442
53.906
53.5609
53.1006
52.5084
51.7589
50.8149
49.6429
48.2507
46.6791
44.9581
43.1125
41.1768
39.1966
37.2286
35.3381
33.5955
32.0713
30.8242
29.8981
29.2894
28.9109
28.5535
9.91055
5.12439
-0.360546
-6.19457
-11.8895
-17.8554
-23.8255
-29.6152
-35.3005
-40.7846
-46.0467
-51.1254
-56.0019
-60.6911
-65.2025
-69.527
-73.6516
-77.5523
-81.1916
-84.5237
-87.4903
-90.0248
-92.0745
-93.5847
-94.5471
-94.9701
-94.8021
-93.9522
-92.3231
-89.823
-86.3677
-81.8853
-76.3259
-69.6722
-61.9522
-53.257
-43.7761
-33.8255
-24.2275
14.3906
18.6414
23.2741
28.0806
32.5759
36.8472
40.7255
43.9327
46.4267
48.318
49.6784
50.5989
51.1951
51.5483
51.7188
51.7504
51.6691
51.4887
51.2126
50.8342
50.3398
49.7064
48.9004
47.8906
46.6818
45.3086
43.7964
42.165
40.4426
38.6668
36.8854
35.1535
33.5317
32.0806
30.8516
29.882
29.17
28.6416
28.1269
9.03259
4.47079
-0.752515
-6.30057
-11.7078
-17.3644
-23.0158
-28.4859
-33.8481
-39.0098
-43.9522
-48.7123
-53.2731
-57.6493
-61.8505
-65.8691
-69.6939
-73.3037
-76.665
-79.7363
-82.4652
-84.792
-86.6693
-88.0512
-88.9329
-89.3269
-89.1891
-88.4384
-86.9864
-84.7487
-81.6465
-77.6114
-72.5922
-66.5671
-59.5537
-51.6257
-42.9431
-33.7778
-24.8704
13.3072
17.366
21.7949
26.3959
30.7042
34.8043
38.5345
41.6267
44.0388
45.8765
47.2077
48.1185
48.7197
49.0895
49.286
49.3516
49.3126
49.1829
48.9672
48.6607
48.2519
47.7206
47.0368
46.1711
45.126
43.9312
42.6076
41.1712
39.6444
38.0582
36.4521
34.8722
33.3696
31.9959
30.7951
29.7986
29.0057
28.3541
27.7091
8.2257
3.87841
-1.09521
-6.37045
-11.5037
-16.8664
-22.2151
-27.3827
-32.439
-37.2966
-41.9378
-46.3988
-50.6635
-54.7467
-58.658
-62.391
-65.9363
-69.2748
-72.3765
-75.2045
-77.7112
-79.8434
-81.5585
-82.8182
-83.6212
-83.9828
-83.8666
-83.1999
-81.9034
-79.9
-77.1171
-73.49
-68.9686
-63.5272
-57.1744
-49.9679
-42.04
-33.6205
-25.3748
12.3037
16.1789
20.4126
24.8164
28.945
32.8805
36.4681
39.449
41.7817
43.5669
44.8689
45.7689
46.3731
46.757
46.9757
47.0712
47.069
46.9836
46.8205
46.577
46.2431
45.8015
45.2253
44.4872
43.5881
42.5528
41.399
40.1389
38.7906
37.379
35.9363
34.5008
33.1147
31.8211
30.6574
29.649
28.796
28.0463
27.2961
7.48524
3.34292
-1.39208
-6.40708
-11.2794
-16.3627
-21.4239
-26.305
-31.072
-35.6426
-40.0005
-44.1802
-48.1671
-51.9759
-55.6162
-59.0826
-62.3671
-65.453
-68.3132
-70.9144
-73.2141
-75.1644
-76.7276
-77.8719
-78.5991
-78.9272
-78.8258
-78.2304
-77.0704
-75.2761
-72.7813
-69.5258
-65.4609
-60.5589
-54.8206
-48.2892
-41.0711
-33.3576
-25.7438
11.3752
15.0746
19.1212
23.3357
27.2917
31.0688
34.5187
37.3923
39.6479
41.3818
42.6545
43.5428
44.1483
44.5436
44.7815
44.9026
44.9325
44.8857
44.7687
44.5799
44.3115
43.9484
43.4666
42.8414
42.0717
41.1786
40.1768
39.0755
37.8891
36.6373
35.3461
34.0465
32.7731
31.5613
30.4417
29.4349
28.5409
27.7163
26.884
6.80677
2.86052
-1.64656
-6.41322
-11.0371
-15.8545
-20.6428
-25.2523
-29.7459
-34.0455
-38.1365
-42.0518
-45.7783
-49.3301
-52.7172
-55.935
-58.9765
-61.8271
-64.4628
-66.8531
-68.9602
-70.7411
-72.1628
-73.199
-73.8543
-74.1486
-74.0569
-73.5224
-72.4825
-70.8748
-68.6396
-65.7212
-62.0738
-57.6679
-52.4983
-46.5953
-40.0419
-32.9937
-25.9821
10.5168
14.0478
17.9149
21.9478
25.7379
29.3625
32.6799
35.4496
37.6302
39.3137
40.5573
41.433
42.0383
42.4425
42.6967
42.84
42.8977
42.8844
42.8073
42.666
42.4545
42.1599
41.7609
41.235
40.5799
39.8131
38.9467
37.9879
36.9476
35.8412
34.6894
33.517
32.3516
31.2217
30.152
29.1584
28.2407
27.3624
26.469
6.18617
2.42727
-1.86181
-6.3916
-10.7786
-15.3433
-19.8725
-24.2245
-28.4593
-32.5032
-36.3427
-40.0097
-43.4918
-46.8033
-49.9537
-52.9396
-55.7551
-58.387
-60.8138
-63.0085
-64.9368
-66.5607
-67.8509
-68.7865
-69.3741
-69.6352
-69.5498
-69.0677
-68.1336
-66.6925
-64.6907
-62.0778
-58.8104
-54.859
-50.2134
-44.8922
-38.9583
-32.535
-26.095
9.72382
13.0937
16.7886
20.6472
24.2778
27.7556
30.945
33.614
35.722
37.3561
38.5705
39.4327
40.0362
40.4475
40.7152
40.8775
40.9591
40.9747
40.9321
40.8321
40.6699
40.4348
40.1081
39.6693
39.1153
38.4602
37.7141
36.8824
35.9731
34.9984
33.9742
32.9199
31.8571
30.8084
29.793
28.8226
27.8962
26.9831
26.0479
5.61942
2.03977
-2.04107
-6.34468
-10.5062
-14.8302
-19.1133
-23.2213
-27.2114
-31.0139
-34.6167
-38.0501
-41.3033
-44.3897
-47.3192
-50.0887
-52.6938
-55.1226
-57.3558
-59.3691
-61.1319
-62.6106
-63.7793
-64.6218
-65.1464
-65.3756
-65.2938
-64.8571
-64.0168
-62.7244
-60.9324
-58.5954
-55.673
-52.1362
-47.9709
-43.1862
-37.827
-31.9882
-26.089
8.99212
12.2076
15.7374
19.4283
22.9057
26.242
29.3078
31.8796
33.9167
35.5024
36.6875
37.5356
38.136
38.5523
38.8311
39.0095
39.1115
39.1519
39.139
39.0745
38.9549
38.7714
38.5077
38.1451
37.6797
37.1231
36.4834
35.7646
34.9726
34.1163
33.2082
32.2628
31.297
30.3277
29.3696
28.4307
27.5087
26.5776
25.6175
5.10274
1.69455
-2.18724
-6.27496
-10.2216
-14.3167
-18.3661
-22.2427
-26.0014
-29.576
-32.9557
-36.1697
-39.2081
-42.084
-44.8074
-47.3755
-49.7849
-52.025
-54.0787
-55.9243
-57.5344
-58.879
-59.9358
-60.6924
-61.1588
-61.3582
-61.2784
-60.8813
-60.1241
-58.9645
-57.361
-55.2726
-52.6625
-49.5024
-45.7756
-41.4833
-36.6551
-31.3608
-25.9714
8.31752
11.385
14.7564
18.2864
21.6163
24.8164
27.7628
30.2403
32.2085
33.7467
34.9025
35.7357
36.3315
36.7511
37.0387
37.2306
37.35
37.4114
37.4239
37.3898
37.307
37.168
36.9588
36.6626
36.2748
35.8046
35.2587
34.6398
33.9521
33.2021
32.3989
31.5536
30.6786
29.7863
28.8872
27.9862
27.0799
26.1453
25.1753
4.6326
1.38844
-2.30309
-6.18474
-9.92671
-13.8038
-17.6312
-21.2887
-24.8284
-28.1879
-31.3576
-34.3654
-37.2024
-39.8816
-42.4124
-44.793
-47.0206
-49.0859
-50.9735
-52.6641
-54.1333
-55.3547
-56.3088
-56.9867
-57.3997
-57.5716
-57.4928
-57.1304
-56.4472
-55.4064
-53.9717
-52.107
-49.7787
-46.9599
-43.6319
-39.7896
-35.4495
-30.6608
-25.7501
7.6961
10.6217
13.8411
17.2166
20.4045
23.4733
26.3044
28.6906
30.5916
32.0831
33.2096
34.0272
34.6173
35.0384
35.3329
35.5357
35.6696
35.7489
35.7829
35.7748
35.7234
35.6225
35.4604
35.2219
34.9017
34.5072
34.0435
33.5127
32.9173
32.2621
31.5536
30.7997
30.0092
29.1908
28.3515
27.4934
26.6119
25.6862
24.7192
4.20559
1.11835
-2.39133
-6.07625
-9.62312
-13.2931
-16.9096
-20.3593
-23.6918
-26.8483
-29.8203
-32.6343
-35.2828
-37.7778
-40.1291
-42.3351
-44.3938
-46.2971
-48.0312
-49.579
-50.9185
-52.0267
-52.8869
-53.493
-53.8575
-54.0041
-53.9259
-53.5943
-52.977
-52.0426
-50.7594
-49.0955
-47.0209
-44.5101
-41.5433
-38.1106
-34.218
-29.8964
-25.4337
7.12426
9.91392
12.9875
16.2144
19.2657
22.2079
24.9275
27.2251
29.0607
30.5063
31.6034
32.4047
32.988
33.4091
33.7085
33.92
34.0659
34.1602
34.2123
34.2261
34.2014
34.1332
34.0116
33.8229
33.5614
33.2328
32.8411
32.3875
31.8737
31.3027
30.6791
30.0082
29.2959
28.548
27.7682
26.9566
26.1071
25.2006
24.2478
3.81857
0.881448
-2.45439
-5.95157
-9.3126
-12.7853
-16.2017
-19.4545
-22.591
-25.5559
-28.3417
-30.9739
-33.4454
-35.7685
-37.9523
-39.996
-41.898
-43.6512
-45.2436
-46.6597
-47.8802
-48.8848
-49.6594
-50.2004
-50.521
-50.6447
-50.567
-50.2628
-49.7047
-48.8654
-47.7179
-46.2341
-44.3873
-42.1536
-39.513
-36.4518
-32.9674
-29.0762
-25.0307
6.59848
9.25786
12.1914
15.2754
18.1954
21.0154
23.6272
25.8388
27.6106
29.011
30.0788
30.8632
31.4386
31.8583
32.1609
32.3791
32.5346
32.6411
32.7084
32.7407
32.7384
32.6981
32.611
32.4652
32.2546
31.9831
31.6541
31.2681
30.826
30.3296
29.7818
29.186
28.5457
27.8644
27.1432
26.3802
25.5683
24.6895
23.7599
3.46852
0.674984
-2.49466
-5.81261
-8.99656
-12.2817
-15.5079
-18.5741
-21.5253
-24.3094
-26.92
-29.3813
-31.6872
-33.8495
-35.8772
-37.7699
-39.5266
-41.1412
-42.6027
-43.8978
-45.0092
-45.9191
-46.6158
-47.0978
-47.379
-47.4825
-47.4051
-47.1257
-46.6207
-45.8668
-44.8406
-43.5181
-41.8754
-39.8905
-37.5434
-34.8181
-31.7049
-28.2084
-24.5502
6.11549
8.65001
11.449
14.3959
17.1892
19.8915
22.3991
24.5272
26.2367
27.5925
28.6308
29.3978
29.9642
30.3812
30.6855
30.9087
31.0716
31.1882
31.2678
31.3155
31.3321
31.3151
31.2575
31.1484
30.9816
30.7596
30.485
30.1579
29.7786
29.348
28.8677
28.3395
27.7653
27.1463
26.482
25.7689
24.9986
24.154
23.2552
3.15258
0.496464
-2.51432
-5.66127
-8.67653
-11.7832
-14.8288
-17.7182
-20.4942
-23.1078
-25.5533
-27.8542
-30.0049
-32.017
-33.8993
-35.6517
-37.2738
-38.76
-40.1011
-41.2849
-42.2966
-43.1202
-43.7462
-44.1752
-44.421
-44.5064
-44.4298
-44.1729
-43.7156
-43.0382
-42.1207
-40.9424
-39.4822
-37.7201
-35.6366
-33.2137
-30.4369
-27.3013
-24.0012
5.67225
8.08708
10.757
13.5719
16.2433
18.8319
21.2385
23.2856
24.9344
26.2462
27.2552
28.0041
28.5607
28.9737
29.2782
29.5046
29.6733
29.7978
29.8874
29.9476
29.9799
29.9826
29.9498
29.872
29.7427
29.5633
29.3357
29.0598
28.7353
28.3626
27.9422
27.4748
26.9608
26.4001
25.7905
25.1273
24.4014
23.5959
22.7336
2.86813
0.343433
-2.51547
-5.49922
-8.35376
-11.2906
-14.1648
-16.8867
-19.497
-21.9497
-24.24
-26.3902
-28.3956
-30.2674
-32.0142
-33.6363
-35.1336
-36.5014
-37.7316
-38.8134
-39.7337
-40.4789
-41.041
-41.4222
-41.6366
-41.7063
-41.6308
-41.3944
-40.9802
-40.3715
-39.5512
-38.5017
-37.2045
-35.6414
-33.7936
-31.6425
-29.1697
-26.363
-23.3927
5.26588
7.56592
10.1119
12.7999
15.354
17.8329
20.1417
22.1101
23.6994
24.968
25.9474
26.6779
27.2238
27.6317
27.9352
28.1634
28.3361
28.4665
28.5641
28.6345
28.6796
28.6986
28.6867
28.6354
28.5381
28.3952
28.2081
27.9765
27.6998
27.3778
27.0104
26.5973
26.1381
25.6313
25.0738
24.46
23.7799
23.017
22.1957
2.61264
0.213717
-2.50012
-5.32809
-8.02951
-10.8048
-13.5163
-16.0794
-18.533
-20.8339
-22.9781
-24.9869
-26.8564
-28.5972
-30.2178
-31.7188
-33.1006
-34.3592
-35.4873
-36.4756
-37.3126
-37.9864
-38.491
-38.8293
-39.016
-39.0721
-38.998
-38.7805
-38.4052
-37.858
-37.1248
-36.1902
-35.0383
-33.6527
-32.0157
-30.1079
-27.9089
-25.4009
-22.7331
4.89358
7.08361
9.51062
12.0765
14.5176
16.8905
19.1048
20.9965
22.5278
23.7537
24.7037
25.4152
25.9496
26.3515
26.6526
26.8813
27.0566
27.1914
27.2952
27.3735
27.4291
27.4613
27.4668
27.4378
27.3677
27.256
27.1037
26.9103
26.6751
26.3974
26.0767
25.7122
25.3025
24.8455
24.3373
23.7715
23.1378
22.4196
21.6423
2.38374
0.105139
-2.46998
-5.14933
-7.70491
-10.3266
-12.8835
-15.2963
-17.6017
-19.7595
-21.7662
-23.6423
-25.3844
-27.0029
-28.506
-29.8947
-31.1696
-32.3274
-33.3617
-34.2644
-35.0253
-35.6346
-36.0872
-36.3874
-36.5495
-36.5939
-36.5216
-36.3215
-35.9814
-35.4896
-34.8342
-34.0022
-32.9797
-31.7521
-30.3028
-28.6127
-26.6596
-24.4221
-22.0309
4.55286
6.63738
8.95013
11.3987
13.7308
16.0014
18.1241
19.9413
21.4158
22.5996
23.5201
24.2123
24.7346
25.1295
25.4273
25.6553
25.8319
25.9696
26.0778
26.1624
26.2261
26.2692
26.289
26.2787
26.2315
26.1464
26.0237
25.8632
25.6639
25.4249
25.1453
24.824
24.459
24.0478
23.5858
23.0662
22.4784
21.8062
21.0747
2.17927
0.0157593
-2.42682
-4.96436
-7.38102
-9.85659
-12.2668
-14.5371
-16.7025
-18.7251
-20.6025
-22.354
-23.9768
-25.4812
-26.875
-28.1594
-29.3354
-30.4002
-31.3484
-32.1727
-32.8645
-33.4152
-33.8212
-34.0873
-34.2279
-34.2624
-34.1922
-34.0082
-33.7001
-33.2581
-32.6722
-31.9316
-31.0243
-29.9372
-28.6549
-27.159
-25.4264
-23.4331
-21.2939
4.24128
6.22461
8.42767
10.7633
12.9904
15.1622
17.1961
18.941
20.3599
21.5022
22.3933
23.0658
23.5754
23.9625
24.256
24.4822
24.659
24.7983
24.9096
24.9988
25.0689
25.1207
25.1521
25.1572
25.1293
25.0666
24.9693
24.8369
24.6686
24.4633
24.2199
23.9368
23.6121
23.2426
22.8237
22.3482
21.8055
21.1792
20.4946
1.99712
-0.0562812
-2.3722
-4.77446
-7.05877
-9.39536
-11.6663
-13.8015
-15.8345
-17.7298
-19.4853
-21.1199
-22.6312
-24.0289
-25.3209
-26.5086
-27.5931
-28.5722
-29.4413
-30.194
-30.8229
-31.3206
-31.6848
-31.9207
-32.0425
-32.0686
-32.001
-31.8318
-31.5527
-31.1555
-30.6318
-29.9727
-29.1677
-28.2054
-27.0716
-25.7485
-24.2131
-22.4398
-20.5295
3.95657
5.84289
7.94063
10.1677
12.2936
14.37
16.3177
17.9922
19.3567
20.458
21.3199
21.9725
22.4687
22.8473
23.1358
23.3593
23.5352
23.6751
23.7883
23.8807
23.9556
24.014
24.0548
24.0726
24.0607
24.0169
23.9411
23.8329
23.6912
23.5152
23.3034
23.0544
22.7657
22.4343
22.0553
21.6215
21.1222
20.5414
19.9036
1.83539
-0.112691
-2.30761
-4.58076
-6.73902
-8.94344
-11.0821
-13.0894
-14.9971
-16.7722
-18.4132
-19.938
-21.3447
-22.643
-23.8403
-24.9382
-25.9381
-26.8382
-27.6346
-28.3219
-28.8935
-29.3435
-29.6701
-29.8793
-29.9847
-30.0038
-29.9391
-29.7838
-29.531
-29.174
-28.706
-28.1195
-27.4055
-26.5539
-25.5518
-24.3825
-23.0231
-21.4474
-19.7444
3.69663
5.4899
7.48652
9.60915
11.6375
13.6216
15.4858
17.0918
18.4031
19.464
20.2968
20.9292
21.4118
21.7813
22.064
22.284
22.4581
22.5977
22.7117
22.8061
22.8843
22.9479
22.9961
23.0242
23.0256
22.9976
22.9399
22.8522
22.7336
22.5829
22.3989
22.1798
21.9235
21.6267
21.2844
20.8897
20.4319
19.8954
19.3038
1.69227
-0.155106
-2.23441
-4.3844
-6.42259
-8.50127
-10.5144
-12.4004
-14.1897
-15.8513
-17.3844
-18.8061
-20.115
-21.3203
-22.4294
-23.444
-24.3656
-25.193
-25.9227
-26.5502
-27.0699
-27.4767
-27.7697
-27.9552
-28.0464
-28.0599
-27.9982
-27.8559
-27.6271
-27.3064
-26.8882
-26.3663
-25.7331
-24.9798
-24.0945
-23.0616
-21.859
-20.4605
-18.9448
3.45946
5.16352
7.06307
9.08518
11.0194
12.9145
14.6977
16.237
17.496
18.5172
19.321
19.9333
20.4018
20.7617
21.038
21.2539
21.4255
21.5638
21.6777
21.7731
21.8537
21.921
21.9749
22.0112
22.0235
22.0086
21.9662
21.896
21.7971
21.6684
21.5086
21.3161
21.0886
20.823
20.5146
20.1562
19.7378
19.2439
18.6973
1.56606
-0.185002
-2.15387
-4.1864
-6.11023
-8.06929
-9.96314
-11.7343
-13.4114
-14.9659
-16.3973
-17.7222
-18.9394
-20.0579
-21.0849
-22.0221
-22.8713
-23.6316
-24.3002
-24.8731
-25.3456
-25.7134
-25.9764
-26.1411
-26.22
-26.2289
-26.1705
-26.0403
-25.8333
-25.5453
-25.1717
-24.7074
-24.146
-23.4798
-22.698
-21.7862
-20.7232
-19.4834
-18.1362
3.24323
4.86175
6.66813
8.59357
10.437
12.246
13.9505
15.4249
16.6326
17.6147
18.39
18.982
19.4361
19.786
20.0554
20.2665
20.435
20.5715
20.6846
20.7802
20.8619
20.9318
20.99
21.0328
21.0539
21.05
21.0204
20.9651
20.883
20.7733
20.6346
20.4656
20.2639
20.0265
19.7489
19.4242
19.0428
18.5895
18.0862
1.45517
-0.203807
-2.06717
-3.98767
-5.80256
-7.64783
-9.42838
-11.0905
-12.6615
-14.1148
-15.4505
-16.6843
-17.8155
-18.853
-19.8034
-20.6688
-21.451
-22.1495
-22.7618
-23.2849
-23.7145
-24.0472
-24.2835
-24.4297
-24.4981
-24.5035
-24.4485
-24.3294
-24.1424
-23.8839
-23.5504
-23.1374
-22.6398
-22.0508
-21.3607
-20.5563
-19.6174
-18.5193
-17.3237
3.0462
4.58274
6.2997
8.13213
9.88806
11.6137
13.2419
14.653
15.8103
16.754
17.5012
18.0729
18.5125
18.8519
19.114
19.3199
19.4848
19.6189
19.7305
19.8256
19.9078
19.9792
20.0405
20.0884
20.1166
20.1215
20.1028
20.0599
19.9923
19.899
19.7788
19.6304
19.4517
19.2397
18.9901
18.6965
18.3496
17.9347
17.4726
1.35816
-0.212838
-1.97546
-3.78913
-5.50023
-7.23723
-8.91009
-10.4688
-11.9393
-13.2969
-14.5423
-15.6904
-16.741
-17.7026
-18.5816
-19.3802
-20.1004
-20.7418
-21.3026
-21.7801
-22.1708
-22.4719
-22.6842
-22.8143
-22.8737
-22.8763
-22.8249
-22.7164
-22.5476
-22.3158
-22.0181
-21.651
-21.2101
-20.6895
-20.0806
-19.3713
-18.5427
-17.5712
-16.5115
2.86673
4.32471
5.95593
7.69886
9.37041
11.0156
12.5695
13.9189
15.0264
15.9325
16.6521
17.2037
17.6285
17.9573
18.2117
18.4121
18.5729
18.7041
18.8138
18.9078
18.9897
19.062
19.1254
19.177
19.2109
19.2232
19.2133
19.181
19.1258
19.0466
18.9426
18.8124
18.654
18.4649
18.2408
17.9757
17.6608
17.2819
16.8588
1.27368
-0.213276
-1.87972
-3.59151
-5.20378
-6.83778
-8.40827
-9.86887
-11.244
-12.5111
-13.6711
-14.7384
-15.7134
-16.604
-17.4164
-18.1528
-18.8155
-19.4042
-19.9176
-20.3534
-20.7088
-20.9814
-21.1725
-21.2883
-21.3401
-21.3407
-21.293
-21.1944
-21.0423
-20.8346
-20.5691
-20.243
-19.8525
-19.3926
-18.8557
-18.2307
-17.5
-16.6413
-15.7033
2.70337
4.08606
5.63504
7.2918
8.88196
10.4492
11.9309
13.2203
14.2786
15.1479
15.8406
16.3722
16.7821
17.1
17.3465
17.5411
17.6976
17.8255
17.9329
18.0253
18.1066
18.1789
18.2436
18.298
18.3363
18.3545
18.352
18.3286
18.2839
18.2171
18.1272
18.013
17.8728
17.7041
17.5031
17.2641
16.9787
16.6334
16.2469
1.20049
-0.206152
-1.78085
-3.39546
-4.91357
-6.44952
-7.92265
-9.29015
-10.5747
-11.7562
-12.8355
-13.8266
-14.7304
-15.5546
-16.3047
-16.9831
-17.5922
-18.1324
-18.6022
-18.9998
-19.323
-19.57
-19.7422
-19.8456
-19.8909
-19.8902
-19.8462
-19.7569
-19.6202
-19.4344
-19.1979
-18.9084
-18.5629
-18.1569
-17.6838
-17.1335
-16.4897
-15.7316
-14.9025
2.55476
3.86527
5.33535
6.9091
8.42069
9.91253
11.3238
12.5547
13.5645
14.3984
15.0649
15.5764
15.9712
16.2781
16.5166
16.7051
16.857
16.9815
17.0863
17.1769
17.2569
17.3289
17.3942
17.4505
17.4921
17.5151
17.5187
17.5029
17.4673
17.411
17.3334
17.2334
17.1093
16.959
16.7789
16.5637
16.3054
15.9913
15.6389
1.13731
-0.19262
-1.67984
-3.20178
-4.63022
-6.07269
-7.45313
-8.73212
-9.93048
-11.031
-12.0337
-12.9528
-13.7901
-14.552
-15.2436
-15.8677
-16.4271
-16.9221
-17.3517
-17.7144
-18.0084
-18.2323
-18.3875
-18.4802
-18.5202
-18.5187
-18.4785
-18.3979
-18.2754
-18.1096
-17.8993
-17.6426
-17.3372
-16.9792
-16.5627
-16.0786
-15.512
-14.8434
-14.1115
2.4195
3.661
5.05562
6.54934
7.98515
9.40379
10.7462
11.92
12.8812
13.6817
14.3233
14.8145
15.194
15.4899
15.7202
15.9026
16.0498
16.1706
16.2725
16.3609
16.4395
16.5107
16.576
16.6336
16.6778
16.7045
16.7132
16.7038
16.6759
16.6289
16.5621
16.4746
16.3649
16.2311
16.0699
15.8763
15.6429
15.3576
15.037
1.08288
-0.17414
-1.5781
-3.01189
-4.35479
-5.70837
-7.00036
-8.19493
-9.31086
-10.3347
-11.2638
-12.1144
-12.8897
-13.5935
-14.23
-14.8031
-15.3162
-15.7694
-16.1619
-16.4926
-16.7599
-16.9629
-17.1031
-17.1864
-17.2219
-17.2202
-17.1839
-17.1116
-17.0021
-16.8545
-16.6679
-16.4408
-16.1712
-15.8559
-15.4897
-15.0645
-14.5664
-13.9776
-13.3327
2.29632
3.47206
4.79466
6.21168
7.57477
8.92263
10.1978
11.315
12.225
12.9944
13.6128
14.084
14.4481
14.7331
14.9556
15.1318
15.2742
15.3912
15.4902
15.5763
15.6532
15.7233
15.7883
15.8466
15.8926
15.9225
15.9354
15.9314
15.9101
15.8712
15.8139
15.7374
15.6406
15.5216
15.3774
15.2036
14.9929
14.7341
14.4429
1.0363
-0.151418
-1.47627
-2.82633
-4.08799
-5.35719
-6.56487
-7.6791
-8.71623
-9.66788
-10.5245
-11.3088
-12.0262
-12.6757
-13.2601
-13.7853
-14.2552
-14.6698
-15.0281
-15.3293
-15.5725
-15.7568
-15.8839
-15.959
-15.9911
-15.9896
-15.9571
-15.8928
-15.7954
-15.6645
-15.4994
-15.299
-15.0615
-14.7844
-14.463
-14.0901
-13.6529
-13.1353
-12.5681
2.18418
3.29713
4.55116
5.89449
7.18796
8.46754
9.67815
10.74
11.5948
12.3344
12.9313
13.3825
13.7313
14.0058
14.2205
14.3907
14.5282
14.6416
14.7376
14.8214
14.8964
14.9653
15.0298
15.0885
15.1359
15.1683
15.1848
15.1854
15.17
15.1381
15.0892
15.0227
14.9374
14.8317
14.703
14.5469
14.3572
14.1226
13.8586
0.997606
-0.123723
-1.37282
-2.64301
-3.82735
-5.01626
-6.14421
-7.18254
-8.1452
-9.02796
-9.81512
-10.5382
-11.2022
-11.7992
-12.333
-12.8126
-13.2419
-13.6201
-13.9462
-14.2202
-14.4411
-14.6085
-14.724
-14.7922
-14.8215
-14.8206
-14.7922
-14.7354
-14.6494
-14.534
-14.3885
-14.2122
-14.0037
-13.7608
-13.4795
-13.1531
-12.7704
-12.3162
-11.8183
2.08255
3.13518
4.32237
5.59386
6.81946
8.03186
9.18037
10.189
10.9938
11.7079
12.282
12.7111
13.0442
13.3081
13.5147
13.6785
13.8111
13.9205
14.0135
14.0949
14.168
14.2356
14.2994
14.3583
14.4068
14.4413
14.4608
14.4655
14.4552
14.4296
14.3883
14.3305
14.2556
14.1619
14.0472
13.9075
13.7367
13.5244
13.2853
0.966363
-0.0912737
-1.2672
-2.46078
-3.57073
-4.68237
-5.7337
-6.70024
-7.59233
-8.40907
-9.12921
-9.80333
-10.4216
-10.9657
-11.4484
-11.8842
-12.2753
-12.6188
-12.9144
-13.1626
-13.363
-13.5149
-13.6198
-13.6822
-13.7094
-13.7097
-13.6855
-13.6361
-13.5608
-13.4598
-13.3323
-13.1779
-12.9956
-12.7835
-12.5379
-12.2531
-11.9189
-11.5216
-11.0859
1.9909
2.9852
4.10706
5.30735
6.46542
7.60944
8.69594
9.64886
10.4148
11.118
11.668
12.0698
12.3863
12.6402
12.8389
12.9961
13.1235
13.229
13.3189
13.3976
13.4688
13.5348
13.5978
13.6566
13.706
13.7422
13.7644
13.7726
13.7669
13.7469
13.7122
13.6625
13.5969
13.5141
13.412
13.287
13.1335
12.9417
12.7256
0.943169
-0.0646352
-1.18385
-2.31284
-3.35662
-4.39416
-5.36204
-6.24236
-7.0366
-7.76499
-8.36172
-9.0214
-9.646
-10.1688
-10.6276
-11.0484
-11.4284
-11.7609
-12.0463
-12.2864
-12.4806
-12.6281
-12.7304
-12.7916
-12.8193
-12.8217
-12.8016
-12.7578
-12.6907
-12.6006
-12.4842
-12.3445
-12.1804
-11.9895
-11.7686
-11.5126
-11.2123
-10.8551
-10.4636
1.92095
2.86822
3.93871
5.07496
6.16704
7.23284
8.22968
9.07411
9.74995
10.523
11.0896
11.4827
11.7989
12.0572
12.2585
12.4168
12.545
12.6515
12.7422
12.8217
12.8937
12.961
13.0254
13.0861
13.1381
13.177
13.202
13.2135
13.2114
13.1955
13.1656
13.1213
13.062
12.9866
12.893
12.7778
12.636
12.458
12.2574
0.92551
-0.0412628
-1.11219
-2.18472
-3.167
-4.13085
-5.01219
-5.79625
-6.47553
-7.09701
-7.53189
-8.21043
-8.87641
-9.39963
-9.85301
-10.2777
-10.6642
-11.0017
-11.2909
-11.5346
-11.7323
-11.8831
-11.9885
-12.0525
-12.0833
-12.0891
-12.0732
-12.0342
-11.9735
-11.8919
-11.7817
-11.6514
-11.4997
-11.3234
-11.1194
-10.8834
-10.6067
-10.2776
-9.91717
1.86446
2.77241
3.79669
4.8727
5.89749
6.8758
7.76508
8.47998
9.04307
9.92486
10.5379
10.937
11.2631
11.5349
11.7462
11.9109
12.0442
12.1549
12.2491
12.3318
12.4068
12.477
12.5446
12.6089
12.6645
12.7069
12.7352
12.7499
12.7509
12.7382
12.7118
12.6713
12.6162
12.5456
12.4577
12.3493
12.2152
12.0463
11.8561
0.909445
-0.0159105
-1.03808
-2.05378
-2.97468
-3.86514
-4.66202
-5.35224
-5.92321
-6.44083
-6.72518
-7.4099
-8.10836
-8.6297
-9.07395
-9.49808
-9.88824
-10.2287
-10.5202
-10.7663
-10.967
-11.1207
-11.2292
-11.2961
-11.33
-11.3394
-11.3283
-11.2944
-11.2407
-11.1685
-11.0652
-10.9451
-10.8067
-10.6455
-10.4587
-10.2427
-9.9898
-9.68877
-9.36128
1.80897
2.67741
3.65486
4.67044
5.62896
6.51964
7.30542
7.89875
8.35123
9.31936
9.98036
10.386
10.7185
11.0016
11.2224
11.3935
11.5315
11.6461
11.7437
11.8294
11.9071
11.98
12.0508
12.1186
12.1779
12.2238
12.2556
12.2736
12.2779
12.2687
12.2458
12.2092
12.1585
12.093
12.0108
11.9091
11.783
11.6233
11.4435
0.894823
0.0109045
-0.962404
-1.92158
-2.78166
-3.5996
-4.3147
-4.9134
-5.38341
-5.79626
-5.94718
-6.62341
-7.34115
-7.85907
-8.29235
-8.71157
-9.10197
-9.44338
-9.73567
-9.98309
-10.1858
-10.3423
-10.4536
-10.5234
-10.5605
-10.5735
-10.5668
-10.5378
-10.4907
-10.4272
-10.3301
-10.2194
-10.0933
-9.94649
-9.77613
-9.5796
-9.34976
-9.07533
-8.77469
1.7547
2.58388
3.51428
4.46988
5.36352
6.16648
6.85397
7.33025
7.67871
8.70724
9.41535
9.83089
10.1674
10.4591
10.6886
10.8659
11.0085
11.1269
11.2277
11.3162
11.3965
11.4721
11.5458
11.617
11.68
11.7296
11.7649
11.7864
11.7942
11.7886
11.7695
11.737
11.691
11.6307
11.5545
11.4598
11.3417
11.1914
11.0222
0.881767
0.0388675
-0.885921
-1.78939
-2.58981
-3.33675
-3.97311
-4.48281
-4.85925
-5.16503
-5.20123
-5.85457
-6.57611
-7.08733
-7.50822
-7.91888
-8.30586
-8.64607
-8.93776
-9.18542
-9.38945
-9.54825
-9.66249
-9.73601
-9.77759
-9.79587
-9.79582
-9.77408
-9.7363
-9.6842
-9.59657
-9.49784
-9.38633
-9.25549
-9.10272
-8.92591
-8.71922
-8.47341
-8.21188
1.70218
2.49259
3.37611
4.27276
5.1032
5.8183
6.41298
6.77246
7.02443
8.08936
8.84063
9.27003
9.61077
9.90967
10.1464
10.3289
10.4754
10.5973
10.7016
10.7932
10.8763
10.9547
11.0314
11.1061
11.1729
11.2264
11.2656
11.2909
11.3026
11.3009
11.2857
11.2574
11.2158
11.1607
11.0905
11.0028
10.893
10.7525
10.5941
0.87025
0.0674695
-0.809929
-1.659
-2.40155
-3.07959
-3.64083
-4.06455
-4.35446
-4.55009
-4.48933
-5.10567
-5.81443
-6.31422
-6.72136
-7.12026
-7.50018
-7.83682
-8.12656
-8.37368
-8.57857
-8.73925
-8.85567
-8.93133
-8.97461
-8.9948
-8.99742
-8.97871
-8.9454
-8.89936
-8.81645
-8.72535
-8.62445
-8.50656
-8.36938
-8.21125
-8.02575
-7.80077
-7.54687
1.65207
2.40477
3.24195
4.08142
4.85001
5.47709
5.9843
6.22339
6.38426
7.46633
8.25484
8.70018
9.04644
9.35344
9.5988
9.78686
9.93608
10.0599
10.1663
10.2603
10.3461
10.4273
10.5072
10.5855
10.6562
10.714
10.7576
10.7877
10.8045
10.808
10.7981
10.7752
10.7392
10.6897
10.6258
10.545
10.4431
10.3114
10.1617
0.860209
0.0954444
-0.736735
-1.53371
-2.22042
-2.83209
-3.32146
-3.66209
-3.87131
-3.95354
-3.81249
-4.37816
-5.0576
-5.53995
-5.93116
-6.31515
-6.6845
-7.01482
-7.30093
-7.54656
-7.75256
-7.91694
-8.04005
-8.12533
-8.18038
-8.21325
-8.2298
-8.22604
-8.20967
-8.18234
-8.11614
-8.04285
-7.96089
-7.86201
-7.74392
-7.60613
-7.44597
-7.25992
-7.08032
1.60552
2.32246
3.11467
3.89933
4.60583
5.14285
5.56565
5.67648
5.74853
6.83732
7.66012
8.12122
8.47014
8.78276
9.03857
9.23712
9.39397
9.52212
9.63063
9.72591
9.813
9.89598
9.97834
10.0597
10.134
10.1952
10.2423
10.276
10.2968
10.3047
10.3001
10.2832
10.254
10.2123
10.1571
10.0861
9.99539
9.87778
9.74777
0.851313
0.12126
-0.669389
-1.41779
-2.05138
-2.5993
-3.01861
-3.2772
-3.40964
-3.37652
-3.17026
-3.67251
-4.30689
-4.76451
-5.13633
-5.50205
-5.85752
-6.17913
-6.45978
-6.70159
-6.90433
-7.06504
-7.18232
-7.25818
-7.3019
-7.32496
-7.33324
-7.32234
-7.30014
-7.26778
-7.19787
-7.12526
-7.04843
-6.95907
-6.85493
-6.73447
-6.58935
-6.40069
-6.15689
1.56331
2.24723
2.99704
3.73015
4.37259
4.81648
5.15587
5.12436
5.10108
6.19305
7.05725
7.54387
7.89695
8.20566
8.45856
8.65941
8.82412
8.96305
9.08199
9.18559
9.27879
9.36653
9.45324
9.53974
9.62042
9.68871
9.74278
9.783
9.80949
9.82224
9.82142
9.80732
9.78031
9.7406
9.68784
9.62018
9.53336
9.41575
9.27171
0.84328
0.144938
-0.607941
-1.31243
-1.89728
-2.38637
-2.73831
-2.91722
-2.9773
-2.82666
-2.56235
-2.98829
-3.56362
-3.98809
-4.33555
-4.67817
-5.01479
-5.32524
-5.6031
-5.8498
-6.06517
-6.24729
-6.39635
-6.51463
-6.60388
-6.66824
-6.71585
-6.74366
-6.76299
-6.77415
-6.74156
-6.70233
-6.65602
-6.59349
-6.51319
-6.41763
-6.31261
-6.20992
-6.17125
1.52451
2.17778
2.88847
3.57514
4.15383
4.51075
4.77211
4.56987
4.42744
5.51146
6.41934
6.95294
7.3432
7.67313
7.92545
8.10847
8.25002
8.37141
8.4822
8.58546
8.68296
8.77709
8.87075
8.96382
9.0506
9.12612
9.18999
9.24307
9.28545
9.31707
9.33764
9.34675
9.34375
9.32774
9.29756
9.25191
9.19112
9.11782
9.06447
0.836558
0.16771
-0.55052
-1.2157
-1.75809
-2.19729
-2.49038
-2.60204
-2.59839
-2.31999
-1.9895
-2.3278
-2.82976
-3.21012
-3.5289
-3.84507
-4.15387
-4.43634
-4.68614
-4.90374
-5.08656
-5.22807
-5.32193
-5.36836
-5.38635
-5.39603
-5.39937
-5.38797
-5.36687
-5.3361
-5.27355
-5.21586
-5.16061
-5.09957
-5.02956
-4.94621
-4.83082
-4.6439
-4.32078
1.48915
2.1141
2.78952
3.43557
3.95581
4.24779
4.43717
4.01277
3.72663
4.79002
5.70494
6.25502
6.68714
7.08836
7.42247
7.6704
7.8442
7.96556
8.05632
8.13299
8.20623
8.28291
8.36746
8.45801
8.543
8.61211
8.6632
8.69751
8.71667
8.72208
8.71508
8.69746
8.67108
8.63743
8.59646
8.54412
8.46701
8.33126
8.09621
0.831974
0.182788
-0.510081
-1.14322
-1.6489
-2.04314
-2.28046
-2.33417
-2.26251
-1.83669
-1.44179
-1.69884
-2.11197
-2.4274
-2.70707
-3.00324
-3.3107
-3.61178
-3.89956
-4.17368
-4.43515
-4.68561
-4.926
-5.1495
-5.33057
-5.46066
-5.56524
-5.65041
-5.7388
-5.82703
-5.85351
-5.85662
-5.85338
-5.83748
-5.80556
-5.76498
-5.74304
-5.7888
-6.03177
1.4661
2.07205
2.72056
3.32908
3.78915
4.01985
4.0874
3.37405
2.98509
4.0952
5.02046
5.5246
5.86947
6.18202
6.48085
6.77006
7.04695
7.29786
7.51132
7.68521
7.825
7.93985
8.04304
8.15356
8.28478
8.42559
8.55996
8.68278
8.79266
8.88876
8.96913
9.03105
9.07236
9.09195
9.09163
9.07883
9.07739
9.14029
9.37416
0.827423
0.169987
-0.52412
-1.14295
-1.61689
-1.95498
-2.10878
-2.06634
-1.86159
-1.27191
-0.8787
-1.09491
-1.43035
-1.66325
-1.84654
-2.02442
-2.19975
-2.36499
-2.5151
-2.64502
-2.74321
-2.79119
-2.77541
-2.70395
-2.63721
-2.60765
-2.59369
-2.56476
-2.51349
-2.47705
-2.41216
-2.35658
-2.31713
-2.28114
-2.24193
-2.19155
-2.08702
-1.85048
-1.30801
1.47014
2.08022
2.72045
3.29335
3.67281
3.77869
3.55659
2.50287
2.10623
3.4029
4.55681
5.29782
5.75956
5.99903
6.04305
5.96656
5.85017
5.75897
5.72018
5.73614
5.7985
5.89868
6.02082
6.12569
6.17062
6.17339
6.16741
6.15769
6.1432
6.12368
6.10274
6.08523
6.07458
6.07177
6.07212
6.05796
5.97734
5.72469
5.12841
0.817921
0.129667
-0.589467
-1.21444
-1.66687
-1.94502
-1.99632
-1.81651
-1.41049
-0.661336
-0.280885
-0.451509
-0.754702
-1.04168
-1.33245
-1.63687
-1.95741
-2.29555
-2.65577
-3.04647
-3.47919
-3.96003
-4.46668
-4.94231
-5.28508
-5.49452
-5.70029
-5.86354
-6.13578
-6.53302
-6.41943
-6.43938
-6.5598
-6.64878
-6.69117
-6.73121
-6.8402
-7.12008
-7.76657
1.48915
2.12045
2.76942
3.31707
3.61478
3.55278
2.94185
1.58596
0.961784
2.12683
3.41571
4.68746
5.9226
7.09278
8.08534
8.84398
9.38691
9.73216
9.92649
10.0221
10.0645
10.0904
10.1535
10.3399
10.6825
11.0556
11.3616
11.6125
11.8297
12.0171
12.1682
12.2794
12.353
12.3954
12.4224
12.4657
12.6056
12.9639
13.7409
107.503
106.596
105.429
103.936
101.874
99.0441
95.2472
90.3842
84.6434
78.4889
72.3775
66.5265
60.9519
55.6109
50.4763
45.5455
40.8235
36.3131
32.0124
27.9164
24.0177
20.3096
16.7852
13.4381
10.2625
7.25207
4.40079
1.70293
-0.844766
-3.24496
-5.49888
-7.60659
-9.56825
-11.3829
-13.0496
-14.5677
-15.9368
-17.1571
-18.2294
-19.1552
-19.9367
-20.5775
-21.0817
-21.4543
-21.7013
-21.8295
-21.8461
-21.759
-21.5763
-21.3069
-20.9591
-20.5419
-20.0635
-19.5325
-18.9566
-18.3435
-17.7
-17.0328
-16.3478
-15.6502
-14.9448
-14.2358
-13.5268
-12.8208
-12.121
-11.4285
-10.7475
-10.164
-9.6436
-9.11716
-8.54941
-8.02459
-7.35457
-6.96487
-5.96432
-6.16896
-4.06996
-6.21425
-0.962495
-8.22694
107.088
103.845
100.236
96.4372
92.545
88.6478
84.8118
81.0867
77.4552
73.9461
70.5594
67.3061
64.1928
61.2252
58.4073
55.7418
53.2294
50.8702
48.6619
46.6012
44.6839
42.9042
41.2561
39.7326
38.3266
37.0305
35.8368
34.7382
33.7272
32.7969
31.9403
31.1509
30.4221
29.7478
29.1219
28.5384
27.9915
27.4755
26.9849
26.5144
26.0588
25.6135
25.1738
24.7358
24.2957
23.8504
23.3973
22.9343
22.4598
21.9727
21.4725
20.9591
20.4329
19.8947
19.3456
18.787
18.2205
17.6479
17.0712
16.4922
15.913
15.3354
14.7616
14.1932
13.6324
13.0805
12.5406
12.0861
11.6941
11.2914
10.8798
10.462
10.0364
9.64136
9.14547
9.02469
7.89177
9.54216
4.7233
14.0696
46.57
46.1214
45.7093
45.3384
44.9862
44.6921
44.4682
44.2533
43.922
43.3562
42.5233
41.4373
40.0989
38.5154
36.7117
34.7187
32.5672
30.2852
27.8994
25.4355
22.9178
20.3691
17.8102
15.2593
12.733
10.2469
7.8162
5.45361
3.17047
0.975358
-1.12448
-3.12281
-5.01494
-6.79633
-8.463
-10.0118
-11.44
-12.7452
-13.9259
-14.981
-15.9102
-16.7141
-17.3942
-17.9525
-18.3925
-18.718
-18.934
-19.0458
-19.0597
-18.9823
-18.8207
-18.5823
-18.2746
-17.905
-17.481
-17.0097
-16.4981
-15.9526
-15.3795
-14.7844
-14.1724
-13.5483
-12.9161
-12.2795
-11.6422
-11.0059
-10.375
-9.83097
-9.34338
-8.85051
-8.31172
-7.81923
-7.17263
-6.81409
-5.8361
-6.05623
-4.01484
-6.09304
-1.05404
-8.05336
46.8201
46.9871
47.3639
47.6937
47.9548
48.1171
48.1702
48.1074
47.9259
47.6352
47.2355
46.7344
46.1388
45.4566
44.6973
43.871
42.9884
42.0604
41.0989
40.1151
39.1202
38.1242
37.1369
36.1667
35.2211
34.3058
33.4257
32.5841
31.7833
31.0241
30.3068
29.6303
28.993
28.3928
27.8271
27.2927
26.7864
26.3046
25.8437
25.4
24.9698
24.5494
24.1353
23.724
23.3126
22.898
22.4778
22.0499
21.6125
21.1643
20.7045
20.2326
19.7485
19.2527
18.7458
18.2288
17.7029
17.1696
16.6307
16.0877
15.5426
14.9972
14.4534
13.9132
13.3786
12.8508
12.3333
11.8967
11.5195
11.1314
10.7339
10.3301
9.91735
9.53716
9.05124
8.94476
7.83259
9.43471
4.80912
13.739
27.716
27.4031
27.0646
26.7216
26.3358
25.8888
25.3821
24.8213
24.211
23.5571
22.8769
22.2002
21.5352
20.8703
20.1868
19.465
18.6892
17.8477
16.9301
15.9301
14.8438
13.6711
12.4147
11.0805
9.67683
8.21381
6.70238
5.15451
3.58339
2.00256
0.425392
-1.13463
-2.66534
-4.15495
-5.59264
-6.96876
-8.27465
-9.50263
-10.6461
-11.6993
-12.6578
-13.5183
-14.2784
-14.9364
-15.4923
-15.9468
-16.3016
-16.5594
-16.7237
-16.7988
-16.7896
-16.7016
-16.5407
-16.3131
-16.0251
-15.6832
-15.2936
-14.8626
-14.3961
-13.8997
-13.3787
-12.838
-12.2822
-11.7151
-11.1409
-10.5618
-9.98218
-9.47899
-9.02551
-8.56672
-8.05943
-7.59782
-6.98237
-6.64411
-5.713
-5.91137
-3.99012
-5.91446
-1.19653
-7.77683
27.8884
28.0022
28.1201
28.2287
28.3595
28.51
28.6833
28.8739
29.0795
29.2944
29.5113
29.7245
29.9265
30.1111
30.2716
30.4021
30.4972
30.5523
30.5639
30.5296
30.4483
30.32
30.1457
29.9282
29.6708
29.3776
29.0535
28.7038
28.3337
27.9484
27.5528
27.1514
26.748
26.3456
25.9467
25.553
25.1654
24.7843
24.4093
24.0398
23.6746
23.3122
22.9509
22.5889
22.2241
21.8549
21.4793
21.0958
20.7028
20.2993
19.8844
19.4575
19.0185
18.5675
18.1048
17.6313
17.1478
16.6557
16.1563
15.6511
15.1419
14.6305
14.1187
13.6085
13.1017
12.5999
12.1064
11.6892
11.3282
10.9562
10.5741
10.1859
9.78777
9.42196
8.95251
8.84595
7.79037
9.27694
4.9455
13.3578
26.5776
26.3886
26.1829
25.9697
25.7343
25.456
25.1153
24.6934
24.1706
23.5317
22.7766
21.9342
21.0438
20.1249
19.1835
18.221
17.2403
16.2442
15.2346
14.211
13.1722
12.1158
11.0397
9.9414
8.81921
7.6717
6.49877
5.30097
4.08092
2.8421
1.58967
0.330146
-0.92911
-2.17994
-3.41337
-4.62051
-5.79224
-6.91989
-7.99508
-9.01011
-9.95812
-10.8332
-11.6304
-12.3454
-12.9755
-13.5187
-13.974
-14.3418
-14.6231
-14.82
-14.9354
-14.9729
-14.9368
-14.8317
-14.6629
-14.4358
-14.1558
-13.8287
-13.4599
-13.0549
-12.6188
-12.1566
-11.673
-11.1719
-10.658
-10.1338
-9.60369
-9.13994
-8.71853
-8.2914
-7.81371
-7.38136
-6.79485
-6.47819
-5.58549
-5.77817
-3.94019
-5.77804
-1.257
-7.59616
26.7111
26.8115
26.8879
26.9444
26.9853
27.0089
27.0181
27.0126
26.9951
26.9664
26.9287
26.8837
26.8329
26.7779
26.7199
26.6595
26.5973
26.533
26.4661
26.3956
26.32
26.2376
26.1466
26.0449
25.931
25.803
25.6597
25.5004
25.3248
25.133
24.9257
24.704
24.4694
24.2234
23.9676
23.7037
23.4332
23.1571
22.8764
22.5915
22.3028
22.0099
21.7126
21.4099
21.1011
20.785
20.4606
20.1268
19.7826
19.4271
19.0595
18.6795
18.2866
17.881
17.463
17.033
16.5919
16.1407
15.6806
15.2131
14.7396
14.2621
13.7821
13.3016
12.8226
12.3464
11.8768
11.4784
11.133
10.7763
10.4093
10.0361
9.65222
9.30022
8.84563
8.74344
7.72671
9.15118
4.98633
13.1128
22.7184
22.5187
22.3144
22.1196
21.9275
21.7311
21.5212
21.2885
21.024
20.7152
20.3466
19.9074
19.4019
18.8392
18.2226
17.5526
16.8295
16.0547
15.2309
14.3614
13.4498
12.5
11.5159
10.5015
9.46069
8.39724
7.31459
6.21609
5.10505
3.98472
2.85827
1.72964
0.602638
-0.518207
-1.62788
-2.72085
-3.79123
-4.83271
-5.83878
-6.80292
-7.71883
-8.58052
-9.38243
-10.1195
-10.7876
-11.3832
-11.9039
-12.3479
-12.7146
-13.004
-13.2174
-13.3565
-13.4239
-13.4229
-13.3574
-13.2315
-13.0499
-12.8173
-12.5387
-12.2191
-11.8633
-11.476
-11.0619
-10.6251
-10.1701
-9.70007
-9.21917
-8.79451
-8.40499
-8.00941
-7.56147
-7.15864
-6.6004
-6.30797
-5.44814
-5.64756
-3.86956
-5.66128
-1.27207
-7.46261
22.8628
22.9743
23.0869
23.1968
23.3039
23.4073
23.5058
23.5977
23.6818
23.7565
23.8205
23.8727
23.9122
23.9382
23.9504
23.9485
23.9328
23.9036
23.8617
23.8079
23.7431
23.6684
23.585
23.4935
23.3949
23.2898
23.1783
23.0607
22.9369
22.8067
22.6697
22.5256
22.3741
22.2149
22.0477
21.8726
21.6895
21.4984
21.2994
21.0926
20.8778
20.6551
20.4239
20.1841
19.935
19.6762
19.4067
19.1261
18.8335
18.5284
18.2101
17.8784
17.5329
17.1737
16.8009
16.415
16.0168
15.607
15.1867
14.7574
14.3203
13.8772
13.4297
12.9796
12.529
12.0792
11.6341
11.255
10.9255
10.5845
10.2329
9.87499
9.50576
9.16773
8.72796
8.63283
7.64601
9.03394
4.97644
12.9121
18.108
17.9302
17.7449
17.567
17.3894
17.2098
17.0255
16.8302
16.6173
16.3816
16.1169
15.8155
15.474
15.0966
14.6885
14.2507
13.7829
13.2832
12.7486
12.1771
11.5674
10.9184
10.2298
9.50168
8.73513
7.93174
7.09403
6.22488
5.32801
4.40728
3.46703
2.51189
1.54664
0.576117
-0.394441
-1.35991
-2.31483
-3.25379
-4.17104
-5.06098
-5.91788
-6.73624
-7.51058
-8.2358
-8.90725
-9.52075
-10.0727
-10.5603
-10.9814
-11.3345
-11.6194
-11.8362
-11.9859
-12.0703
-12.0919
-12.0536
-11.9589
-11.8115
-11.6156
-11.3755
-11.0955
-10.7799
-10.4331
-10.0593
-9.6627
-9.24669
-8.81526
-8.43026
-8.07353
-7.71051
-7.29364
-6.92139
-6.39302
-6.12567
-5.30056
-5.50679
-3.79141
-5.53389
-1.28401
-7.31345
18.2299
18.3221
18.4206
18.5199
18.6227
18.7289
18.8382
18.9505
19.0653
19.1821
19.3004
19.4192
19.5377
19.6548
19.7695
19.8803
19.9861
20.0854
20.177
20.2597
20.3324
20.3941
20.4441
20.482
20.5075
20.5205
20.5211
20.5096
20.4865
20.4521
20.4069
20.3512
20.2855
20.21
20.1248
20.0299
19.9255
19.8114
19.6874
19.5533
19.4091
19.2544
19.0888
18.9121
18.7238
18.5234
18.3105
18.0846
17.8452
17.5918
17.324
17.0416
16.7444
16.4323
16.1056
15.7646
15.4099
15.0424
14.6628
14.2725
13.8728
13.4652
13.0514
12.633
12.2121
11.7901
11.3708
11.0121
10.6996
10.3755
10.0404
9.6986
9.34513
9.02167
8.59857
8.50927
7.55681
8.89936
4.96317
12.6841
15.0026
14.856
14.6998
14.5467
14.3915
14.2332
14.0727
13.9075
13.7318
13.5399
13.3266
13.086
12.8119
12.5028
12.1634
11.7989
11.4116
11.0031
10.5736
10.1217
9.64651
9.14729
8.62294
8.07248
7.49498
6.88993
6.25697
5.59631
4.90848
4.19467
3.45647
2.69635
1.91705
1.12208
0.315339
-0.49877
-1.31556
-2.13
-2.93686
-3.73069
-4.50614
-5.2577
-5.98007
-6.66793
-7.31644
-7.921
-8.4773
-8.98173
-9.43109
-9.82299
-10.1556
-10.428
-10.6398
-10.7914
-10.8838
-10.9187
-10.8985
-10.8258
-10.7038
-10.536
-10.326
-10.0776
-9.7949
-9.48155
-9.1417
-8.77875
-8.39641
-8.05114
-7.72752
-7.39743
-7.01249
-6.67122
-6.17417
-5.93177
-5.14421
-5.35479
-3.70812
-5.39329
-1.2944
-7.14457
15.1075
15.1939
15.2864
15.3797
15.4764
15.5756
15.6774
15.7817
15.8886
15.9978
16.1093
16.223
16.3387
16.4562
16.5752
16.6956
16.8166
16.938
17.059
17.179
17.2971
17.4124
17.5238
17.6303
17.7307
17.824
17.9091
17.9851
18.0511
18.1065
18.1505
18.183
18.2035
18.2119
18.2081
18.1921
18.1639
18.1235
18.0707
18.0057
17.9283
17.8382
17.7353
17.6192
17.4898
17.3466
17.1893
17.0174
16.8307
16.6287
16.4112
16.1779
15.9287
15.6638
15.3831
15.087
14.7761
14.451
14.1125
13.7618
13.4
13.0287
12.6492
12.2634
11.8732
11.48
11.0876
10.7505
10.4558
10.1494
9.8317
9.50698
9.17027
8.86186
8.45721
8.37181
7.45955
8.74581
4.94753
12.4345
12.8814
12.7584
12.6257
12.4928
12.3566
12.217
12.0758
11.9335
11.7881
11.6352
11.4703
11.2889
11.0855
10.8545
10.5933
10.3046
9.99189
9.65725
9.30228
8.92745
8.53205
8.1153
7.67689
7.21666
6.73461
6.23072
5.70514
5.15797
4.5896
4.0004
3.3911
2.76271
2.11655
1.45429
0.778158
0.0906712
-0.605041
-1.30557
-2.00694
-2.70495
-3.39504
-4.07256
-4.73262
-5.37034
-5.98094
-6.55973
-7.10228
-7.60446
-8.06262
-8.47356
-8.83467
-9.14387
-9.3998
-9.60165
-9.74938
-9.84352
-9.8852
-9.87611
-9.81846
-9.71475
-9.56797
-9.38125
-9.15804
-8.90167
-8.61589
-8.30406
-7.96946
-7.66324
-7.37237
-7.07485
-6.72187
-6.41144
-5.94644
-5.72865
-4.98005
-5.1942
-3.61739
-5.2455
-1.29426
-6.97096
12.9741
13.0553
13.1422
13.2305
13.3225
13.417
13.5145
13.6147
13.7175
13.8228
13.9304
14.0402
14.152
14.2656
14.3807
14.4971
14.6145
14.7327
14.8513
14.9702
15.0888
15.2069
15.324
15.4396
15.5533
15.6642
15.7718
15.8754
15.974
16.0668
16.153
16.2315
16.3018
16.3627
16.4138
16.4542
16.4833
16.5008
16.506
16.4986
16.4783
16.4447
16.3974
16.336
16.2604
16.1701
16.0647
15.9438
15.8072
15.6545
15.4854
15.2997
15.0974
14.8784
14.6427
14.3908
14.123
13.8398
13.5421
13.2308
12.907
12.572
12.2273
11.8744
11.5154
11.1516
10.7868
10.4718
10.1956
9.90747
9.60784
9.30074
8.98149
8.68836
8.30348
8.22067
7.35181
8.57828
4.91879
12.1818
11.1338
11.0294
10.9168
10.8027
10.6836
10.5594
10.4326
10.3049
10.1763
10.0457
9.91001
9.76545
9.60849
9.4348
9.23937
9.01956
8.77666
8.51322
8.23073
7.93047
7.61278
7.27674
6.92129
6.54604
6.15081
5.73548
5.29991
4.84413
4.36837
3.87307
3.35886
2.82671
2.27761
1.71293
1.13424
0.543419
-0.0574256
-0.665754
-1.27882
-1.89341
-2.50616
-3.11332
-3.71098
-4.29499
-4.86108
-5.40501
-5.92253
-6.40964
-6.86244
-7.27749
-7.65161
-7.98214
-8.26694
-8.50437
-8.69343
-8.83371
-8.92533
-8.96907
-8.9661
-8.91815
-8.82737
-8.69619
-8.52743
-8.32394
-8.08901
-7.82579
-7.53711
-7.26875
-7.0099
-6.74428
-6.4231
-6.14309
-5.7105
-5.51701
-4.80799
-5.02593
-3.51798
-5.0927
-1.28132
-6.7972
11.2144
11.2867
11.3641
11.4436
11.5266
11.6127
11.702
11.7945
11.8902
11.989
12.0909
12.1959
12.3037
12.4143
12.5275
12.643
12.7607
12.8802
13.0013
13.1235
13.2466
13.3701
13.4936
13.6166
13.7388
13.8595
13.9785
14.095
14.2085
14.3186
14.4244
14.5254
14.6208
14.71
14.792
14.8662
14.9317
14.9878
15.0337
15.0686
15.0919
15.1029
15.101
15.0856
15.0561
15.012
14.9528
14.878
14.7872
14.6801
14.5563
14.4155
14.2575
14.0824
13.89
13.6807
13.4547
13.2124
12.9546
12.6821
12.3958
12.0969
11.7868
11.4671
11.1395
10.8054
10.4687
10.1763
9.9189
9.64955
9.36847
9.07947
8.77829
8.50065
8.13658
8.05554
7.232
8.39818
4.87455
11.9279
9.6648
9.57588
9.48018
9.38312
9.2812
9.17259
9.0593
8.94369
8.82702
8.70955
8.59056
8.46773
8.33802
8.1984
8.04526
7.87433
7.68305
7.47195
7.24297
6.9973
6.73623
6.46068
6.17033
5.86422
5.54173
5.20232
4.84557
4.47107
4.07869
3.66843
3.24055
2.79549
2.33387
1.85649
1.36453
0.859292
0.342446
-0.184144
-0.718226
-1.25738
-1.79883
-2.33964
-2.87659
-3.40616
-3.92479
-4.42872
-4.91418
-5.37739
-5.81467
-6.22246
-6.59751
-6.93677
-7.23767
-7.49799
-7.71605
-7.89065
-8.02116
-8.10743
-8.14986
-8.14935
-8.10728
-8.02533
-7.90568
-7.75063
-7.56293
-7.34548
-7.10051
-6.86853
-6.64076
-6.40622
-6.11643
-5.8663
-5.46632
-5.29678
-4.62782
-4.84967
-3.40984
-4.93372
-1.2578
-6.62121
9.73477
9.79861
9.86687
9.93731
10.011
10.0877
10.1676
10.2506
10.3368
10.4263
10.5191
10.6152
10.7145
10.817
10.9228
11.0316
11.1435
11.2581
11.3755
11.4953
11.6173
11.7412
11.8666
11.9932
12.1206
12.2482
12.3755
12.5021
12.6273
12.7505
12.8711
12.9885
13.1019
13.2108
13.3144
13.4119
13.5026
13.5858
13.6607
13.7264
13.7822
13.8272
13.8608
13.8821
13.8904
13.8851
13.8653
13.8306
13.7804
13.7141
13.6313
13.5316
13.4148
13.2807
13.1291
12.9601
12.7741
12.5712
12.352
12.1172
11.8676
11.6043
11.3285
11.0417
10.7455
10.4413
10.1329
9.86337
9.62518
9.37498
9.1129
8.84244
8.55987
8.29796
7.95564
7.87583
7.09934
8.2045
4.8169
11.6679
8.46425
8.3884
8.30654
8.22302
8.13552
8.04248
7.94395
7.84107
7.73552
7.6288
7.52143
7.41289
7.30129
7.18406
7.05853
6.92161
6.76951
6.59979
6.41267
6.20975
5.99212
5.76108
5.51778
5.26211
4.99299
4.70963
4.41151
4.09841
3.7702
3.42683
3.06827
2.69466
2.30617
1.90318
1.48626
1.05623
0.614087
0.161168
-0.300976
-0.770489
-1.24529
-1.72306
-2.20111
-2.67663
-3.14656
-3.60773
-4.05677
-4.49033
-4.90491
-5.2972
-5.66392
-6.00198
-6.30853
-6.58107
-6.81744
-7.01593
-7.17521
-7.2945
-7.37348
-7.41232
-7.41166
-7.37251
-7.29638
-7.18502
-7.04056
-6.8656
-6.66177
-6.4644
-6.26649
-6.06192
-5.80285
-5.58184
-5.21436
-5.06824
-4.43964
-4.66529
-3.29325
-4.76797
-1.22501
-6.44057
8.52519
8.58179
8.64215
8.70467
8.77016
8.83844
8.90966
8.98387
9.06113
9.14151
9.22504
9.31179
9.40175
9.49496
9.5914
9.6911
9.79396
9.89995
10.009
10.121
10.2358
10.3532
10.4731
10.5951
10.7191
10.8447
10.9714
11.0989
11.2267
11.3543
11.4811
11.6065
11.7298
11.8504
11.9674
12.0803
12.1881
12.2901
12.3855
12.4736
12.5533
12.6241
12.6848
12.7349
12.7733
12.7994
12.8123
12.8113
12.7958
12.765
12.7184
12.6555
12.5758
12.4791
12.3651
12.2338
12.0852
11.9195
11.7371
11.5384
11.3243
11.0957
10.8535
10.5991
10.334
10.0596
9.77949
9.53306
9.31423
9.08343
8.84068
8.58912
8.32563
8.07971
7.75988
7.68098
6.95316
7.99636
4.74704
11.3988
7.47334
7.40789
7.33714
7.26448
7.18809
7.10706
7.02185
6.9325
6.83916
6.74299
6.64538
6.54701
6.44752
6.34548
6.23872
6.12501
6.0018
5.86577
5.71438
5.54759
5.36703
5.17389
4.96907
4.7533
4.52622
4.28694
4.03488
3.76991
3.49204
3.20119
2.89724
2.58014
2.24986
1.90657
1.55058
1.18239
0.802627
0.412163
0.0120647
-0.396366
-0.811629
-1.23193
-1.65527
-2.07938
-2.50183
-2.91993
-3.33084
-3.73159
-4.1191
-4.49028
-4.84206
-5.17139
-5.47545
-5.75154
-5.99731
-6.21062
-6.38975
-6.5334
-6.64069
-6.71115
-6.74479
-6.74199
-6.70366
-6.63097
-6.52547
-6.38937
-6.22369
-6.0588
-5.88924
-5.71324
-5.48388
-5.29092
-4.95554
-4.83209
-4.24388
-4.47307
-3.16848
-4.5952
-1.18356
-6.25537
7.52666
7.57683
7.63018
7.68558
7.74366
7.80429
7.86765
7.93376
8.00272
8.07458
8.14944
8.22732
8.30831
8.39242
8.4797
8.57017
8.66384
8.76067
8.86067
8.96375
9.06987
9.1789
9.29074
9.4052
9.52213
9.64126
9.76236
9.88512
10.0092
10.1342
10.2598
10.3853
10.5103
10.6341
10.7562
10.8758
10.9923
11.1048
11.2126
11.3148
11.4107
11.4992
11.5796
11.6509
11.7123
11.7629
11.8019
11.8283
11.8415
11.8407
11.8251
11.7941
11.7472
11.6838
11.6038
11.5067
11.3926
11.2615
11.1136
10.9492
10.7689
10.5734
10.3637
10.1409
9.90635
9.66131
9.40922
9.18575
8.98629
8.77497
8.5517
8.31924
8.07515
7.84544
7.54869
7.47053
6.7928
7.77344
4.665
11.1193
6.62145
6.56473
6.50375
6.44114
6.37524
6.30513
6.23115
6.15384
6.07311
5.98875
5.90089
5.81035
5.71795
5.62421
5.52861
5.42975
5.32586
5.2151
5.09452
4.96105
4.81363
4.65342
4.4816
4.29911
4.1067
3.90431
3.69129
3.46729
3.23219
2.98581
2.72788
2.4582
2.17664
1.88323
1.57818
1.2618
0.934524
0.596943
0.249818
-0.105921
-0.469161
-0.838599
-1.2127
-1.5897
-1.96764
-2.34438
-2.71751
-3.08456
-3.44283
-3.78959
-4.12202
-4.43732
-4.73274
-5.00566
-5.25354
-5.47414
-5.66545
-5.82583
-5.95392
-6.04882
-6.10999
-6.13731
-6.13106
-6.09196
-6.0209
-5.91977
-5.78896
-5.65416
-5.51115
-5.36202
-5.16109
-4.99487
-4.69084
-4.5891
-4.04102
-4.2734
-3.03581
-4.41582
-1.13419
-6.0656
6.66838
6.71306
6.76053
6.81
6.8619
6.91621
6.973
7.03239
7.09438
7.15912
7.2266
7.29694
7.37014
7.44631
7.52544
7.60763
7.69284
7.78115
7.87251
7.96698
8.06447
8.16498
8.26839
8.37467
8.48364
8.59518
8.70909
8.82518
8.94316
9.06279
9.18367
9.30547
9.42775
9.55004
9.67182
9.79252
9.91151
10.0281
10.1416
10.2513
10.3563
10.4558
10.5489
10.6348
10.7126
10.7813
10.84
10.8879
10.924
10.9475
10.9577
10.9537
10.9348
10.9006
10.8504
10.784
10.701
10.6014
10.4852
10.3526
10.204
10.04
9.86124
9.66874
9.46377
9.24736
9.02279
8.82196
8.64169
8.44972
8.24591
8.03264
7.80808
7.59475
7.32144
7.24406
6.61751
7.53538
4.57082
10.8279
5.91138
5.86253
5.81032
5.75685
5.70064
5.64073
5.57738
5.51084
5.441
5.36709
5.28812
5.20363
5.11456
5.02272
4.9301
4.83751
4.74426
4.64836
4.54786
4.44016
4.32208
4.19155
4.0487
3.89447
3.7302
3.55737
3.37647
3.18678
2.98759
2.77838
2.55885
2.32877
2.08804
1.83664
1.57473
1.30246
1.02011
0.728042
0.426773
0.116949
-0.200624
-0.524967
-0.854909
-1.18908
-1.52593
-1.86374
-2.20056
-2.53429
-2.86266
-3.1833
-3.49373
-3.79141
-4.07383
-4.3384
-4.58272
-4.80446
-5.00152
-5.172
-5.31432
-5.42714
-5.5096
-5.56107
-5.58139
-5.57077
-5.52962
-5.4594
-5.35999
-5.25262
-5.13417
-5.01001
-4.83593
-4.69491
-4.42125
-4.34004
-3.83157
-4.06651
-2.89555
-4.22937
-1.07798
-5.87044
5.95238
5.99165
6.03335
6.07678
6.12242
6.17015
6.22017
6.27247
6.32719
6.38436
6.4441
6.50642
6.57145
6.63921
6.70979
6.78319
6.85953
6.93878
7.02102
7.10622
7.19444
7.28563
7.37981
7.47688
7.57683
7.67953
7.78491
7.89276
8.00298
8.1153
8.22949
8.34524
8.46225
8.58011
8.69841
8.81666
8.93436
9.05089
9.16567
9.27801
9.38719
9.49243
9.59293
9.68786
9.77635
9.85748
9.93038
9.99407
10.0477
10.0903
10.121
10.1391
10.1437
10.134
10.1096
10.0698
10.0143
9.94288
9.85539
9.75188
9.63255
9.49777
9.3481
9.18438
9.00764
8.81882
8.62094
8.44224
8.28076
8.10789
7.92333
7.72913
7.5241
7.32724
7.07753
7.00115
6.42663
7.28148
4.46502
10.5213
5.3179
5.27527
5.22992
5.18379
5.13555
5.08437
5.03033
4.97365
4.9141
4.85074
4.78191
4.70618
4.6233
4.53472
4.44303
4.35126
4.26145
4.17366
4.08567
3.99448
3.89723
3.79104
3.67378
3.54516
3.40588
3.25716
3.10081
2.93771
2.76701
2.58757
2.3988
2.20062
1.99305
1.77618
1.55005
1.31474
1.07034
0.81704
0.555161
0.285121
0.00749532
-0.277021
-0.567541
-0.863029
-1.16228
-1.46392
-1.76637
-2.06792
-2.36666
-2.66061
-2.94761
-3.22544
-3.49177
-3.74428
-3.98067
-4.1987
-4.39621
-4.57124
-4.72202
-4.84704
-4.94507
-5.01519
-5.0568
-5.06975
-5.05397
-5.0106
-4.93893
-4.85622
-4.76011
-4.65887
-4.50988
-4.39229
-4.14773
-4.08566
-3.61619
-3.85258
-2.74845
-4.03549
-1.01644
-5.66784
5.35376
5.38816
5.42455
5.46247
5.50221
5.54379
5.58727
5.63273
5.68023
5.72988
5.78173
5.8359
5.89244
5.95149
6.01306
6.0773
6.14422
6.21394
6.28647
6.36191
6.44024
6.52154
6.60578
6.69299
6.78312
6.87616
6.972
7.0706
7.1718
7.2755
7.38147
7.48952
7.59939
7.71079
7.82334
7.93668
8.05036
8.1639
8.27674
8.38832
8.49799
8.60505
8.70877
8.80839
8.90307
8.99198
9.07422
9.14891
9.21513
9.27199
9.31854
9.35396
9.37734
9.38793
9.385
9.36792
9.33621
9.28946
9.2274
9.14993
9.05709
8.9491
8.82635
8.68949
8.53939
8.37678
8.2045
8.04713
7.90394
7.74968
7.58403
7.40862
7.22289
7.04253
6.81639
6.74135
6.21965
7.01063
4.34881
10.1946
4.76823
4.73158
4.69252
4.65289
4.61165
4.56805
4.52205
4.47367
4.42267
4.36862
4.31054
4.24703
4.17697
4.10025
4.01792
3.93209
3.8455
3.76073
3.67881
3.59841
3.51642
3.42937
3.33413
3.22873
3.11303
2.98775
2.85354
2.7118
2.56356
2.40827
2.2449
2.07314
1.89314
1.70512
1.50911
1.30506
1.0929
0.872685
0.644589
0.408919
0.166061
-0.0834626
-0.339028
-0.599826
-0.864958
-1.13333
-1.40371
-1.67469
-1.94476
-2.21221
-2.47526
-2.73194
-2.98024
-3.21805
-3.44326
-3.65375
-3.84745
-4.0224
-4.17679
-4.30894
-4.41746
-4.50115
-4.55913
-4.59096
-4.59616
-4.57548
-4.5279
-4.46691
-4.39087
-4.31026
-4.18442
-4.0883
-3.87141
-3.8267
-3.39576
-3.63156
-2.59572
-3.83276
-0.951577
-5.45465
4.79916
4.8289
4.86051
4.89356
4.92832
4.9648
5.00309
5.04326
5.08537
5.12949
5.1757
5.22406
5.27462
5.32747
5.38266
5.44026
5.50035
5.56297
5.62819
5.69607
5.76666
5.83998
5.91608
5.99497
6.07668
6.16117
6.24844
6.33844
6.43111
6.52635
6.62405
6.72404
6.82617
6.93019
7.03585
7.14283
7.2508
7.35933
7.468
7.57629
7.68368
7.78954
7.89324
7.99406
8.09128
8.18411
8.27172
8.35326
8.42785
8.4946
8.55264
8.60104
8.63897
8.66556
8.68005
8.68172
8.66998
8.64428
8.60424
8.54963
8.48033
8.39641
8.29814
8.18596
8.06053
7.92253
7.77439
7.63741
7.5117
7.37545
7.2281
7.07105
6.90425
6.74026
6.53744
6.46407
5.99635
6.72064
4.22482
9.8416
4.27782
4.24594
4.21171
4.17674
4.14033
4.10181
4.06113
4.01813
3.97252
3.92401
3.87246
3.81754
3.75867
3.6952
3.62687
3.55398
3.47757
3.3993
3.32123
3.24489
3.17025
3.09534
3.0169
2.9315
2.83672
2.73226
2.619
2.49723
2.36779
2.23214
2.0905
1.94201
1.78625
1.62335
1.45352
1.27659
1.09239
0.900858
0.702147
0.496463
0.284115
0.0654482
-0.159041
-0.38878
-0.623046
-0.861031
-1.10175
-1.34411
-1.58685
-1.82862
-2.06787
-2.30297
-2.53214
-2.75354
-2.96526
-3.16539
-3.35198
-3.52314
-3.67706
-3.81207
-3.92662
-4.01937
-4.08926
-4.13561
-4.15759
-4.15568
-4.12846
-4.0863
-4.02794
-3.96564
-3.86084
-3.78393
-3.5935
-3.56346
-3.17173
-3.40259
-2.43996
-3.6178
-0.887637
-5.22499
4.30461
4.3304
4.35779
4.38646
4.4167
4.44849
4.48195
4.51713
4.55412
4.59296
4.63376
4.67653
4.72139
4.76836
4.81754
4.86895
4.9227
4.97881
5.03737
5.09841
5.162
5.22816
5.29695
5.3684
5.44251
5.5193
5.59877
5.68089
5.76563
5.85293
5.9427
6.03483
6.12923
6.2257
6.32404
6.42403
6.52539
6.6278
6.73089
6.83426
6.93744
7.03993
7.14117
7.24055
7.33742
7.43108
7.52076
7.60569
7.68506
7.75801
7.8237
7.88126
7.92981
7.96854
7.99661
8.01324
8.01777
8.00958
7.98814
7.95315
7.90437
7.84168
7.76525
7.67532
7.57244
7.45705
7.33144
7.21359
7.10452
6.98539
6.85561
6.7163
6.56787
6.42008
6.24023
6.16831
5.75738
6.40733
4.09993
9.45027
3.83969
3.81136
3.78091
3.74969
3.71705
3.68253
3.64602
3.60741
3.56637
3.5227
3.47636
3.42742
3.37562
3.32062
3.26201
3.19949
3.13277
3.06187
2.98714
2.90956
2.83046
2.75125
2.67277
2.59547
2.51916
2.44278
2.36401
2.27879
2.18106
2.06673
1.93913
1.80527
1.66847
1.52794
1.38163
1.22845
1.06829
0.901513
0.728364
0.549037
0.363656
0.172467
-0.0242073
-0.225891
-0.432108
-0.642204
-0.855467
-1.07102
-1.28784
-1.50485
-1.72076
-1.93415
-2.14356
-2.34737
-2.54393
-2.73149
-2.90829
-3.07258
-3.22259
-3.35669
-3.47331
-3.57107
-3.64875
-3.70544
-3.74016
-3.75311
-3.74265
-3.71622
-3.67322
-3.62655
-3.54094
-3.48022
-3.31576
-3.29586
-2.94649
-3.16365
-2.2851
-3.38661
-0.831529
-4.97306
3.86377
3.8871
3.91182
3.93767
3.96485
3.99339
4.02334
4.05479
4.08778
4.12241
4.15872
4.19681
4.23672
4.27854
4.32232
4.36815
4.41606
4.46614
4.51843
4.57302
4.62992
4.68922
4.75094
4.81515
4.88185
4.95109
5.02283
5.0971
5.1739
5.25321
5.33492
5.419
5.50533
5.59384
5.68434
5.77664
5.87054
5.96582
6.06217
6.15923
6.25665
6.35398
6.45076
6.54651
6.6406
6.73248
6.82143
6.90677
6.98776
7.06362
7.13357
7.19678
7.25236
7.29953
7.3375
7.36542
7.38258
7.38837
7.38209
7.36342
7.33199
7.28753
7.23004
7.15974
7.07692
6.98198
6.87684
6.77672
6.6831
6.58001
6.46681
6.34447
6.21362
6.08156
5.92441
5.85247
5.50464
6.0647
3.98328
9.012
3.30893
3.28507
3.25943
3.23296
3.20511
3.17548
3.14411
3.11103
3.07606
3.039
2.99967
2.95814
2.91459
2.86898
2.82099
2.77058
2.71787
2.66308
2.60628
2.54776
2.488
2.4278
2.36763
2.30725
2.24504
2.17841
2.10466
2.02278
1.93426
1.84102
1.74263
1.63748
1.52557
1.40839
1.28646
1.15942
1.02672
0.888213
0.743908
0.594023
0.438732
0.278251
0.112712
-0.0576334
-0.232531
-0.411493
-0.594021
-0.779467
-0.967095
-1.15606
-1.34538
-1.53395
-1.72058
-1.90395
-2.08267
-2.25521
-2.42005
-2.57556
-2.72013
-2.85216
-2.9701
-3.07252
-3.15808
-3.22568
-3.27413
-3.30329
-3.31151
-3.30239
-3.2772
-3.24726
-3.18524
-3.13996
-3.01023
-2.99423
-2.705
-2.89051
-2.12956
-3.11985
-0.792398
-4.69108
3.32953
3.34967
3.37101
3.39338
3.41694
3.44169
3.46768
3.495
3.52365
3.55375
3.58532
3.61843
3.65314
3.68954
3.72765
3.76754
3.80929
3.85296
3.89858
3.94622
3.99593
4.04779
4.10181
4.15805
4.21654
4.27733
4.34044
4.40589
4.47367
4.54385
4.61632
4.69108
4.76808
4.84731
4.92858
5.01179
5.09681
5.18351
5.27163
5.36093
5.45111
5.54182
5.63276
5.72351
5.81356
5.90247
5.98965
6.07447
6.15637
6.23458
6.30844
6.37722
6.44004
6.49614
6.54484
6.58522
6.61654
6.63814
6.64931
6.6495
6.63829
6.61527
6.58032
6.5334
6.47465
6.4044
6.32411
6.24558
6.171
6.08772
5.99524
5.89418
5.78553
5.67351
5.54637
5.47275
5.21345
5.64479
3.879
8.47541
2.79054
2.77194
2.75199
2.73132
2.70941
2.68594
2.66106
2.63496
2.60757
2.57869
2.54811
2.51575
2.48178
2.44647
2.40991
2.37201
2.33244
2.29129
2.24894
2.20576
2.16164
2.1162
2.06867
2.01819
1.96366
1.90429
1.83974
1.77043
1.69721
1.62138
1.54366
1.46307
1.37738
1.28536
1.18774
1.08571
0.979297
0.86806
0.75183
0.630859
0.505254
0.375076
0.240245
0.100861
-0.0429112
-0.190766
-0.342353
-0.497259
-0.655001
-0.81496
-0.976453
-1.13869
-1.30074
-1.46158
-1.62011
-1.7751
-1.92523
-2.06912
-2.20532
-2.33239
-2.44884
-2.55327
-2.64429
-2.72068
-2.78109
-2.82509
-2.85095
-2.85906
-2.85096
-2.83916
-2.79893
-2.77419
-2.67265
-2.67549
-2.42588
-2.61847
-1.92196
-2.88673
-0.681026
-4.50976
2.80681
2.82283
2.83977
2.85757
2.87631
2.89601
2.91672
2.93852
2.96142
2.9855
3.01079
3.03736
3.06527
3.09461
3.12538
3.15767
3.19155
3.22708
3.26432
3.30331
3.34409
3.38678
3.43137
3.47789
3.52643
3.57703
3.62974
3.68456
3.74153
3.80068
3.86202
3.92552
3.99123
4.05913
4.12912
4.20115
4.27516
4.35107
4.4287
4.50791
4.58848
4.67021
4.75284
4.83603
4.91947
5.00278
5.08549
5.16709
5.24714
5.32502
5.40012
5.47185
5.53944
5.60219
5.65943
5.71035
5.75419
5.79025
5.8178
5.83618
5.8449
5.84344
5.83149
5.80882
5.77542
5.73147
5.67811
5.62327
5.56968
5.50865
5.43955
5.36286
5.27964
5.1926
5.09689
5.03618
4.84489
5.22757
3.62929
8.1287
2.36704
2.35151
2.33495
2.31793
2.30003
2.28091
2.26059
2.23925
2.21695
2.19355
2.16889
2.14278
2.11521
2.08616
2.05563
2.02368
1.99024
1.95506
1.91769
1.87791
1.83589
1.79203
1.74657
1.69971
1.65164
1.60281
1.55351
1.50359
1.45217
1.39773
1.33884
1.27525
1.20756
1.13597
1.05976
0.97831
0.892195
0.802293
0.708794
0.611496
0.510185
0.404797
0.295264
0.181684
0.0641689
-0.0570932
-0.18191
-0.310028
-0.441113
-0.574743
-0.710423
-0.847589
-0.985551
-1.12354
-1.26071
-1.39607
-1.52856
-1.65707
-1.78037
-1.89722
-2.00629
-2.10632
-2.19595
-2.27401
-2.33913
-2.39078
-2.42709
-2.44656
-2.45037
-2.45174
-2.42808
-2.41962
-2.34079
-2.36051
-2.14326
-2.34689
-1.70186
-2.65907
-0.54802
-4.33912
2.38068
2.3941
2.4082
2.42295
2.43843
2.45466
2.4717
2.48956
2.50832
2.52801
2.54866
2.57033
2.59309
2.61698
2.64203
2.66834
2.69593
2.72488
2.75526
2.78708
2.8204
2.85531
2.89185
2.93005
2.96999
3.01167
3.05517
3.10052
3.14774
3.19687
3.24795
3.30095
3.35594
3.41292
3.47183
3.53268
3.59544
3.66003
3.72639
3.79443
3.86402
3.93502
4.00723
4.08042
4.15441
4.22888
4.30346
4.3778
4.45153
4.5242
4.59527
4.66424
4.73056
4.79354
4.85263
4.90709
4.95626
4.99946
5.03599
5.06519
5.08655
5.09944
5.10347
5.09833
5.08387
5.06017
5.02813
4.9925
4.95631
4.914
4.86499
4.80968
4.74916
4.68527
4.61817
4.57264
4.44203
4.79824
3.33833
7.78866
1.96643
1.95334
1.93966
1.9259
1.91165
1.8964
1.88006
1.86279
1.84479
1.82608
1.80649
1.78582
1.76398
1.74093
1.71669
1.69123
1.6645
1.63648
1.60722
1.57654
1.54393
1.50892
1.47162
1.43251
1.39205
1.35055
1.30833
1.26567
1.22266
1.17883
1.13317
1.08442
1.03172
0.975184
0.915248
0.85164
0.78375
0.711671
0.636271
0.55805
0.476727
0.391967
0.303673
0.211923
0.116766
0.0182866
-0.0833989
-0.188112
-0.295609
-0.405602
-0.517732
-0.631623
-0.746776
-0.86261
-0.978505
-1.09369
-1.20735
-1.3186
-1.42648
-1.52994
-1.62785
-1.71911
-1.80254
-1.87705
-1.94138
-1.99495
-2.03595
-2.0617
-2.0731
-2.08318
-2.07167
-2.07503
-2.01488
-2.04717
-1.85964
-2.06962
-1.47688
-2.41888
-0.410975
-4.13446
1.97815
1.98976
2.00199
2.01475
2.02815
2.04219
2.05689
2.07227
2.08839
2.10525
2.1229
2.14137
2.16071
2.18094
2.20211
2.22428
2.24748
2.27176
2.29717
2.32374
2.35154
2.38061
2.41102
2.44279
2.476
2.51066
2.54683
2.58455
2.62386
2.66477
2.70737
2.7516
2.79757
2.84523
2.8946
2.94569
2.99848
3.05293
3.10903
3.1667
3.22588
3.28647
3.34834
3.41136
3.47537
3.54016
3.60547
3.67102
3.73652
3.80165
3.86598
3.9291
3.9906
4.0499
4.10656
4.15995
4.2095
4.25462
4.2947
4.32909
4.35731
4.37872
4.39294
4.39961
4.3985
4.3896
4.3736
4.35295
4.33058
4.3035
4.27115
4.23403
4.19306
4.14999
4.10838
4.07809
4.0039
4.33463
3.02366
7.35947
1.61368
1.60258
1.59113
1.57981
1.56828
1.55605
1.54291
1.52891
1.5143
1.49918
1.48348
1.46697
1.4495
1.43102
1.41158
1.39122
1.36989
1.34748
1.32395
1.29934
1.27376
1.24699
1.21848
1.18763
1.15447
1.1196
1.08363
1.04692
1.00978
0.972396
0.934681
0.896109
0.855743
0.812634
0.766287
0.716968
0.664923
0.609702
0.550883
0.488945
0.424601
0.357957
0.288638
0.216363
0.141037
0.0627306
-0.0184112
-0.102201
-0.188467
-0.277026
-0.367668
-0.460129
-0.554062
-0.649045
-0.744603
-0.840183
-0.935152
-1.02884
-1.12046
-1.2092
-1.2941
-1.37426
-1.44866
-1.51639
-1.57629
-1.62787
-1.66939
-1.69773
-1.71332
-1.72867
-1.72554
-1.73717
-1.69181
-1.73333
-1.5718
-1.78493
-1.24176
-2.16393
-0.262274
-3.89643
1.62363
1.63344
1.64371
1.65436
1.66549
1.67707
1.68915
1.70174
1.71488
1.72859
1.74292
1.75786
1.77348
1.78978
1.80682
1.82464
1.84327
1.86272
1.88308
1.90436
1.92664
1.94991
1.97425
1.99968
2.02628
2.05407
2.08309
2.11339
2.14503
2.17802
2.21242
2.24823
2.28552
2.32429
2.36453
2.40629
2.44957
2.49434
2.5406
2.58831
2.63742
2.68789
2.73963
2.79256
2.84653
2.90143
2.95709
3.01328
3.06976
3.12631
3.18261
3.23833
3.29317
3.34662
3.39837
3.44792
3.49478
3.53845
3.57844
3.61415
3.64515
3.67087
3.6909
3.70493
3.7127
3.71416
3.70983
3.70041
3.68871
3.67359
3.65468
3.63244
3.60781
3.58262
3.56253
3.54629
3.52147
3.82637
2.66251
6.84979
1.30943
1.30081
1.29175
1.28263
1.27339
1.26379
1.25357
1.24266
1.23116
1.21921
1.20682
1.19387
1.18017
1.16566
1.15035
1.13433
1.11755
1.09995
1.08145
1.06204
1.04166
1.02038
0.998216
0.97499
0.950078
0.922945
0.893646
0.862849
0.831238
0.799205
0.766949
0.734554
0.701784
0.668131
0.63279
0.595114
0.55493
0.512484
0.467744
0.420279
0.369999
0.31756
0.263288
0.206881
0.147978
0.0865999
0.0229585
-0.0427169
-0.110327
-0.179795
-0.251072
-0.323986
-0.398316
-0.473759
-0.549979
-0.626603
-0.703153
-0.779145
-0.853974
-0.92702
-0.997535
-1.0648
-1.12798
-1.18634
-1.23891
-1.2853
-1.32394
-1.35168
-1.36854
-1.386
-1.38795
-1.40446
-1.37031
-1.41767
-1.27812
-1.49153
-0.992888
-1.89174
-0.0935679
-3.62137
1.31728
1.325
1.33307
1.34142
1.35012
1.35917
1.36859
1.37837
1.38856
1.39918
1.41023
1.42175
1.43375
1.44626
1.45933
1.47296
1.48718
1.50203
1.51754
1.53376
1.5507
1.56841
1.58692
1.60627
1.62649
1.64763
1.66969
1.69276
1.71685
1.74203
1.76829
1.79569
1.82428
1.85407
1.88507
1.91734
1.95087
1.98569
2.02178
2.05916
2.09777
2.13763
2.17867
2.22083
2.26405
2.30823
2.35327
2.39902
2.4453
2.49195
2.5387
2.58533
2.63162
2.67715
2.72169
2.76485
2.80627
2.84549
2.88213
2.91575
2.94592
2.97217
2.99416
3.01156
3.02416
3.03191
3.03516
3.03351
3.02936
3.02296
3.014
3.00314
2.99114
2.98023
2.97686
2.97199
2.98782
3.26608
2.23713
6.25843
0.976758
0.97066
0.963895
0.956713
0.949371
0.941996
0.934361
0.926232
0.917445
0.908139
0.898415
0.888334
0.877733
0.866537
0.854669
0.842217
0.82916
0.815519
0.801184
0.786145
0.770296
0.753661
0.73618
0.717947
0.699009
0.679282
0.658179
0.635232
0.610501
0.584727
0.558532
0.532362
0.506367
0.480674
0.455077
0.429188
0.402385
0.374255
0.344768
0.313918
0.281158
0.246092
0.208956
0.170116
0.129391
0.0864911
0.0413931
-0.00567963
-0.054583
-0.105264
-0.157711
-0.211825
-0.267423
-0.324263
-0.382051
-0.440499
-0.499224
-0.557848
-0.615891
-0.672896
-0.728272
-0.781485
-0.831887
-0.878957
-0.92187
-0.9604
-0.993183
-1.01756
-1.03307
-1.04995
-1.05386
-1.07229
-1.04567
-1.09577
-0.97391
-1.18453
-0.725279
-1.59339
0.0979875
-3.2698
0.98232
0.987811
0.993551
0.999528
1.00576
1.01228
1.01907
1.02618
1.03358
1.04133
1.0494
1.05786
1.06668
1.07591
1.08556
1.09566
1.10621
1.11727
1.12883
1.14096
1.15362
1.16692
1.18084
1.19542
1.21068
1.22668
1.24341
1.26094
1.27926
1.29844
1.31847
1.33942
1.36128
1.3841
1.40786
1.43264
1.45841
1.4852
1.51299
1.54183
1.57164
1.60245
1.6342
1.66687
1.70041
1.73476
1.76984
1.80557
1.8418
1.87842
1.91527
1.95217
1.98895
2.02535
2.06119
2.09617
2.13005
2.16249
2.19322
2.22189
2.24819
2.27172
2.29228
2.30953
2.32331
2.33358
2.34059
2.34329
2.34386
2.34305
2.34081
2.33772
2.33435
2.33316
2.34028
2.34093
2.3853
2.63458
1.71739
5.52763
0.760116
0.757105
0.753369
0.749016
0.744495
0.74008
0.735622
0.730809
0.72538
0.719405
0.713074
0.70651
0.699595
0.692243
0.684358
0.675988
0.667153
0.657901
0.648125
0.63778
0.626782
0.615147
0.602815
0.589829
0.576187
0.562016
0.547383
0.532136
0.515533
0.497001
0.476645
0.4553
0.433596
0.411828
0.389917
0.36772
0.344845
0.32083
0.295255
0.268177
0.239919
0.210443
0.179191
0.146471
0.113179
0.0797445
0.0459356
0.0114937
-0.0237442
-0.0598181
-0.0967628
-0.134539
-0.173045
-0.212195
-0.251847
-0.291925
-0.332194
-0.372489
-0.412486
-0.451958
-0.490489
-0.527767
-0.563332
-0.596854
-0.627714
-0.655809
-0.680067
-0.6987
-0.710526
-0.724208
-0.727379
-0.74467
-0.722276
-0.772071
-0.66353
-0.867697
-0.443029
-1.26575
0.305039
-2.7954
0.762622
0.765019
0.767617
0.77038
0.773327
0.776474
0.779816
0.783386
0.787176
0.791196
0.795428
0.79991
0.804638
0.80964
0.814895
0.820434
0.826255
0.832409
0.838861
0.845656
0.852781
0.860294
0.86819
0.876492
0.885198
0.894367
0.903992
0.914119
0.924748
0.935941
0.947677
0.960029
0.972992
0.98661
1.00089
1.01589
1.03163
1.04812
1.06534
1.08338
1.10217
1.12175
1.14209
1.16321
1.18506
1.20762
1.23083
1.25466
1.27902
1.3038
1.32892
1.35424
1.37963
1.40491
1.42999
1.45459
1.4786
1.50175
1.52391
1.54479
1.56423
1.58189
1.59772
1.61139
1.62285
1.63206
1.63921
1.6434
1.64564
1.64705
1.64765
1.64816
1.64888
1.65296
1.66533
1.66668
1.72611
1.94425
1.11515
4.59369
0.164534
0.163203
0.161239
0.158428
0.155045
0.151548
0.148069
0.144404
0.140219
0.135461
0.130258
0.124774
0.11895
0.112698
0.105927
0.0986497
0.0908726
0.0826334
0.073839
0.0644176
0.0542529
0.0433348
0.0315842
0.0189931
0.00547077
-0.00903063
-0.0246507
-0.0413965
-0.0594174
-0.0789886
-0.100561
-0.123568
-0.145434
-0.161678
-0.167835
-0.160737
-0.139344
-0.104617
-0.0597178
-0.00982286
0.0382818
0.0779546
0.104455
0.115953
0.113652
0.102271
0.0871474
0.0707311
0.0527949
0.0326614
0.0104449
-0.0133576
-0.0381632
-0.0637515
-0.0897479
-0.116012
-0.142136
-0.16801
-0.193307
-0.217972
-0.241694
-0.264393
-0.285784
-0.305809
-0.324065
-0.340712
-0.354905
-0.366039
-0.372658
-0.381787
-0.382243
-0.396644
-0.376458
-0.422512
-0.328098
-0.511868
-0.146119
-0.84372
0.453319
-1.95628
0.165802
0.167265
0.169047
0.17114
0.173547
0.176295
0.179366
0.182812
0.186613
0.190789
0.195315
0.200234
0.205535
0.211244
0.217333
0.223845
0.230767
0.238144
0.245927
0.254162
0.262838
0.271987
0.281567
0.29161
0.302084
0.313018
0.324378
0.336184
0.348392
0.361037
0.374059
0.38749
0.401269
0.415409
0.429867
0.44466
0.459736
0.475078
0.490655
0.506454
0.522408
0.538512
0.554739
0.571059
0.58743
0.603843
0.620261
0.636647
0.652993
0.669219
0.68535
0.701264
0.717004
0.732414
0.747565
0.762258
0.776568
0.790318
0.803536
0.815996
0.827712
0.838449
0.848247
0.856824
0.864229
0.87038
0.875495
0.878617
0.881051
0.883427
0.885967
0.888746
0.891139
0.894843
0.902454
0.889414
0.929449
1.10824
0.366842
3.14719
0.39188
0.395096
0.398299
0.40132
0.404143
0.406902
0.40983
0.412975
0.41621
0.419381
0.422521
0.425731
0.429112
0.432638
0.436286
0.440022
0.443899
0.447952
0.452224
0.456711
0.461449
0.466468
0.471858
0.477649
0.483918
0.49076
0.49851
0.507909
0.520267
0.537353
0.560807
0.590572
0.623469
0.652953
0.670643
0.668374
0.639788
0.581331
0.493496
0.381904
0.257973
0.137353
0.0363593
-0.0341392
-0.0731892
-0.0897621
-0.0958409
-0.0995439
-0.102722
-0.104443
-0.103888
-0.101762
-0.0989127
-0.0961201
-0.0934586
-0.0912623
-0.0895523
-0.0886756
-0.0885133
-0.0892035
-0.0904986
-0.0924231
-0.0947282
-0.0974111
-0.100185
-0.103231
-0.106067
-0.109379
-0.110044
-0.112911
-0.110011
-0.118229
-0.102177
-0.134282
-0.0700813
-0.189987
0.0366571
-0.36288
0.369134
-0.846661
0.388545
0.385131
0.381641
0.378068
0.37444
0.370757
0.367026
0.363242
0.359431
0.35558
0.351701
0.347777
0.343829
0.339841
0.335824
0.331764
0.327678
0.323566
0.319433
0.315275
0.311123
0.306969
0.302827
0.298699
0.294606
0.290543
0.286537
0.282585
0.278707
0.274914
0.27123
0.267664
0.264242
0.260976
0.25791
0.255044
0.252429
0.250051
0.24798
0.246174
0.244693
0.24348
0.242618
0.242009
0.241748
0.241722
0.242031
0.242535
0.243354
0.244331
0.245592
0.246935
0.2485
0.250051
0.251732
0.253283
0.254869
0.256272
0.257641
0.258774
0.259829
0.260653
0.261383
0.261905
0.262393
0.262753
0.263169
0.264681
0.264099
0.262301
0.259493
0.256485
0.254145
0.256217
0.266959
0.270173
0.303911
0.398572
0.00804961
1.31522
)
;

boundaryField
{
    inlet
    {
        type            freestreamPressure;
        freestreamValue uniform 0;
        value           nonuniform List<scalar> 
134
(
0.813939
0.129036
-0.586597
-1.20852
-1.65875
-1.93555
-1.9866
-1.80767
-1.40362
-0.658116
-0.120964
-0.194545
-0.325431
-0.44958
-0.575639
-0.707902
-0.847481
-0.995055
-1.15261
-1.32384
1.4819
-1.51379
-1.72512
-1.94806
-2.15769
-2.30934
-2.38307
-2.51302
-2.51604
-2.5653
-3.06335
-2.81653
-2.82678
-2.88111
-2.9216
-2.94156
-2.96049
-3.00981
-3.13462
-3.28558
2.11012
2.75594
3.30092
3.59718
3.53548
2.92753
1.57824
-3.62464
-3.54834
-3.42659
-3.34716
-3.28853
-3.22304
-3.14885
-3.07259
-2.99625
-2.91893
-2.83955
-2.75814
-2.67469
-2.58885
-2.49969
-2.40582
-2.30465
-2.19363
-2.06927
-1.9893
-1.91399
-1.82362
-1.71847
-1.59693
-1.4416
-1.23207
-0.861915
-0.372815
0.547364
1.20956
1.94114
2.66197
3.36128
4.02329
4.58433
5.01268
5.31878
5.51291
5.62157
5.67434
5.69693
5.71014
5.74429
5.84802
6.04006
6.2493
6.42059
6.56073
6.68185
6.78624
6.87011
6.93156
6.97177
6.9945
7.00852
7.03173
7.10943
7.31028
7.74776
7.93296
7.74682
7.53211
7.39413
7.28106
7.15263
7.01201
6.86958
6.72651
6.58
6.42834
6.27088
6.10667
5.93397
5.74997
5.55114
5.33074
5.08388
4.78157
4.58648
4.39527
4.15385
3.86708
3.53424
3.12264
2.59617
1.77948
0.744213
)
;
    }
    outlet
    {
        type            freestreamPressure;
        freestreamValue uniform 0;
        value           nonuniform List<scalar> 
160
(
0.00117261
0.00116348
0.0011815
0.00115409
0.00119024
0.0011444
0.00119845
0.0011344
0.00120607
0.00112418
0.00121352
0.00111375
0.00122144
0.00110312
0.00122994
0.0010923
0.00123865
0.00108135
0.00124714
0.00107026
0.00125554
0.00105905
0.00126413
0.00104769
0.00127318
0.00103624
0.00128263
0.00102466
0.00129239
0.00101298
0.00130239
0.00100117
0.00131277
0.00098928
0.00132363
0.000977308
0.00133508
0.000965277
0.00134712
0.000953174
0.00135985
0.000941092
0.00137337
0.00092901
0.00138795
0.000916973
0.00140371
0.000904987
0.00142083
0.000893115
0.0014395
0.000881348
0.00146051
0.000869762
0.00148567
0.000858354
0.00151844
0.000847184
0.0015638
0.000836287
0.00162672
0.000825734
0.00170786
0.000815559
0.00179949
0.000805842
0.00188437
0.000796618
0.00193941
0.000788029
0.00194076
0.000780074
0.00186805
0.000772916
0.00170792
0.000766513
0.00145857
0.000761087
0.00113429
0.000756516
0.000768598
0.000752991
0.000409621
0.000750342
0.000108334
0.000748839
-0.000101382
0.000748187
-0.000216713
0.000748688
-0.000265121
0.000750007
-0.000282715
0.000752463
-0.000293624
0.000755643
-0.000303207
0.000759928
-0.000308572
0.000764849
-0.000307225
0.000770817
-0.000301239
0.00077722
-0.000293131
0.000784514
-0.000285216
0.000791977
-0.000277706
0.000800086
-0.000271591
0.000808037
-0.000266939
0.000816373
-0.000264795
0.000824422
-0.000264821
0.000832678
-0.000267449
0.000840512
-0.000271957
0.00084846
-0.00027844
0.000856033
-0.000286172
0.00086371
-0.000295165
0.000871134
-0.000304578
0.000878899
-0.000314967
0.000886735
-0.000324916
0.000895283
-0.00033627
0.000907001
-0.000339563
0.000911008
-0.000349594
0.000911516
-0.000342463
0.000909188
-0.000369076
0.000906873
-0.00032204
0.000907741
-0.000422375
0.000925361
-0.000225373
0.000976097
-0.00059787
0.00100281
0.000122657
0.00114458
-0.00111024
0.00152823
0.00135873
3.24541e-05
-0.00228102
0.00491549
)
;
    }
    walls
    {
        type            zeroGradient;
    }
    frontAndBack
    {
        type            empty;
    }
}


// ************************************************************************* //
