/*--------------------------------*- C++ -*----------------------------------*\
| =========                 |                                                 |
| \\      /  F ield         | OpenFOAM: The Open Source CFD Toolbox           |
|  \\    /   O peration     | Version:  2312                                  |
|   \\  /    A nd           | Website:  www.openfoam.com                      |
|    \\/     M anipulation  |                                                 |
\*---------------------------------------------------------------------------*/
FoamFile
{
    version     2.0;
    format      ascii;
    arch        "LSB;label=32;scalar=64";
    class       volScalarField;
    location    "100";
    object      p;
}
// * * * * * * * * * * * * * * * * * * * * * * * * * * * * * * * * * * * * * //

dimensions      [0 2 -2 0 0 0 0];

internalField   nonuniform List<scalar> 
1000
(
2.03179
2.07036
2.09759
2.11812
2.13396
2.14617
2.15538
2.16199
2.16627
2.16837
2.07036
2.1724
2.24945
2.30905
2.35552
2.39151
2.41873
2.43831
2.45099
2.45723
2.09759
2.24945
2.36878
2.4631
2.53755
2.59562
2.63973
2.67153
2.69216
2.70231
2.11812
2.30905
2.4631
2.58703
2.68596
2.7637
2.82302
2.86593
2.89381
2.90755
2.13396
2.35552
2.53755
2.68596
2.80558
2.90019
2.97272
3.02535
3.05962
3.07651
2.14617
2.39151
2.59562
2.7637
2.90019
3.00876
3.09232
3.15313
3.1928
3.21237
2.15538
2.41873
2.63973
2.82302
2.97272
3.09232
3.18469
3.25206
3.29607
3.31781
2.16199
2.43831
2.67153
2.86593
3.02535
3.15313
3.25206
3.32434
3.37161
3.39498
2.16627
2.45099
2.69216
2.89381
3.05962
3.1928
3.29607
3.37161
3.42107
3.44553
2.16837
2.45723
2.70231
2.90755
3.07651
3.21237
3.31781
3.39498
3.44553
3.47053
2.03179
2.07036
2.09759
2.11812
2.13396
2.14617
2.15538
2.16199
2.16627
2.16837
2.07036
2.1724
2.24945
2.30905
2.35552
2.39151
2.41873
2.43831
2.45099
2.45723
2.09759
2.24945
2.36878
2.4631
2.53755
2.59562
2.63973
2.67153
2.69216
2.70231
2.11812
2.30905
2.4631
2.58703
2.68596
2.7637
2.82302
2.86593
2.89381
2.90755
2.13396
2.35552
2.53755
2.68596
2.80558
2.90019
2.97272
3.02535
3.05962
3.07651
2.14617
2.39151
2.59562
2.7637
2.90019
3.00876
3.09232
3.15313
3.1928
3.21237
2.15538
2.41873
2.63973
2.82302
2.97272
3.09232
3.18469
3.25206
3.29607
3.31781
2.16199
2.43831
2.67153
2.86593
3.02535
3.15313
3.25206
3.32434
3.37162
3.39498
2.16627
2.45099
2.69216
2.89381
3.05962
3.1928
3.29607
3.37162
3.42107
3.44553
2.16837
2.45723
2.70231
2.90755
3.07651
3.21237
3.31781
3.39498
3.44553
3.47053
2.03179
2.07036
2.09759
2.11812
2.13396
2.14617
2.15538
2.16199
2.16627
2.16837
2.07036
2.1724
2.24945
2.30905
2.35552
2.39151
2.41873
2.43831
2.45099
2.45723
2.09759
2.24945
2.36878
2.4631
2.53755
2.59562
2.63973
2.67153
2.69216
2.70231
2.11812
2.30905
2.4631
2.58703
2.68597
2.7637
2.82302
2.86593
2.89381
2.90755
2.13396
2.35552
2.53755
2.68597
2.80558
2.90019
2.97272
3.02535
3.05962
3.07651
2.14617
2.39151
2.59562
2.7637
2.90019
3.00876
3.09233
3.15313
3.1928
3.21237
2.15538
2.41873
2.63973
2.82302
2.97272
3.09233
3.18469
3.25206
3.29607
3.31781
2.16199
2.43831
2.67153
2.86593
3.02535
3.15313
3.25206
3.32434
3.37162
3.39498
2.16627
2.45099
2.69216
2.89381
3.05962
3.1928
3.29607
3.37162
3.42107
3.44553
2.16837
2.45723
2.70231
2.90755
3.07651
3.21237
3.31781
3.39498
3.44553
3.47053
2.03179
2.07036
2.09759
2.11812
2.13396
2.14617
2.15538
2.16199
2.16627
2.16837
2.07036
2.1724
2.24945
2.30905
2.35552
2.39151
2.41873
2.43831
2.45099
2.45723
2.09759
2.24945
2.36878
2.4631
2.53755
2.59562
2.63973
2.67153
2.69216
2.70231
2.11812
2.30905
2.4631
2.58703
2.68597
2.7637
2.82302
2.86593
2.89382
2.90755
2.13396
2.35552
2.53755
2.68597
2.80558
2.90019
2.97272
3.02535
3.05962
3.07651
2.14617
2.39151
2.59562
2.7637
2.90019
3.00876
3.09233
3.15313
3.1928
3.21238
2.15538
2.41873
2.63973
2.82302
2.97272
3.09233
3.18469
3.25206
3.29607
3.31781
2.16199
2.43831
2.67153
2.86593
3.02535
3.15313
3.25206
3.32434
3.37162
3.39499
2.16627
2.45099
2.69216
2.89382
3.05962
3.1928
3.29607
3.37162
3.42107
3.44553
2.16837
2.45723
2.70231
2.90755
3.07651
3.21238
3.31781
3.39499
3.44553
3.47053
2.03179
2.07036
2.09759
2.11812
2.13396
2.14617
2.15538
2.16199
2.16627
2.16838
2.07036
2.17241
2.24946
2.30905
2.35552
2.39151
2.41873
2.43831
2.45099
2.45723
2.09759
2.24946
2.36878
2.4631
2.53755
2.59562
2.63973
2.67153
2.69216
2.70231
2.11812
2.30905
2.4631
2.58704
2.68597
2.7637
2.82302
2.86593
2.89382
2.90755
2.13396
2.35552
2.53755
2.68597
2.80558
2.90019
2.97272
3.02535
3.05962
3.07652
2.14617
2.39151
2.59562
2.7637
2.90019
3.00876
3.09233
3.15314
3.1928
3.21238
2.15538
2.41873
2.63973
2.82302
2.97272
3.09233
3.18469
3.25206
3.29607
3.31781
2.16199
2.43831
2.67153
2.86593
3.02535
3.15314
3.25206
3.32434
3.37162
3.39499
2.16627
2.45099
2.69217
2.89382
3.05962
3.1928
3.29607
3.37162
3.42108
3.44553
2.16838
2.45723
2.70231
2.90755
3.07652
3.21238
3.31781
3.39499
3.44553
3.47053
2.03179
2.07036
2.09759
2.11812
2.13396
2.14617
2.15538
2.16199
2.16627
2.16838
2.07036
2.17241
2.24946
2.30905
2.35552
2.39151
2.41873
2.43831
2.451
2.45723
2.09759
2.24946
2.36878
2.46311
2.53755
2.59562
2.63973
2.67154
2.69217
2.70231
2.11812
2.30905
2.46311
2.58704
2.68597
2.7637
2.82302
2.86593
2.89382
2.90755
2.13396
2.35552
2.53755
2.68597
2.80558
2.90019
2.97272
3.02535
3.05962
3.07652
2.14617
2.39151
2.59562
2.7637
2.90019
3.00876
3.09233
3.15314
3.1928
3.21238
2.15538
2.41873
2.63973
2.82302
2.97272
3.09233
3.1847
3.25206
3.29608
3.31782
2.16199
2.43831
2.67154
2.86593
3.02535
3.15314
3.25206
3.32434
3.37162
3.39499
2.16627
2.451
2.69217
2.89382
3.05962
3.1928
3.29608
3.37162
3.42108
3.44553
2.16838
2.45723
2.70232
2.90755
3.07652
3.21238
3.31782
3.39499
3.44553
3.47053
2.03179
2.07036
2.09759
2.11812
2.13396
2.14617
2.15538
2.16199
2.16627
2.16838
2.07036
2.17241
2.24946
2.30905
2.35552
2.39151
2.41873
2.43832
2.451
2.45723
2.09759
2.24946
2.36878
2.46311
2.53755
2.59562
2.63973
2.67154
2.69217
2.70232
2.11812
2.30905
2.46311
2.58704
2.68597
2.7637
2.82302
2.86593
2.89382
2.90755
2.13396
2.35552
2.53756
2.68597
2.80558
2.90019
2.97273
3.02536
3.05963
3.07652
2.14617
2.39151
2.59563
2.7637
2.90019
3.00876
3.09233
3.15314
3.19281
3.21238
2.15538
2.41873
2.63973
2.82302
2.97273
3.09233
3.1847
3.25207
3.29608
3.31782
2.16199
2.43832
2.67154
2.86593
3.02536
3.15314
3.25207
3.32434
3.37162
3.39499
2.16627
2.451
2.69217
2.89382
3.05963
3.19281
3.29608
3.37162
3.42108
3.44554
2.16838
2.45723
2.70232
2.90755
3.07652
3.21238
3.31782
3.39499
3.44554
3.47054
2.03179
2.07036
2.09759
2.11812
2.13396
2.14617
2.15538
2.16199
2.16627
2.16838
2.07036
2.17241
2.24946
2.30905
2.35552
2.39151
2.41873
2.43832
2.451
2.45723
2.09759
2.24946
2.36878
2.46311
2.53756
2.59563
2.63973
2.67154
2.69217
2.70232
2.11812
2.30905
2.46311
2.58704
2.68597
2.7637
2.82302
2.86594
2.89382
2.90755
2.13396
2.35552
2.53756
2.68597
2.80558
2.90019
2.97273
3.02536
3.05963
3.07652
2.14617
2.39151
2.59563
2.7637
2.90019
3.00876
3.09233
3.15314
3.19281
3.21238
2.15538
2.41873
2.63973
2.82302
2.97273
3.09233
3.1847
3.25207
3.29608
3.31782
2.16199
2.43832
2.67154
2.86594
3.02536
3.15314
3.25207
3.32435
3.37163
3.39499
2.16627
2.451
2.69217
2.89382
3.05963
3.19281
3.29608
3.37163
3.42108
3.44554
2.16838
2.45723
2.70232
2.90755
3.07652
3.21238
3.31782
3.39499
3.44554
3.47054
2.03179
2.07036
2.09759
2.11812
2.13396
2.14617
2.15538
2.16199
2.16627
2.16838
2.07036
2.17241
2.24946
2.30905
2.35552
2.39151
2.41874
2.43832
2.451
2.45723
2.09759
2.24946
2.36878
2.46311
2.53756
2.59563
2.63973
2.67154
2.69217
2.70232
2.11812
2.30905
2.46311
2.58704
2.68597
2.7637
2.82303
2.86594
2.89382
2.90755
2.13396
2.35552
2.53756
2.68597
2.80558
2.9002
2.97273
3.02536
3.05963
3.07652
2.14617
2.39151
2.59563
2.7637
2.9002
3.00876
3.09233
3.15314
3.19281
3.21238
2.15538
2.41874
2.63973
2.82302
2.97273
3.09233
3.1847
3.25207
3.29608
3.31782
2.16199
2.43832
2.67154
2.86594
3.02536
3.15314
3.25207
3.32435
3.37163
3.395
2.16627
2.451
2.69217
2.89382
3.05963
3.19281
3.29608
3.37163
3.42108
3.44554
2.16838
2.45723
2.70232
2.90755
3.07652
3.21238
3.31782
3.395
3.44554
3.47054
2.03179
2.07036
2.09759
2.11812
2.13396
2.14617
2.15538
2.16199
2.16627
2.16838
2.07036
2.17241
2.24946
2.30905
2.35552
2.39151
2.41874
2.43832
2.451
2.45723
2.09759
2.24946
2.36878
2.46311
2.53756
2.59563
2.63973
2.67154
2.69217
2.70232
2.11812
2.30905
2.46311
2.58704
2.68597
2.7637
2.82303
2.86594
2.89382
2.90755
2.13396
2.35552
2.53756
2.68597
2.80558
2.9002
2.97273
3.02536
3.05963
3.07652
2.14617
2.39151
2.59563
2.7637
2.9002
3.00877
3.09233
3.15314
3.19281
3.21238
2.15538
2.41874
2.63973
2.82303
2.97273
3.09233
3.1847
3.25207
3.29608
3.31782
2.16199
2.43832
2.67154
2.86594
3.02536
3.15314
3.25207
3.32435
3.37163
3.395
2.16627
2.451
2.69217
2.89382
3.05963
3.19281
3.29608
3.37163
3.42108
3.44554
2.16838
2.45723
2.70232
2.90755
3.07652
3.21238
3.31782
3.395
3.44554
3.47054
)
;

boundaryField
{
    YZ-Xmin
    {
        type            fixedValue;
        value           uniform 2;
    }
    YZ-Xmax
    {
        type            zeroGradient;
    }
    XZ-Ymin
    {
        type            fixedValue;
        value           uniform 2;
    }
    XZ-Ymax
    {
        type            zeroGradient;
    }
    XY-Zmin
    {
        type            zeroGradient;
    }
    XY-Zmax
    {
        type            zeroGradient;
    }
}


// ************************************************************************* //
