Number of Polyhedrons: 8
Polyhedron 0
Vertices: 13
0 0.0626795 0.095359
0 0.0873205 0.066906
0.0573205 0.0626795 0.095359
0.1 0.0873205 0.066906
0 0.1 0.052265
0 0.1 0.1
0 0.0720577 0.1
0.055 0.0720577 0.1
0.1 0.1 0.052265
0.0338047 0.1 0.052265
0.0646795 0.1 0.1
0.1 0.1 0.0705662
0.1 0.1 0.0705662
Faces: 11
1 3 2 0  4
1 0 6 5 4  5
2 7 6 0  4
3 1 4 9 8  5
10 7 2  3
10 2 11  3
11 2 3 12  4
12 3 8  3
10 9 4 5  4
5 6 7 10  4
8 9 10 11 12  5
Polyhedron 1
Vertices: 4
0.0573205 0.0626795 0.095359
0.1 0.0626795 0.095359
0.1 0.0709432 0.1
0.1 0.0873205 0.066906
Faces: 4
1 2 0  3
1 0 3  3
3 0 2  3
2 1 3  3
Polyhedron 2
Vertices: 6
0 0.0613397 0.1
0.061188 0.0613397 0.1
0.0573205 0.0626795 0.095359
0 0.0626795 0.095359
0 0.0720577 0.1
0.055 0.0720577 0.1
Faces: 5
1 0 3 2  4
3 0 4  3
4 0 1 5  4
2 5 1  3
2 3 4 5  4
Polyhedron 3
Vertices: 5
0.0573205 0.0626795 0.095359
0.1 0.0626795 0.095359
0.061188 0.0613397 0.1
0.1 0.0613397 0.1
0.1 0.0709432 0.1
Faces: 5
1 3 2 0  4
1 0 4  3
4 0 2  3
4 3 1  3
4 2 3  3
Polyhedron 4
Vertices: 12
0 0 0
0 0 0.1
0.1 0 0.1
0.1 0 0
0.1 0.0902073 0
0 0.0902073 0
0 0.0626795 0.095359
0 0.0613397 0.1
0.061188 0.0613397 0.1
0.1 0.0613397 0.1
0.1 0.0626795 0.095359
0.0573205 0.0626795 0.095359
Faces: 8
1 0 3 2  4
3 0 5 4  4
5 0 1 7 6  5
7 1 2 9 8  5
2 3 4 10 9  5
11 10 4 5 6  5
8 11 6 7  4
10 11 8 9  4
Polyhedron 5
Vertices: 12
0 0.0626795 0.095359
0.0573205 0.0626795 0.095359
0.1 0.0626795 0.095359
0.1 0.0902073 0
0 0.0902073 0
0 0.1 0
0 0.1 0.052265
0 0.0873205 0.066906
0.1 0.0873205 0.066906
0.1 0.1 0.052265
0.1 0.1 0
0.0338047 0.1 0.052265
Faces: 9
1 0 4 3 2  5
4 0 7 6 5  5
7 0 1 8  4
2 8 1  3
8 2 3 10 9  5
3 4 5 10  4
10 5 11 9  4
11 5 6  3
8 9 11 6 7  5
Polyhedron 6
Vertices: 8
0 0.1 0
0.1 0.1 0
0.0338047 0.1 0.052265
0.1 0.1 0.052265
0.1 0.1 0.0705662
0.0646795 0.1 0.1
0.1 0.1 0.0705662
0.1 0.1 0.0705662
Faces: 7
1 3 2 0  4
1 0 4  3
4 0 2 5  4
4 6 3 1  4
3 6 7 5 2  5
4 7 6  3
4 5 7  3
Polyhedron 7
Vertices: 6
0 0.1 0.1
0.0646795 0.1 0.1
0.0338047 0.1 0.052265
0 0.1 0.052265
0 0.1 0
0 0.1 0.1
Faces: 5
1 0 3 2  4
3 0 5 4  4
5 0 1  3
2 4 5 1  4
2 3 4  3
