/*--------------------------------*- C++ -*----------------------------------*\
| =========                 |                                                 |
| \\      /  F ield         | OpenFOAM: The Open Source CFD Toolbox           |
|  \\    /   O peration     | Version:  2312                                  |
|   \\  /    A nd           | Website:  www.openfoam.com                      |
|    \\/     M anipulation  |                                                 |
\*---------------------------------------------------------------------------*/
FoamFile
{
    version     2.0;
    format      ascii;
    arch        "LSB;label=32;scalar=64";
    class       volScalarField;
    location    "500";
    object      p;
}
// * * * * * * * * * * * * * * * * * * * * * * * * * * * * * * * * * * * * * //

dimensions      [0 2 -2 0 0 0 0];

internalField   nonuniform List<scalar> 
10720
(
-62.2774
-133.564
-217.413
-300.05
-376.411
-454.199
-523.214
-581.158
-631.495
-670.881
-700.87
-722.955
-738.265
-747.525
-750.913
-747.779
-739.031
-723.619
-702.968
-677.139
-649.494
-623.086
-600.482
-573.519
-533.276
-482.196
-429.824
-384.229
-344.986
-308.07
-271.578
-235.417
-199.63
-163.848
-127.668
-90.057
-51.5567
-6.92146
26.0023
9.09011
74.1316
143.469
208.204
263.523
305.438
330.179
338.464
336.064
323.159
302.13
278.586
255.041
232.257
210.876
190.764
171.975
154.078
136.804
119.66
102.596
85.3011
67.8678
50.7082
35.6901
23.8542
14.1397
6.25849
0.395389
-3.48423
-5.62865
-6.1861
-5.23926
-2.79438
1.15715
6.969
15.2152
29.1388
52.8286
43.2076
-10.947
-71.6194
-136.059
-202.278
-270.053
-335.832
-397.536
-454.483
-504.915
-548.622
-585.611
-615.787
-639.149
-655.515
-664.58
-667.099
-662.954
-653.197
-638.375
-621.137
-603.842
-587.571
-565.16
-528.404
-479.355
-428.215
-383.16
-344.104
-307.266
-270.802
-234.678
-198.964
-163.277
-127.203
-89.6892
-51.2678
-6.61708
25.6928
91.938
138.389
184.723
229.415
268.801
300.267
320.675
329.369
327.941
317.251
300.068
279.871
258.609
237.222
216.418
196.444
177.43
159.196
141.542
124.14
106.891
89.5896
72.3167
55.4979
40.6058
28.5675
18.7001
10.5894
4.19932
-0.36997
-3.13133
-4.1793
-3.6174
-1.47842
2.23631
7.87125
15.9847
29.8297
52.5886
56.9863
8.32958
-46.4568
-106.947
-169.664
-233.946
-298.228
-359.851
-417.231
-469.369
-515.015
-553.613
-584.858
-608.941
-626.095
-636.739
-640.901
-638.643
-630.612
-617.533
-601.266
-583.842
-566.42
-544.536
-511.356
-467.255
-420.361
-377.832
-340.186
-304.373
-268.757
-233.279
-197.985
-162.55
-126.645
-89.2637
-50.9476
-6.3675
25.815
100.893
143.55
185.977
226.146
260.846
288.457
306.875
315.792
315.951
308.013
294.06
276.444
256.946
236.734
216.619
197.036
178.184
160.03
142.429
125.14
108.028
90.9527
73.9778
57.4855
42.6382
30.3397
20.2187
11.9202
5.43037
0.836547
-1.92468
-3.01119
-2.54092
-0.528115
3.05787
8.57931
16.6045
30.3151
52.1924
79.594
38.8055
-7.7907
-59.0333
-112.832
-169.118
-226.226
-282.398
-336.307
-386.798
-432.75
-473.434
-508.384
-537.45
-560.509
-577.683
-588.522
-592.982
-591.376
-584.32
-573.1
-559.263
-543.645
-523.379
-493.539
-454.075
-411.203
-371.127
-334.897
-300.2
-265.574
-230.922
-196.303
-161.407
-125.893
-88.7834
-50.6485
-6.26817
26.0208
116.128
151.215
186.409
220.361
250.079
274.299
291.207
300.32
301.883
296.36
285.347
270.587
253.541
235.309
216.68
198.137
179.955
162.218
144.872
127.769
110.811
93.9228
77.1753
60.9277
46.1394
33.6603
23.3229
14.8041
8.05989
3.15223
0.0249145
-1.42648
-1.27784
0.476059
3.87002
9.25563
17.1821
30.7195
51.7479
85.7195
49.4035
7.72136
-38.451
-87.06
-138.517
-191.448
-244.241
-295.888
-345.229
-391.119
-432.748
-469.437
-500.687
-526.199
-545.661
-558.825
-565.694
-566.507
-561.886
-552.848
-540.681
-526.029
-506.852
-479.34
-443.143
-403.151
-364.861
-329.683
-295.864
-262.078
-228.184
-194.222
-159.895
-124.871
-88.1841
-50.3573
-6.31016
26.0846
118.33
149.48
180.809
211.03
237.501
259.35
275.182
284.416
287.082
283.599
275.12
262.958
248.257
231.977
214.87
197.442
180.031
162.814
145.826
129.008
112.304
95.6857
79.2364
63.2881
48.6327
36.0437
25.5127
16.7827
9.81511
4.67768
1.34382
-0.272077
-0.251952
1.39388
4.69343
9.99217
17.8266
31.1547
51.2948
89.5113
57.3591
20.2621
-20.799
-64.0395
-110.16
-157.878
-205.915
-253.531
-299.668
-343.358
-383.832
-420.354
-452.325
-479.319
-500.961
-517.129
-527.629
-532.467
-532.005
-526.919
-518.103
-505.96
-489.016
-464.365
-431.582
-394.624
-358.369
-324.447
-291.579
-258.611
-225.422
-192.08
-158.306
-123.77
-87.5319
-50.0955
-6.52347
25.9701
118.385
145.862
173.697
200.747
224.57
244.522
259.472
268.741
272.236
270.374
263.999
254.125
241.647
227.364
211.951
195.886
179.524
163.091
146.691
130.336
114.02
97.757
81.6483
66.0091
51.5146
38.8679
28.1812
19.2746
12.1146
6.76542
3.21293
1.37376
1.1709
2.60101
5.70604
10.8364
18.5157
31.5748
50.8021
89.4308
60.4131
26.8446
-10.345
-49.4311
-91.3475
-134.958
-179.141
-223.403
-266.805
-308.508
-347.826
-384.011
-416.414
-444.516
-467.868
-486.059
-498.825
-506.016
-507.912
-505.056
-498.152
-487.519
-472.15
-449.867
-420.169
-386.115
-351.902
-319.271
-287.374
-255.233
-222.734
-189.964
-156.698
-122.652
-86.902
-49.9262
-6.94547
25.6512
115.516
140.261
165.456
190.042
211.779
230.21
244.408
253.628
257.737
257.143
252.491
244.574
234.096
221.701
207.968
193.32
178.098
162.559
146.851
131.047
115.19
99.334
83.6017
68.2943
53.9977
41.3505
30.5493
21.4893
14.1479
8.5886
4.81189
2.75286
2.34638
3.59791
6.55395
11.5585
19.1122
31.8977
50.235
87.7508
61.4113
30.8774
-2.92
-38.3452
-76.4569
-116.208
-156.624
-197.38
-237.677
-276.791
-314.149
-349.061
-380.891
-409.08
-433.118
-452.541
-467.112
-476.628
-481.153
-480.987
-476.56
-468.032
-454.673
-434.886
-408.209
-377.017
-344.909
-313.678
-282.848
-251.627
-219.903
-187.775
-155.05
-121.495
-86.2547
-49.831
-7.56008
25.0761
111.464
133.91
156.893
179.43
199.432
216.602
230.124
239.226
243.784
244.17
240.906
234.633
225.911
215.255
203.144
189.936
175.942
161.417
146.533
131.404
116.113
100.75
85.4543
70.5176
56.4643
43.8773
33.0104
23.831
16.3346
10.587
6.60463
4.33847
3.73152
4.79307
7.57579
12.4189
19.8024
32.2467
49.6659
84.855
60.7367
32.745
1.78465
-30.5652
-65.4273
-101.856
-138.97
-176.589
-214.019
-250.652
-286.028
-319.524
-350.543
-378.537
-402.968
-423.343
-439.293
-450.533
-456.959
-458.735
-456.155
-449.311
-437.682
-420.103
-396.152
-367.642
-337.609
-307.817
-278.096
-247.827
-216.917
-185.47
-153.331
-120.295
-85.5729
-49.7476
-8.27259
24.2259
106.6
127.152
148.297
169.117
187.655
203.756
216.661
225.598
230.47
231.611
229.46
224.553
217.344
208.248
197.652
185.847
173.101
159.649
145.668
131.294
116.644
101.833
87.0186
72.4848
58.7111
46.2342
35.345
26.0757
18.4448
12.5229
8.34103
5.86747
5.05713
5.92717
8.5372
13.2195
20.4288
32.5138
49.0372
81.3072
59.0955
33.2983
4.80048
-24.8806
-56.8926
-90.3558
-124.476
-159.174
-193.839
-227.975
-261.214
-293.005
-322.826
-350.152
-374.442
-395.19
-411.987
-424.529
-432.604
-436.215
-435.491
-430.421
-420.607
-405.198
-383.84
-357.915
-329.961
-301.666
-273.105
-243.828
-213.767
-183.037
-151.517
-119.038
-84.8608
-49.6474
-9.0252
23.1501
101.368
120.304
139.88
159.228
176.509
191.676
204.014
212.753
217.831
219.549
218.287
214.505
208.587
200.865
191.655
181.184
169.672
157.322
144.303
130.758
116.821
102.628
88.3477
74.2592
60.8091
48.4975
37.6373
28.3162
20.5797
14.5058
10.1404
7.47035
6.46213
7.13934
9.56893
14.0744
21.0835
32.7618
48.3781
77.374
56.8082
32.9125
6.55017
-20.8107
-50.3309
-81.1838
-112.646
-144.699
-176.814
-208.586
-239.733
-269.772
-298.249
-324.689
-348.579
-369.411
-386.751
-400.239
-409.584
-414.648
-415.458
-411.945
-403.792
-390.381
-371.413
-347.928
-322.017
-295.249
-267.886
-239.636
-210.459
-180.479
-149.612
-117.723
-84.1268
-49.5261
-9.82714
21.9143
95.9806
113.528
131.747
149.817
166.003
180.341
192.148
200.671
205.871
208.026
207.471
204.614
199.785
193.261
185.297
176.067
165.743
154.492
142.463
129.794
116.625
103.103
89.4025
75.7963
62.7097
50.6122
39.8283
30.4917
22.6765
16.4709
11.9355
9.07556
7.87188
8.35539
10.6011
14.9219
21.7165
32.9616
47.6835
73.2591
54.136
31.9113
7.42733
-17.8967
-45.2152
-73.7456
-102.821
-132.473
-162.231
-191.767
-220.867
-249.119
-276.14
-301.501
-324.726
-345.332
-362.874
-376.96
-387.274
-393.554
-395.731
-393.678
-387.12
-375.597
-358.861
-337.686
-313.778
-288.564
-262.44
-235.252
-206.994
-177.801
-147.62
-116.356
-83.3795
-49.402
-10.6943
20.5451
90.5949
106.929
123.959
140.902
156.125
169.714
181.02
189.316
194.572
197.053
197.061
194.961
191.049
185.558
178.7
170.606
161.403
151.224
140.19
128.425
116.066
103.261
90.183
77.0988
64.4163
52.5815
41.923
32.6112
24.7487
18.4362
13.7489
10.711
9.31818
9.6084
11.665
15.7885
22.3474
33.1259
46.9584
69.0919
51.2417
30.4979
7.67767
-15.8448
-41.2081
-67.6689
-94.6027
-122.081
-149.687
-177.141
-204.295
-230.794
-256.32
-280.502
-302.906
-323.08
-340.584
-355.002
-366.008
-373.245
-376.563
-375.798
-370.702
-360.919
-346.242
-327.235
-305.273
-281.625
-256.77
-230.677
-203.372
-175
-145.541
-114.934
-82.6184
-49.2965
-11.6273
19.0481
85.3006
100.57
116.542
132.481
146.845
159.753
170.585
178.646
183.909
186.629
187.082
185.601
182.456
177.853
171.967
164.898
156.738
147.584
137.53
126.679
115.155
103.099
90.6794
78.1532
65.9132
54.3859
43.8999
34.6529
26.7748
20.3806
15.5601
12.3559
10.7802
10.8781
12.7418
16.6583
22.9644
33.2504
46.2052
64.9586
48.2425
28.8225
7.48883
-14.4269
-38.0428
-62.6499
-87.6563
-113.167
-138.804
-164.328
-189.643
-214.447
-238.477
-261.419
-282.888
-302.457
-319.714
-334.23
-345.677
-353.65
-357.923
-358.297
-354.539
-346.363
-333.586
-316.61
-296.527
-274.443
-250.881
-225.91
-199.59
-172.074
-143.371
-113.458
-81.8402
-49.2168
-12.6231
17.438
80.1609
94.4801
109.508
124.542
138.134
150.414
160.795
168.62
173.852
176.744
177.546
176.57
174.066
170.22
165.184
159.031
151.827
143.64
134.533
124.587
113.908
102.624
90.8922
78.9563
67.1944
56.0171
45.749
36.6078
28.748
22.2996
17.367
14.0111
12.2608
12.1687
13.836
17.5347
23.5695
33.3388
45.428
60.915
45.2191
26.9901
6.99428
-13.4806
-35.5271
-58.4632
-81.7325
-105.457
-129.29
-153.034
-176.627
-199.816
-222.386
-244.07
-264.53
-283.381
-300.232
-314.666
-326.346
-334.853
-339.894
-341.247
-338.687
-331.974
-320.937
-305.851
-287.569
-267.034
-244.781
-220.955
-195.648
-169.021
-141.111
-111.926
-81.0433
-49.1581
-13.6792
15.7274
75.2127
88.6772
102.852
117.067
129.954
141.654
151.61
159.193
164.368
167.375
168.452
167.886
165.918
162.718
158.419
153.08
146.743
139.454
131.25
122.186
112.349
101.848
90.8245
79.505
68.2526
57.4641
47.457
38.4622
30.655
24.181
19.1587
15.6668
13.7513
13.4728
14.9408
18.4122
24.1588
33.3914
44.6304
56.9981
42.2272
25.0768
6.29286
-12.8823
-33.5088
-54.9329
-76.6288
-98.7287
-120.913
-143.017
-165.007
-186.667
-207.826
-228.26
-247.674
-265.724
-282.049
-296.25
-307.983
-316.849
-322.491
-324.672
-323.173
-317.781
-308.332
-294.997
-278.429
-259.418
-238.481
-215.817
-191.549
-165.842
-138.758
-110.338
-80.2275
-49.1175
-14.7888
13.9225
70.4769
83.1679
96.5657
110.033
122.275
133.434
142.987
150.33
155.424
158.504
159.794
159.562
158.04
155.388
151.727
147.105
141.55
135.086
127.73
119.515
110.504
100.786
90.4823
79.7999
69.0854
58.7202
49.0139
40.2048
32.4851
26.0151
20.9274
17.317
15.2474
14.787
16.054
19.2888
24.7311
33.4109
43.8165
53.2329
39.3037
23.136
5.45695
-12.5394
-31.8749
-51.9266
-72.1908
-92.8093
-113.488
-134.082
-154.58
-174.803
-194.611
-213.823
-232.182
-249.382
-265.095
-278.946
-290.589
-299.654
-305.747
-308.611
-308.034
-303.822
-295.811
-284.089
-269.143
-251.617
-231.993
-210.505
-187.296
-162.538
-136.314
-108.693
-79.3923
-49.0925
-15.9441
12.0296
65.9641
77.9518
90.638
103.418
115.064
125.718
134.887
141.991
146.987
150.108
151.56
151.598
150.449
148.262
145.152
141.16
136.303
130.591
124.024
116.615
108.404
99.4584
89.8773
79.8456
69.6907
59.7793
50.4102
41.8244
34.2269
27.7913
22.6631
18.9532
16.7418
16.1058
17.1705
20.1608
25.2843
33.399
42.9903
49.6334
36.4744
21.2097
4.53941
-12.3787
-30.5385
-49.3363
-68.2953
-87.5595
-106.856
-126.06
-145.177
-164.054
-182.583
-200.613
-217.924
-234.249
-249.289
-262.698
-274.137
-283.265
-289.672
-293.086
-293.299
-290.128
-283.411
-273.167
-259.744
-243.656
-225.333
-205.026
-182.893
-159.11
-133.777
-106.992
-78.5363
-49.0823
-17.136
10.0599
61.6782
73.0211
85.052
97.1971
108.29
118.471
127.273
134.141
139.029
142.163
143.737
143.995
143.155
141.363
138.728
135.285
131.049
126.017
120.177
113.525
106.08
97.8877
89.024
79.6494
70.0705
60.6379
51.6383
43.3111
35.8698
29.4991
24.3564
20.5674
18.2279
17.4237
18.2862
21.025
25.8166
33.3586
42.1566
46.2065
33.7572
19.3228
3.58268
-12.3493
-29.4292
-47.0793
-64.8416
-82.8663
-100.894
-118.816
-136.654
-154.275
-171.595
-188.493
-204.778
-220.221
-234.551
-247.452
-258.599
-267.675
-274.278
-278.119
-278.992
-276.73
-271.168
-262.269
-250.269
-235.562
-218.52
-199.391
-178.347
-155.561
-131.15
-105.232
-77.6585
-49.0852
-18.3557
8.02527
57.6186
68.3672
79.7919
91.3486
101.925
111.659
120.113
126.749
131.52
134.644
136.309
136.744
136.162
134.705
132.478
129.516
125.829
121.408
116.233
110.284
103.564
96.0982
87.9384
79.221
70.2293
61.2955
52.6929
44.6564
37.4037
31.128
25.9975
22.1507
19.698
18.7345
19.3959
21.8776
26.3265
33.2919
41.32
42.9559
31.1631
17.4963
2.61468
-12.4081
-28.4955
-45.0888
-61.7535
-78.6384
-95.4993
-112.238
-128.891
-145.34
-161.522
-177.342
-192.636
-207.202
-220.805
-233.152
-243.94
-252.869
-259.564
-263.72
-265.136
-263.656
-259.116
-251.435
-240.754
-227.363
-211.572
-193.615
-173.666
-151.897
-128.433
-103.416
-76.7568
-49.0981
-19.5947
5.93877
53.7812
63.98
74.8417
85.8504
95.9417
105.254
113.376
119.783
124.431
127.531
129.261
129.837
129.47
128.298
126.423
123.879
120.676
116.802
112.229
106.93
100.89
94.1172
86.6414
78.5741
70.1736
61.7527
53.5701
45.8529
38.8192
32.6682
27.5765
23.6939
21.1441
20.0315
20.4944
22.7151
26.8126
33.2018
40.4847
39.8808
28.6977
15.7442
1.65874
-12.5244
-27.6944
-43.3136
-58.9664
-74.8009
-90.5855
-106.234
-121.787
-137.147
-152.263
-167.059
-181.401
-195.11
-207.978
-219.741
-230.12
-238.827
-245.525
-249.897
-251.747
-250.931
-247.287
-240.701
-231.235
-219.09
-204.512
-187.713
-168.861
-148.121
-125.629
-101.542
-75.829
-49.1168
-20.8434
3.81471
50.1613
59.8483
70.1847
80.6807
90.3167
99.2307
107.034
113.22
117.741
120.803
122.575
123.265
123.077
122.147
120.574
118.394
115.617
112.23
108.202
103.496
98.0893
91.972
85.1545
77.7235
69.9122
62.0129
54.2683
46.8951
40.1084
34.1102
29.0837
25.188
22.5582
21.3077
21.576
23.5336
27.2735
33.0911
39.6555
36.9792
26.3642
14.0747
0.730601
-12.6734
-26.9935
-41.7107
-56.4288
-71.2913
-86.0821
-100.722
-115.258
-129.603
-143.721
-157.554
-170.984
-183.861
-195.999
-207.163
-217.097
-225.525
-232.151
-236.652
-238.837
-238.577
-235.712
-230.102
-221.748
-210.774
-197.364
-181.702
-163.941
-144.242
-122.742
-99.6111
-74.8732
-49.1367
-22.0917
1.668
46.7511
55.9604
65.8048
75.8196
85.0266
93.5634
101.062
107.031
111.423
114.438
116.236
117.016
116.978
116.253
114.94
113.077
110.675
107.72
104.18
100.015
95.1925
89.6896
83.4995
76.6858
69.4566
62.0823
54.7882
47.7792
41.2642
35.4453
30.5097
26.6235
23.9317
22.5557
22.635
24.3292
27.7079
32.9623
38.8369
34.2472
24.1626
12.4943
-0.157588
-12.8383
-26.3669
-40.2473
-54.0986
-68.0623
-81.9317
-95.6374
-109.229
-122.63
-135.816
-148.742
-161.307
-173.382
-184.806
-195.365
-204.829
-212.936
-219.426
-223.982
-226.417
-226.612
-224.415
-219.669
-212.327
-202.446
-190.154
-175.6
-158.921
-140.266
-119.775
-97.6247
-73.8868
-49.1524
-23.3304
-0.487268
43.5421
52.3056
61.688
71.249
80.0514
88.23
95.4371
101.195
105.456
108.417
110.228
111.079
111.164
110.616
109.526
107.939
105.865
103.292
100.189
96.5142
92.2277
87.2967
81.6998
75.4799
68.82
61.9682
55.1323
48.5029
42.2811
36.6658
31.8454
27.9914
25.256
23.7679
23.6654
25.098
28.1148
32.818
38.033
31.6796
22.092
11.0059
-0.997918
-13.0032
-25.7947
-38.8959
-51.9422
-65.0708
-78.0872
-90.9263
-103.642
-116.164
-128.478
-140.551
-152.297
-163.606
-174.334
-184.293
-193.273
-201.03
-207.334
-211.88
-214.489
-215.048
-213.419
-209.433
-203.005
-194.138
-182.907
-169.428
-153.815
-136.205
-116.734
-95.5834
-72.8675
-49.1576
-24.5488
-2.63556
40.5266
48.871
57.819
66.9524
75.3718
83.2091
90.1363
95.6891
99.8214
102.721
104.534
105.44
105.629
105.23
104.334
102.987
101.2
98.9657
96.2528
93.0188
89.2209
84.8188
79.7787
74.1248
68.0169
61.6802
55.3046
49.0664
43.1553
37.7648
33.0827
29.2828
26.5224
24.9364
24.6608
25.8359
28.4931
32.6606
37.2477
29.2699
20.1501
9.61086
-1.78499
-13.1579
-25.2607
-37.6345
-49.9307
-62.2832
-74.5064
-86.5404
-98.4404
-110.145
-121.647
-132.92
-143.893
-154.472
-164.528
-173.897
-182.387
-189.776
-195.853
-200.337
-203.053
-203.898
-202.744
-199.422
-193.813
-185.88
-175.652
-163.206
-148.639
-132.067
-113.623
-93.4891
-71.8119
-49.1458
-25.7365
-4.76194
37.6958
45.6463
54.1841
62.9125
70.9687
78.4811
85.1403
90.495
94.499
97.3346
99.1403
100.089
100.364
100.092
99.3637
98.2248
96.6906
94.7544
92.3878
89.5499
86.1956
82.279
77.7577
72.64
67.0625
61.2294
55.3118
49.4708
43.8841
38.7372
34.2141
30.4891
27.7225
26.0536
25.6151
26.539
28.8419
32.4924
36.4844
27.0125
18.3333
8.30894
-2.51538
-13.2952
-24.753
-36.4466
-48.0426
-59.6716
-71.1559
-82.4416
-93.5827
-104.526
-115.269
-125.793
-136.038
-145.923
-155.336
-164.13
-172.133
-179.14
-184.962
-189.342
-192.108
-193.168
-192.408
-189.657
-184.78
-177.701
-168.414
-156.96
-143.41
-127.866
-110.45
-91.3424
-70.7186
-49.1093
-26.883
-6.85117
35.0413
42.62
50.7699
59.1141
66.8257
74.0286
80.4301
85.5935
89.471
92.2397
94.0315
95.0114
95.3588
95.1957
94.6121
93.6548
92.3416
90.6682
88.6094
86.1257
83.1722
79.6992
75.6581
71.044
65.9731
60.6276
55.1614
49.7195
44.4667
39.5785
35.233
31.6026
28.8483
27.1118
26.5221
27.2033
29.16
32.315
35.7463
24.9009
16.637
7.09916
-3.18689
-13.4092
-24.2613
-35.3177
-46.2591
-57.2122
-68.0072
-78.5956
-89.0304
-99.2642
-109.299
-119.122
-128.682
-137.91
-146.709
-154.947
-162.47
-169.092
-174.636
-178.878
-181.646
-182.86
-182.421
-180.162
-175.932
-169.631
-161.219
-150.709
-138.146
-123.613
-107.221
-89.1474
-69.5839
-49.0414
-27.9792
-8.888
32.5541
39.7816
47.5641
55.5441
62.9273
69.8353
75.9894
80.9673
84.7208
87.4211
89.1937
90.1963
90.6032
90.5335
90.0757
89.277
88.1576
86.7159
84.9295
82.7618
80.1685
77.0992
73.5002
69.3566
64.7652
59.8882
54.8622
49.8175
44.9039
40.286
36.134
32.6162
29.892
28.1036
27.3756
27.8247
29.4465
32.1299
35.0357
22.9282
15.0576
5.97876
-3.79841
-13.4964
-23.7787
-34.2366
-44.5654
-54.8859
-65.0375
-74.9752
-84.752
-94.3236
-103.697
-112.865
-121.782
-130.39
-138.604
-146.307
-153.361
-159.598
-164.852
-168.929
-171.66
-172.977
-172.795
-170.953
-167.292
-161.695
-154.095
-144.478
-132.866
-119.322
-103.946
-86.9053
-68.4062
-48.9354
-29.0144
-10.8586
30.2257
37.1207
44.5551
52.1883
59.259
65.8856
71.8021
76.6008
80.2328
82.8638
84.6134
85.6317
86.0884
86.0987
85.7499
85.0897
84.1401
82.9023
81.357
79.4703
77.2
74.4964
71.3027
67.5953
63.4548
59.0245
54.4247
49.7705
45.1978
40.8584
36.9132
33.5238
30.8464
29.0221
28.1699
28.3996
29.7002
31.9384
34.3543
21.0878
13.5895
4.94553
-4.35048
-13.5541
-23.3
-33.1948
-42.9484
-52.6764
-62.2264
-71.5556
-80.7181
-89.6728
-98.4287
-106.983
-115.297
-123.322
-130.982
-138.173
-144.772
-150.627
-155.585
-159.476
-162.141
-163.517
-163.535
-162.044
-158.881
-153.917
-147.066
-138.29
-127.589
-115.007
-100.633
-84.62
-67.183
-48.7821
-29.98
-12.7497
28.0482
34.6277
41.7313
49.0344
55.807
62.1647
67.8534
72.4787
75.9923
78.5539
80.2773
81.3056
81.8034
81.8829
81.6284
81.0894
80.2889
79.2305
77.8981
76.2612
74.2802
71.9061
69.0815
65.7768
62.0576
58.05
53.8594
49.5863
45.3522
41.2958
37.5672
34.3204
31.7054
29.8607
28.8992
28.9241
29.9203
31.7409
33.7033
19.3733
12.2279
3.9964
-4.84423
-13.5807
-22.8202
-32.185
-41.3976
-50.5698
-59.556
-68.3168
-76.9048
-85.2833
-93.4626
-101.443
-109.192
-116.668
-123.804
-130.508
-136.669
-142.151
-146.811
-150.503
-153.075
-154.475
-154.645
-153.447
-150.717
-146.32
-140.155
-132.166
-122.334
-110.684
-97.2896
-82.2954
-65.9126
-48.5764
-30.8662
-14.5487
26.0134
32.2931
39.0824
46.071
52.559
58.6593
64.1294
68.5873
71.9856
74.478
76.1729
77.2067
77.7381
77.8773
77.7053
77.2723
76.6028
75.7021
74.5576
73.1423
71.4191
69.3412
66.8517
63.9166
60.5889
56.9788
53.1777
49.2729
45.3718
41.5998
38.0951
35.0019
32.4636
30.6136
29.5586
29.3949
30.1052
31.5377
33.0829
17.778
10.9678
3.12773
-5.28095
-13.5757
-22.337
-31.2019
-39.9056
-48.5555
-57.0132
-65.2415
-73.2925
-81.1324
-88.7728
-96.2168
-103.437
-110.398
-117.039
-123.28
-129.021
-134.14
-138.505
-141.989
-144.45
-145.845
-146.126
-145.169
-142.815
-138.922
-133.384
-126.128
-117.118
-106.366
-93.9281
-79.9353
-64.594
-48.3112
-31.6658
-16.2449
24.1136
30.1085
36.5981
43.2868
49.5028
55.3569
60.6167
64.9138
68.2001
70.624
72.2884
73.3237
73.8831
74.0733
73.9734
73.6333
73.0788
72.317
71.3383
70.1191
68.6254
66.813
64.6264
62.029
59.063
55.8242
52.3914
48.8396
45.2629
41.7731
38.4961
35.5658
33.1166
31.2757
30.1434
29.8086
30.2539
31.3286
32.4928
16.2958
9.80412
2.33605
-5.66273
-13.5394
-21.8482
-30.2411
-38.4657
-46.6246
-54.5858
-62.3155
-69.8635
-77.1997
-84.3361
-91.2788
-98.0041
-104.481
-110.657
-116.46
-121.801
-126.569
-130.645
-133.916
-136.252
-137.618
-137.977
-137.217
-135.185
-131.741
-126.771
-120.195
-111.962
-102.068
-90.5573
-77.5445
-63.227
-47.9808
-32.3712
-17.8286
22.3414
28.0653
34.2694
40.6713
46.6276
52.2458
57.3036
61.4455
64.6229
66.9795
68.6125
69.6463
70.2285
70.4626
70.4255
70.167
69.7134
69.074
68.2416
67.1956
65.9058
64.3305
62.4169
60.1267
57.493
54.5989
51.5119
48.2958
45.0321
41.8196
38.7717
36.0107
33.6613
31.843
30.6496
30.1623
30.365
31.1129
31.932
14.9203
8.73171
1.61761
-5.99178
-13.4721
-21.3525
-29.2993
-37.0716
-44.7682
-52.2629
-59.525
-66.6022
-73.467
-80.1329
-86.6065
-92.8684
-98.8912
-104.63
-110.02
-114.981
-119.413
-123.206
-126.263
-128.467
-129.785
-130.194
-129.592
-127.836
-124.789
-120.335
-114.385
-106.881
-97.8051
-87.1877
-75.1284
-61.8107
-47.5807
-32.9762
-19.2906
20.6897
26.1554
32.087
38.215
43.9226
49.3148
54.1789
58.1708
61.2431
63.5334
65.1341
66.1635
66.7642
67.0364
67.0541
66.8672
66.5025
65.9704
65.267
64.3742
63.265
61.9012
60.2327
58.2208
55.891
53.315
50.5508
47.6516
44.6874
41.7446
38.9241
36.3363
34.0956
32.3124
31.0739
30.4533
30.437
30.8896
31.3986
13.6455
7.74567
0.968578
-6.27055
-13.3747
-20.8494
-28.3739
-35.7195
-42.9801
-50.0362
-56.8591
-63.4949
-69.9185
-76.1441
-82.1796
-88.0082
-93.6064
-98.9351
-103.935
-108.535
-112.647
-116.168
-119.013
-121.078
-122.336
-122.773
-122.297
-120.776
-118.078
-114.089
-108.716
-101.893
-93.5909
-83.8297
-72.6925
-60.3471
-47.1066
-33.4753
-20.6245
19.1517
24.3712
30.0425
35.9086
41.3783
46.5539
51.2313
55.079
58.0494
60.2746
61.8425
62.8656
63.4809
63.7858
63.8516
63.7275
63.4408
63.0036
62.4134
61.6558
60.7065
59.5307
58.0814
56.3208
54.2679
51.9842
49.519
46.9168
44.2369
41.554
38.9569
36.5441
34.4188
32.6819
31.4138
30.6796
30.4686
30.6572
30.8903
12.4658
6.84107
0.385123
-6.50172
-13.2488
-20.3386
-27.4636
-34.4058
-41.2555
-47.8986
-54.3088
-60.5309
-66.5414
-72.355
-77.9805
-83.4039
-88.6047
-93.5485
-98.1825
-102.443
-106.249
-109.509
-112.147
-114.071
-115.26
-115.705
-115.329
-114.008
-111.617
-108.046
-103.201
-97.0107
-89.4389
-80.4937
-70.2429
-58.8371
-46.5566
-33.8651
-21.8242
17.7207
22.7053
28.1279
33.7433
38.9851
43.9529
48.4511
52.1598
55.0314
57.1929
58.728
59.7426
60.3698
60.7028
60.8106
60.7415
60.5235
60.1696
59.6791
59.0405
58.2323
57.2234
55.9699
54.4351
52.6333
50.6168
48.4271
46.1013
43.6892
41.2547
38.8747
36.6362
34.6312
32.9505
31.6675
30.8394
30.4583
30.4141
30.4042
11.3755
6.01324
-0.136617
-6.68799
-13.0957
-19.8202
-26.5665
-33.1275
-39.5896
-45.8436
-51.866
-57.6996
-63.323
-68.7512
-73.9936
-79.0382
-83.8673
-88.4507
-92.7412
-96.6814
-100.198
-103.21
-105.647
-107.43
-108.543
-108.984
-108.685
-107.533
-105.412
-102.216
-97.8522
-92.2486
-85.3613
-77.1893
-67.7863
-57.2833
-45.9292
-34.1423
-22.886
16.3906
21.1508
26.3356
31.7112
36.7345
41.5028
45.8286
49.4031
52.1793
54.2787
55.7808
56.7858
57.4217
57.7786
57.9231
57.9024
57.7449
57.464
57.0612
56.5273
55.8436
54.9822
53.9031
52.571
50.9956
49.2221
47.2851
45.215
43.0533
40.8539
38.6831
36.6163
34.7346
33.1186
31.8343
30.9315
30.405
30.1581
29.937
10.3693
5.25755
-0.600396
-6.83224
-12.9173
-19.295
-25.6825
-31.8828
-37.9785
-43.866
-49.5235
-54.9926
-60.2531
-65.3204
-70.2046
-74.8953
-79.3771
-83.6235
-87.5922
-91.232
-94.4765
-97.2517
-99.4961
-101.141
-102.175
-102.6
-102.36
-101.351
-99.4666
-96.6059
-92.6807
-87.6176
-81.3692
-73.9262
-65.3286
-55.689
-45.2239
-34.3059
-23.8073
15.1554
19.7011
24.6584
29.8042
34.6182
39.1948
43.3549
46.8001
49.4838
51.5224
52.9915
53.9857
54.6282
55.0055
55.1818
55.2036
55.099
54.8823
54.5565
54.1145
53.5404
52.8094
51.885
50.734
49.3624
47.8087
46.1021
44.2672
42.338
40.3596
38.3883
36.489
34.7318
33.1873
31.9142
30.9553
30.3074
29.8873
29.485
9.44216
4.56959
-1.00987
-6.93706
-12.7153
-18.7635
-24.8107
-30.6696
-36.4189
-41.9611
-47.2754
-52.402
-57.3225
-62.0521
-66.6013
-70.9611
-75.1187
-79.0503
-82.7181
-86.0759
-89.0646
-91.6166
-93.6773
-95.1883
-96.1405
-96.5437
-96.3474
-95.4597
-93.782
-91.2216
-87.6941
-83.1278
-77.4728
-70.7131
-62.8771
-54.0583
-44.4423
-34.3554
-24.5869
14.0092
18.3501
23.0893
28.015
32.6282
37.0209
41.0212
44.3419
46.9361
48.9156
50.3516
51.3339
51.9806
52.3752
52.5792
52.6382
52.58
52.4195
52.1612
51.7997
51.322
50.7058
49.9183
48.9286
47.7398
46.3844
44.8868
43.2667
41.552
39.7798
37.9974
36.2596
34.6265
33.159
31.9083
30.9107
30.1647
29.5993
29.0443
8.58911
3.94487
-1.36856
-7.0053
-12.4917
-18.2265
-23.9509
-29.4864
-34.9089
-40.1251
-45.1165
-49.9213
-54.5228
-58.9365
-63.1725
-67.2233
-71.0783
-74.716
-78.1029
-81.1971
-83.9456
-86.2878
-88.1744
-89.5565
-90.4283
-90.8037
-90.6397
-89.8544
-88.3582
-86.0659
-82.8983
-78.787
-73.6808
-67.5586
-60.4384
-52.3955
-43.5865
-34.2925
-25.2257
12.9467
17.0916
21.6221
26.3366
30.7573
34.9731
38.8198
42.0202
44.5278
46.4496
47.8527
48.8222
49.4712
49.8802
50.1081
50.1995
50.1819
50.0706
49.8714
49.5804
49.187
48.6718
48.0054
47.1588
46.1332
44.9558
43.6469
42.2222
40.7041
39.1229
37.5177
35.9344
34.4236
33.0369
31.8184
30.7983
29.9761
29.2921
28.6111
7.80544
3.37944
-1.68008
-7.03976
-12.2482
-17.6852
-23.1031
-28.3325
-33.4457
-38.3545
-43.0416
-47.5443
-51.8469
-55.9646
-59.9078
-63.6704
-67.243
-70.6068
-73.7316
-76.58
-79.1039
-81.2495
-82.9723
-84.2316
-85.0249
-85.369
-85.2284
-84.5299
-83.193
-81.1399
-78.2976
-74.6012
-70.0005
-64.4703
-58.019
-50.706
-42.6601
-34.1196
-25.7253
11.9627
15.9202
20.2507
24.7627
28.9985
33.0444
36.7431
39.8273
42.251
44.1163
45.4868
46.4426
47.0923
47.5131
47.7615
47.881
47.8989
47.8305
47.6827
47.4534
47.1338
46.7071
46.1473
45.4274
44.5469
43.5287
42.3895
41.1415
39.8026
38.3972
36.9571
35.5203
34.1286
32.8252
31.6472
30.6193
29.7414
28.9635
28.1813
7.08668
2.86924
-1.94769
-7.04309
-11.9871
-17.1408
-22.2676
-27.2071
-32.0278
-36.6465
-41.0473
-45.266
-49.288
-53.1288
-56.7984
-60.2918
-63.6012
-66.7098
-69.5907
-72.2099
-74.5248
-76.4866
-78.0562
-79.1994
-79.9171
-80.2286
-80.1043
-79.4795
-78.2825
-76.4427
-73.8938
-70.5751
-66.4379
-61.4545
-55.6257
-48.9956
-41.6677
-33.8406
-26.0887
11.0523
14.8303
18.9694
23.287
27.3452
31.2276
34.7837
37.7558
40.0983
41.9085
43.2465
44.1879
44.8365
45.2668
45.5327
45.6764
45.725
45.694
45.5911
45.4154
45.1601
44.8109
44.3445
43.7366
42.9849
42.1083
41.1208
40.0319
38.8554
37.6107
36.3235
35.0245
33.7478
32.5289
31.3981
30.3755
29.4605
28.6117
27.7511
6.42852
2.41054
-2.17466
-7.01789
-11.7099
-16.5943
-21.4447
-26.1094
-30.6536
-34.9985
-39.1297
-43.0813
-46.8405
-50.4218
-53.8359
-57.0783
-60.1423
-63.0135
-65.6675
-68.0739
-70.1942
-71.9848
-73.4116
-74.4462
-75.0921
-75.3704
-75.2573
-74.6954
-73.6214
-71.972
-69.6873
-66.7113
-62.9978
-58.5173
-53.2645
-47.2702
-40.6148
-33.4604
-26.3207
10.2108
13.8169
17.7723
21.9036
25.7911
29.5163
32.935
35.7988
38.0623
39.8186
41.1243
42.0506
42.6969
43.1343
43.4149
43.5795
43.6547
43.6561
43.592
43.4629
43.2635
42.9817
42.5972
42.0877
41.4498
40.699
39.8467
38.9002
37.8701
36.7716
35.625
34.4546
33.288
32.1533
31.0753
30.0692
29.1341
28.2351
27.3169
5.82698
1.9996
-2.364
-6.96672
-11.4185
-16.0468
-20.6349
-25.0392
-29.3217
-33.4081
-37.2853
-40.9862
-44.4987
-47.8374
-51.0126
-54.0209
-56.8568
-59.5072
-61.9503
-64.1592
-66.0989
-67.731
-69.0251
-69.9585
-70.5368
-70.7825
-70.6768
-70.1692
-69.2036
-67.7241
-65.677
-63.0113
-59.6834
-55.6636
-50.9414
-45.536
-39.5075
-32.9853
-26.4267
9.43372
12.8753
16.6545
20.6068
24.3305
27.9044
31.1905
33.9494
36.1364
37.8401
39.1137
40.0241
40.6666
41.1093
41.402
41.5843
41.6823
41.7117
41.6811
41.5923
41.4414
41.2182
40.9051
40.4818
39.9441
39.3045
38.5721
37.7526
36.8538
35.8875
34.8693
33.8184
32.7561
31.7047
30.6834
29.7035
28.7629
27.8324
26.8755
5.27814
1.63309
-2.51881
-6.8919
-11.1151
-15.4996
-19.8384
-23.9958
-28.031
-31.8735
-35.5116
-38.9766
-42.258
-45.3695
-48.3217
-51.1118
-53.7353
-56.1806
-58.4284
-60.454
-62.2267
-63.7121
-64.8837
-65.7234
-66.2387
-66.4532
-66.3521
-65.8916
-65.0219
-63.6941
-61.8604
-59.475
-56.4971
-52.8975
-48.6617
-43.7993
-38.3527
-32.4219
-26.4132
8.71684
12.0008
15.611
19.3915
22.9576
26.3857
29.5439
32.2016
34.3142
35.9663
37.208
38.1019
38.7394
39.1855
39.488
39.6852
39.8027
39.8559
39.8541
39.8
39.6908
39.5184
39.2674
38.9196
38.4697
37.9279
37.3016
36.5948
35.8133
34.9659
34.0644
33.1235
32.1596
31.1894
30.2275
29.2815
28.3484
27.4028
26.4239
4.77833
1.30769
-2.6419
-6.79579
-10.8012
-14.9536
-19.0559
-22.9793
-26.7805
-30.3928
-33.8055
-37.049
-40.1136
-43.0128
-45.7569
-48.3437
-50.7698
-53.0247
-55.0913
-56.9476
-58.5661
-59.9161
-60.9748
-61.7281
-62.1853
-62.3705
-62.2724
-61.8528
-61.0682
-59.8758
-58.2337
-56.1008
-53.4398
-50.2221
-46.4305
-42.0665
-37.1575
-31.7778
-26.2875
8.05615
11.189
14.6372
18.2526
21.6673
24.9551
27.9898
30.5494
32.5897
34.1913
35.4011
36.2779
36.9091
37.3571
37.6671
37.8768
38.0106
38.0841
38.1069
38.0824
38.0093
37.8806
37.6833
37.401
37.028
36.5721
36.0391
35.4319
34.7547
34.0138
33.2178
32.3778
31.5057
30.6141
29.7131
28.8073
27.8923
26.9459
25.9598
4.32407
1.02029
-2.73591
-6.68059
-10.4784
-14.4101
-18.2877
-21.9894
-25.5692
-28.9641
-32.1648
-35.2001
-38.0614
-40.762
-43.312
-45.7096
-47.9522
-50.0307
-51.9296
-53.6295
-55.1057
-56.3314
-57.2864
-57.9607
-58.3645
-58.5226
-58.4263
-58.0427
-57.3339
-56.2626
-54.7923
-52.8865
-50.5113
-47.6395
-44.2519
-40.3436
-35.9291
-31.0612
-26.0576
7.44782
10.4359
13.7287
17.1856
20.4545
23.607
26.5225
28.9871
30.9571
32.5092
33.6872
34.5465
35.1702
35.6184
35.9341
36.1537
36.3012
36.3918
36.4354
36.4363
36.3938
36.3026
36.1516
35.9262
35.6202
35.2392
34.7881
34.2686
33.6837
33.0376
32.3366
31.5886
30.802
29.9855
29.1458
28.2848
27.3968
26.4618
25.4812
3.91208
0.767916
-2.80345
-6.54842
-10.1485
-13.8702
-17.5343
-21.0259
-24.3962
-27.586
-30.5871
-33.4268
-36.0978
-38.6127
-40.9814
-43.2029
-45.2752
-47.1902
-48.9342
-50.49
-51.8353
-52.9468
-53.8071
-54.4091
-54.7645
-54.8977
-54.8028
-54.4511
-53.8098
-52.8469
-51.5307
-49.8288
-47.711
-45.1514
-42.1298
-38.6363
-34.6751
-30.2803
-25.7322
6.8883
9.73764
12.8812
16.1859
19.3145
22.3367
25.137
27.5096
29.4111
30.9145
32.0608
32.902
33.5173
33.9642
34.2838
34.5112
34.6699
34.7747
34.8358
34.8579
34.8415
34.7824
34.6712
34.4949
34.2469
33.9313
33.5515
33.109
32.6054
32.0435
31.4277
30.7631
30.0555
29.3104
28.5316
27.7186
26.8646
25.9509
24.9867
3.53926
0.547786
-2.84687
-6.40126
-9.81291
-13.3349
-16.7963
-20.0888
-23.2609
-26.2572
-29.0702
-31.7264
-34.2188
-36.5602
-38.76
-40.8178
-42.732
-44.4957
-46.0967
-47.5196
-48.7448
-49.7516
-50.5257
-51.0622
-51.3737
-51.4845
-51.3907
-51.0675
-50.4868
-49.621
-48.4426
-46.9237
-45.037
-42.7583
-40.0673
-36.9502
-33.4026
-29.4438
-25.3198
6.37417
9.09053
12.0909
15.2492
18.2429
21.1394
23.8284
26.1117
27.9465
29.4022
30.5169
31.3394
31.9453
32.3895
32.7114
32.9447
33.1122
33.2287
33.3044
33.3444
33.3499
33.3179
33.2407
33.1066
32.9088
32.6497
32.3322
31.9568
31.5247
31.0373
30.4974
29.9082
29.2732
28.5954
27.8762
27.1132
26.2984
25.4143
24.4754
3.20267
0.357251
-2.8685
-6.24093
-9.47307
-12.805
-16.074
-19.1777
-22.1625
-24.9762
-27.6122
-30.096
-32.4213
-34.6005
-36.6428
-38.5483
-40.3159
-41.9397
-43.4088
-44.7095
-45.8247
-46.736
-47.4315
-47.9088
-48.1809
-48.2718
-48.179
-47.8815
-47.3552
-46.5764
-45.5216
-44.1664
-42.4868
-40.4604
-38.0669
-35.2901
-32.1188
-28.5599
-24.8297
5.90219
8.49109
11.3539
14.3716
17.2355
20.0109
22.5922
24.7888
26.5586
27.9672
29.0505
29.8538
30.4494
30.8897
31.2123
31.4498
31.6242
31.7501
31.8376
31.8925
31.9163
31.9072
31.8588
31.7608
31.6061
31.3959
31.1322
30.8154
30.4458
30.024
29.5516
29.0303
28.4616
27.8469
27.1854
26.4733
25.7016
24.8533
23.947
2.89949
0.193844
-2.87043
-6.06928
-9.13038
-12.2815
-15.3677
-18.2925
-21.1003
-23.7417
-26.2111
-28.5329
-30.7016
-32.7294
-34.6251
-36.3891
-38.0209
-39.5153
-40.8628
-42.0514
-43.0659
-43.8902
-44.5144
-44.9383
-45.1753
-45.2484
-45.157
-44.8829
-44.4055
-43.7047
-42.7605
-41.5518
-40.0574
-38.2571
-36.1307
-33.6604
-30.8302
-27.6371
-24.2709
5.46935
7.9361
10.6669
13.5494
16.2883
18.9467
21.4238
23.5364
25.2428
26.6052
27.6571
28.4407
29.0252
29.4604
29.7824
30.0224
30.202
30.3352
30.4323
30.4992
30.5383
30.5482
30.5241
30.4568
30.339
30.1709
29.9537
29.6877
29.3726
29.0085
28.5958
28.1353
27.6271
27.0711
26.4649
25.8036
25.0775
24.2697
23.4016
2.62715
0.0551962
-2.85471
-5.88788
-8.78604
-11.7651
-14.6777
-17.4332
-20.0735
-22.5523
-24.865
-27.0348
-29.057
-30.9432
-32.7023
-34.3348
-35.8409
-37.2158
-38.4515
-39.5372
-40.4596
-41.2047
-41.7646
-42.1405
-42.3461
-42.4039
-42.3142
-42.0614
-41.6282
-40.9974
-40.1522
-39.0744
-37.7455
-36.147
-34.2598
-32.065
-29.5431
-26.6834
-23.6525
5.07284
7.42242
10.0265
12.779
15.3975
17.9431
20.3194
22.3504
23.9949
25.3119
26.3323
27.0959
27.6684
28.0976
28.4176
28.6588
28.8418
28.9806
29.0852
29.1619
29.2133
29.2391
29.2354
29.194
29.1076
28.9754
28.7983
28.5761
28.3084
27.9948
27.635
27.2288
26.7755
26.2737
25.7201
25.1089
24.4295
23.6655
22.8397
2.38317
-0.0608445
-2.82328
-5.6983
-8.44121
-11.2567
-14.0045
-16.5995
-19.0813
-21.4068
-23.5721
-25.5991
-27.4842
-29.2382
-30.8701
-32.3806
-33.7702
-35.035
-36.1678
-37.1592
-37.9975
-38.6708
-39.1726
-39.5055
-39.6834
-39.728
-39.6403
-39.4071
-39.0138
-38.446
-37.6893
-36.7284
-35.5471
-34.1288
-32.4553
-30.5073
-28.2631
-25.7063
-22.983
4.70989
6.94718
9.42955
12.0571
14.5596
16.9964
19.2752
21.2268
22.8109
24.083
25.0722
25.8154
26.3753
26.7974
27.1144
27.3554
27.5405
27.6832
27.7936
27.8779
27.9393
27.978
27.9911
27.9715
27.9118
27.8102
27.6674
27.483
27.2564
26.9868
26.6736
26.3158
25.9121
25.4603
24.9562
24.3935
23.7613
23.0431
22.2625
2.16524
-0.156383
-2.77783
-5.50195
-8.09701
-10.7568
-13.3483
-15.7911
-18.1232
-20.3041
-22.3305
-24.2237
-25.9802
-27.6109
-29.1244
-30.5217
-31.8035
-32.9667
-34.0049
-34.9099
-35.6716
-36.2798
-36.7293
-37.0239
-37.1774
-37.2107
-37.1253
-36.9103
-36.5532
-36.0419
-35.3645
-34.5079
-33.4581
-32.2002
-30.7172
-28.9901
-26.9955
-24.713
-22.2709
4.37803
6.50764
8.87318
11.3806
13.7714
16.103
18.2873
20.1619
21.6868
22.9148
23.8729
24.5954
25.142
25.5563
25.8692
26.109
26.2949
26.4401
26.5545
26.6447
26.714
26.7631
26.7901
26.7886
26.7513
26.6758
26.5622
26.4102
26.2192
25.988
25.7156
25.4008
25.0418
24.6357
24.1781
23.662
23.0764
22.4049
21.6712
1.97119
-0.233341
-2.72004
-5.30019
-7.75438
-10.2661
-12.7091
-15.0077
-17.1984
-19.2428
-21.1386
-22.906
-24.5423
-26.0579
-27.4612
-28.7534
-29.9355
-31.005
-31.9563
-32.7824
-33.4744
-34.0236
-34.4261
-34.6866
-34.8188
-34.8425
-34.7598
-34.5616
-34.2373
-33.7769
-33.1704
-32.4069
-31.4741
-30.359
-29.0456
-27.5155
-25.7447
-23.71
-21.5241
4.07488
6.1012
8.3546
10.7464
13.0296
15.2597
17.3524
19.1521
20.6193
21.8039
22.731
23.4325
23.9653
24.3709
24.6789
24.9163
25.102
25.2484
25.3656
25.4601
25.5354
25.5928
25.631
25.6445
25.6259
25.5723
25.4836
25.3594
25.199
25.0011
24.7646
24.488
24.1691
23.8048
23.3904
22.9186
22.3784
21.7535
21.0676
1.79898
-0.293521
-2.65146
-5.09425
-7.41424
-9.78513
-12.0871
-14.2492
-16.3059
-18.2217
-19.9946
-21.644
-23.1678
-24.5759
-25.8766
-27.0713
-28.1612
-29.1443
-30.0159
-30.7699
-31.3985
-31.8943
-32.2547
-32.4849
-32.5985
-32.6142
-32.5346
-32.3519
-32.0574
-31.6429
-31.0999
-30.4193
-29.5907
-28.6024
-27.4398
-26.0852
-24.5146
-22.7031
-20.75
3.79818
5.72549
7.87121
10.1519
12.3313
14.4633
16.4673
18.1943
19.605
20.7467
21.643
22.3233
22.8418
23.2382
23.5404
23.7747
23.959
24.1057
24.2245
24.3218
24.4017
24.4655
24.5127
24.5384
24.5353
24.5001
24.4324
24.3319
24.1978
24.0288
23.8237
23.5808
23.2979
22.9716
22.5971
22.1671
21.6707
21.0918
20.4534
1.64672
-0.338616
-2.57353
-4.88522
-7.07737
-9.31434
-11.4824
-13.5151
-15.4453
-17.2396
-18.8968
-20.4355
-21.8538
-23.1617
-24.3668
-25.4711
-26.4757
-27.3793
-28.1777
-28.8657
-29.4367
-29.8844
-30.2071
-30.4105
-30.5079
-30.5171
-30.4408
-30.2726
-30.0053
-29.632
-29.1459
-28.5393
-27.8033
-26.9275
-25.8989
-24.7005
-23.3086
-21.6977
-19.9554
3.54586
5.3782
7.42055
9.59428
11.6737
13.711
15.629
17.2851
18.6405
19.7402
20.6058
21.2648
21.7687
22.1552
22.4511
22.6814
22.8636
23.0096
23.1289
23.228
23.3109
23.3796
23.4338
23.4693
23.4791
23.4592
23.4093
23.3289
23.2174
23.0734
22.8957
22.6826
22.4318
22.1399
21.8021
21.4113
20.9566
20.4224
19.8308
1.51264
-0.370221
-2.48758
-4.67419
-6.74458
-8.85412
-10.895
-12.8051
-14.6155
-16.2952
-17.8436
-19.2782
-20.5978
-21.812
-22.9283
-23.9486
-24.8744
-25.7047
-26.436
-27.0638
-27.5824
-27.9866
-28.2756
-28.4554
-28.5388
-28.5427
-28.47
-28.3154
-28.0728
-27.7367
-27.3015
-26.7609
-26.1072
-25.3314
-24.4216
-23.3618
-22.1294
-20.6985
-19.1466
3.31595
5.05724
7.00035
9.0712
11.0542
13
14.8346
16.4218
17.723
18.7813
19.6166
20.2542
20.7431
21.1193
21.4082
21.6339
21.8133
21.9578
22.0767
22.1766
22.2616
22.3336
22.3932
22.4366
22.4568
22.4497
22.4146
22.3513
22.2591
22.1367
21.983
21.7961
21.5739
21.3131
21.009
20.6546
20.2394
19.748
19.2018
1.39505
-0.389791
-2.39485
-4.46216
-6.41654
-8.40487
-10.325
-12.1188
-13.8159
-15.3874
-16.8332
-18.1701
-19.3973
-20.524
-21.5575
-22.4998
-23.3527
-24.1155
-24.7852
-25.358
-25.8291
-26.1942
-26.453
-26.6119
-26.6833
-26.683
-26.6142
-26.4722
-26.2523
-25.9497
-25.5602
-25.0784
-24.4979
-23.8109
-23.0064
-22.0697
-20.9792
-19.7095
-18.3291
3.10663
4.7606
6.60848
8.58037
10.4703
12.3278
14.0814
15.6016
16.8496
17.8671
18.6725
19.2888
19.7625
20.1279
20.4093
20.6299
20.8059
20.9482
21.0661
21.166
21.2519
21.3263
21.3899
21.4394
21.468
21.4713
21.4487
21.3998
21.3241
21.2204
21.0875
20.9237
20.727
20.4942
20.2208
19.9
19.5218
19.0712
18.5687
1.2924
-0.398725
-2.29648
-4.25001
-6.09388
-7.96686
-9.77227
-11.4558
-13.0456
-14.5149
-15.864
-17.109
-18.2495
-19.2945
-20.2509
-21.1209
-21.9063
-22.6068
-23.22
-23.7426
-24.1705
-24.5004
-24.7324
-24.873
-24.9341
-24.9306
-24.8657
-24.7356
-24.5363
-24.2641
-23.9156
-23.4864
-22.9709
-22.3625
-21.6514
-20.824
-19.8598
-18.7341
-17.508
2.91618
4.48647
6.24293
8.11962
9.91991
11.6918
13.3668
14.8217
16.0176
16.9952
17.7711
18.3662
18.8244
19.1787
19.4523
19.6673
19.8393
19.979
20.0953
20.1944
20.2806
20.3563
20.4227
20.4769
20.5122
20.524
20.5117
20.475
20.4134
20.3258
20.211
20.0676
19.8935
19.6859
19.4404
19.1506
18.8068
18.3947
17.9337
1.20325
-0.398325
-2.19361
-4.03861
-5.77719
-7.54042
-9.23677
-10.8157
-12.3038
-13.6765
-14.9344
-16.093
-17.1522
-18.1208
-19.0052
-19.8079
-20.5309
-21.174
-21.7352
-22.212
-22.6008
-22.8989
-23.107
-23.2315
-23.2839
-23.2781
-23.2172
-23.0982
-22.9179
-22.6732
-22.3615
-21.9792
-21.5217
-20.9831
-20.3548
-19.6243
-18.7723
-17.7752
-16.6875
2.74298
4.23307
5.90188
7.68696
9.40078
11.0901
12.6887
14.0799
15.2243
16.1628
16.9099
17.4838
17.9265
18.2695
18.535
18.7441
18.9117
19.0483
19.1624
19.2603
19.346
19.4223
19.4906
19.5482
19.5887
19.6075
19.6038
19.5773
19.5277
19.4539
19.3549
19.2294
19.0755
18.8904
18.6702
18.4087
18.0969
17.7208
17.299
1.12626
-0.389743
-2.0872
-3.82869
-5.46699
-7.12578
-8.71845
-10.1981
-11.5898
-12.8711
-14.0428
-15.1199
-16.1028
-16.9999
-17.8172
-18.5573
-19.2224
-19.8124
-20.326
-20.7609
-21.1142
-21.3837
-21.5705
-21.681
-21.726
-21.7186
-21.6619
-21.5534
-21.3904
-21.1707
-20.8921
-20.5518
-20.1458
-19.6693
-19.1144
-18.4698
-17.7175
-16.8352
-15.8715
2.58559
3.9988
5.58353
7.28041
8.91085
10.5202
12.0446
13.3739
14.4674
15.3677
16.0868
16.6396
17.0666
17.3982
17.6553
17.8582
18.0212
18.1543
18.266
18.3621
18.4469
18.5232
18.5924
18.6525
18.6971
18.7215
18.7247
18.7069
18.6674
18.6056
18.5204
18.4106
18.2746
18.1097
17.9123
17.6768
17.3944
17.0518
16.6667
1.06023
-0.374
-1.97812
-3.62085
-5.16359
-6.72296
-8.21701
-9.60246
-10.9026
-12.0974
-13.1877
-14.1878
-15.0991
-15.9291
-16.6837
-17.3654
-17.9766
-18.5177
-18.9875
-19.3841
-19.7051
-19.9489
-20.1168
-20.215
-20.2539
-20.2457
-20.1931
-20.0945
-19.9475
-19.7505
-19.5017
-19.199
-18.8391
-18.4177
-17.9279
-17.3595
-16.6958
-15.9158
-15.0631
2.44266
3.78217
5.28622
6.89815
8.4481
9.98006
11.4321
12.7011
13.7444
14.608
15.2998
15.8316
16.2428
16.5628
16.8114
17.0079
17.166
17.2955
17.4043
17.4985
17.582
17.6577
17.7273
17.789
17.8366
17.8654
17.8745
17.8638
17.8331
17.7816
17.7084
17.6124
17.4922
17.3455
17.1687
16.9567
16.7013
16.3899
16.039
1.00387
-0.35223
-1.86733
-3.41587
-4.86759
-6.33215
-7.7323
-9.02818
-10.2412
-11.3541
-12.3671
-13.2947
-14.1388
-14.9062
-15.6018
-16.2288
-16.79
-17.2857
-17.7151
-18.0765
-18.3682
-18.5889
-18.74
-18.8276
-18.8615
-18.8529
-18.8047
-18.7153
-18.5831
-18.4068
-18.1851
-17.9161
-17.5973
-17.225
-16.7931
-16.2923
-15.7073
-15.0186
-14.2651
2.3128
3.58184
5.00871
6.53875
8.01106
9.46792
10.8491
12.0593
13.0525
13.8814
14.5472
15.0579
15.453
15.7614
16.0015
16.1915
16.3447
16.4703
16.5761
16.6679
16.7498
16.8245
16.894
16.9567
17.0065
17.0388
17.0527
17.0481
17.0248
16.9822
16.9195
16.8358
16.7297
16.5992
16.441
16.2504
16.0198
15.737
15.4179
0.955933
-0.325898
-1.75625
-3.21517
-4.58004
-5.95444
-7.26495
-8.47538
-9.60504
-10.6405
-11.5791
-12.4376
-13.2193
-13.9281
-14.5683
-15.144
-15.6585
-16.1123
-16.5043
-16.8336
-17.0986
-17.2984
-17.4346
-17.513
-17.5428
-17.5343
-17.4905
-17.41
-17.2915
-17.1341
-16.9368
-16.6983
-16.4164
-16.0879
-15.7074
-15.2667
-14.7518
-14.1445
-13.4797
2.19474
3.39661
4.74984
6.20139
7.59921
8.98347
10.2956
11.4475
12.3879
13.1845
13.8261
14.3159
14.695
14.9921
15.2239
15.4074
15.5555
15.6771
15.7798
15.8692
15.9492
16.0226
16.0916
16.1548
16.2062
16.2413
16.2591
16.2596
16.2428
16.2079
16.1544
16.0815
15.988
15.8719
15.7306
15.5594
15.3514
15.095
14.8052
0.915508
-0.295713
-1.64552
-3.01929
-4.30165
-5.59043
-6.81547
-7.94457
-8.99452
-9.95708
-10.8225
-11.6141
-12.3376
-12.9916
-13.5792
-14.1067
-14.5779
-14.9928
-15.3505
-15.6503
-15.8911
-16.0722
-16.1954
-16.2659
-16.2924
-16.2846
-16.2452
-16.1732
-16.0675
-15.9275
-15.7525
-15.5415
-15.2926
-15.0033
-14.6687
-14.2816
-13.8289
-13.2942
-12.7087
2.08744
3.2252
4.50831
5.88447
7.21095
8.5252
9.77095
10.8658
11.7494
12.5152
13.1343
13.6033
13.9665
14.2525
14.4761
14.6534
14.7965
14.9142
15.0138
15.1007
15.1786
15.2507
15.319
15.3822
15.4348
15.4722
15.4933
15.4983
15.487
15.459
15.4137
15.3504
15.268
15.1651
15.0389
14.8853
14.6979
14.4656
14.2029
0.882705
-0.260849
-1.53351
-2.82603
-4.02984
-5.23713
-6.38135
-7.43362
-8.40824
-9.30123
-10.0965
-10.8265
-11.496
-12.0972
-12.6339
-13.1153
-13.5457
-13.924
-14.2494
-14.5219
-14.7405
-14.9048
-15.0165
-15.0803
-15.1044
-15.0977
-15.0628
-14.9989
-14.9052
-14.7813
-14.6268
-14.4406
-14.2217
-13.9675
-13.674
-13.3347
-12.9377
-12.4678
-11.9533
1.99043
3.06656
4.28131
5.58397
6.84092
8.08631
9.26826
10.3083
11.1405
11.8796
12.4751
12.9212
13.2679
13.5428
13.7582
13.9287
14.0666
14.1803
14.2767
14.361
14.437
14.5075
14.5749
14.6381
14.6915
14.7307
14.7547
14.7635
14.7571
14.7352
14.6972
14.6425
14.5703
14.4792
14.3667
14.2291
14.0604
13.8502
13.6124
0.857105
-0.221504
-1.4196
-2.63416
-3.76237
-4.89123
-5.95777
-6.93735
-7.84059
-8.66691
-9.39447
-10.0753
-10.6989
-11.2466
-11.7316
-12.1691
-12.561
-12.9044
-13.1991
-13.4458
-13.6439
-13.7928
-13.8941
-13.9523
-13.9747
-13.9696
-13.9394
-13.8834
-13.801
-13.6923
-13.5564
-13.3929
-13.201
-12.9786
-12.7218
-12.4251
-12.0778
-11.6661
-11.2153
1.90316
2.91967
4.06755
5.29734
6.48505
7.66038
8.77862
9.76147
10.5538
11.2814
11.8518
12.2696
12.599
12.8635
13.0705
13.2342
13.3668
13.4764
13.5696
13.6512
13.725
13.7939
13.8602
13.923
13.977
14.0177
14.044
14.0563
14.0543
14.0378
14.0063
13.9595
13.8964
13.8158
13.7158
13.5927
13.441
13.2511
13.0361
0.838142
-0.18964
-1.3299
-2.4786
-3.53938
-4.59273
-5.57432
-6.46612
-7.26985
-8.00636
-8.60858
-9.27594
-9.90685
-10.4333
-10.8945
-11.3173
-11.6983
-12.031
-12.3157
-12.5544
-12.7465
-12.8913
-12.9902
-13.0474
-13.0707
-13.0681
-13.0424
-12.9926
-12.9189
-12.8217
-12.6976
-12.5494
-12.3763
-12.1758
-11.9446
-11.6776
-11.3651
-10.9946
-10.5891
1.83649
2.80499
3.9004
5.06481
6.1851
7.28065
8.30715
9.17928
9.87922
10.6778
11.2644
11.6728
12.0016
12.2704
12.4799
12.6446
12.7779
12.8885
12.9825
13.0649
13.1396
13.2095
13.2771
13.3417
13.3979
13.4411
13.4702
13.4855
13.487
13.4745
13.4477
13.4061
13.3491
13.2757
13.1839
13.0705
12.9303
12.7539
12.5543
0.823745
-0.162197
-1.25317
-2.34424
-3.34223
-4.32034
-5.2136
-6.00718
-6.6937
-7.32107
-7.75838
-8.44648
-9.12058
-9.64793
-10.1042
-10.5316
-10.9198
-11.2579
-11.5469
-11.7895
-11.9855
-12.1338
-12.2362
-12.2966
-12.3233
-12.3245
-12.3035
-12.2588
-12.192
-12.1039
-11.9863
-11.8482
-11.6881
-11.5028
-11.2891
-11.0427
-10.7548
-10.4131
-10.0395
1.78252
2.71093
3.75925
4.86234
5.91407
6.92061
7.8373
8.57756
9.16147
10.0707
10.7039
11.1179
11.4566
11.7389
11.9583
12.1295
12.268
12.3828
12.4805
12.5661
12.6437
12.7166
12.7874
12.8554
12.9151
12.9616
12.9938
13.0122
13.0167
13.0074
12.9839
12.946
12.8931
12.8244
12.7381
12.631
12.4983
12.3308
12.1414
0.811059
-0.132631
-1.17385
-2.2069
-3.14224
-4.04541
-4.8525
-5.5503
-6.12643
-6.64774
-6.93172
-7.62732
-8.33543
-8.86137
-9.3089
-9.73625
-10.1288
-10.4704
-10.7621
-11.0076
-11.2069
-11.3586
-11.4644
-11.528
-11.5582
-11.5634
-11.5476
-11.5087
-11.4494
-11.3712
-11.2611
-11.1337
-10.9875
-10.818
-10.6222
-10.3965
-10.1331
-9.82046
-9.48096
1.72963
2.61775
3.61834
4.65988
5.64407
6.56144
7.37243
7.98894
8.45885
9.4559
10.1375
10.5576
10.9024
11.196
11.4251
11.6026
11.7458
11.8646
11.9657
12.0544
12.1348
12.2106
12.2844
12.3558
12.4191
12.4689
12.5044
12.5259
12.5337
12.5277
12.5077
12.4736
12.425
12.361
12.2802
12.1796
12.0546
11.896
11.7169
0.799857
-0.101573
-1.09293
-2.06827
-2.94153
-3.77066
-4.49429
-5.09867
-5.57193
-5.98611
-6.13423
-6.82213
-7.5507
-8.07368
-8.51057
-8.93354
-9.32688
-9.66998
-9.96294
-10.2102
-10.4121
-10.5668
-10.6759
-10.7429
-10.7766
-10.7857
-10.7748
-10.7411
-10.6889
-10.6199
-10.5165
-10.3989
-10.2657
-10.1111
-9.9324
-9.72693
-9.48735
-9.20207
-8.88996
1.67799
2.52605
3.47868
4.45914
5.37721
6.20529
6.91589
7.41319
7.7759
8.83415
9.56322
9.99287
10.3415
10.6438
10.8815
11.0652
11.2129
11.3356
11.44
11.5316
11.6147
11.6932
11.77
11.8448
11.9116
11.9648
12.0035
12.0284
12.0395
12.037
12.0208
11.9907
11.9467
11.8879
11.8129
11.719
11.6017
11.4522
11.2833
0.790229
-0.0693414
-1.01118
-1.92965
-2.74201
-3.49863
-4.14191
-4.6554
-5.03329
-5.3379
-5.36925
-6.03457
-6.76776
-7.28446
-7.70925
-8.1241
-8.51456
-8.857
-9.14984
-9.39785
-9.60145
-9.75907
-9.87153
-9.9427
-9.98147
-9.9965
-9.99284
-9.96707
-9.92484
-9.86793
-9.77469
-9.66993
-9.55196
-9.41411
-9.25378
-9.06885
-8.85334
-8.59792
-8.327
1.62811
2.4366
3.34145
4.26183
5.11551
5.85414
6.46998
6.84824
7.11161
8.20639
8.97894
9.42223
9.77487
10.0842
10.3292
10.5181
10.6697
10.7959
10.9037
10.9985
11.0846
11.166
11.2458
11.3241
11.3947
11.4517
11.494
11.5224
11.5372
11.5383
11.5259
11.5
11.4605
11.4068
11.3377
11.2507
11.1414
11.0014
10.8431
0.782097
-0.0365372
-0.929983
-1.79291
-2.54619
-3.23245
-3.79905
-4.22469
-4.51435
-4.70607
-4.63869
-5.26694
-5.98779
-6.49339
-6.90471
-7.30817
-7.69205
-8.03142
-8.32287
-8.57085
-8.77583
-8.93586
-9.05091
-9.12453
-9.16523
-9.1824
-9.18166
-9.15916
-9.12168
-9.0711
-8.98289
-8.88618
-8.77929
-8.65497
-8.51091
-8.34542
-8.15184
-7.9176
-7.65326
1.5806
2.35061
3.20822
4.07033
4.86102
5.51002
6.03653
6.29207
6.46182
7.57326
8.38325
8.84236
9.20026
9.51756
9.77114
9.96562
10.12
10.2481
10.358
10.4552
10.544
10.6283
10.7115
10.7934
10.868
10.9292
10.9759
11.0088
11.0283
11.0344
11.0271
11.0066
10.9725
10.9246
10.8617
10.7814
10.6798
10.5484
10.3984
0.775335
-0.0044799
-0.851751
-1.66148
-2.35775
-2.97619
-3.46942
-3.81012
-4.01737
-4.09265
-3.94347
-4.52062
-5.21222
-5.70063
-6.09628
-6.48514
-6.85887
-7.1924
-7.48069
-7.72779
-7.93456
-8.09911
-8.22176
-8.30608
-8.35967
-8.39064
-8.40492
-8.39849
-8.37909
-8.34841
-8.27804
-8.20021
-8.11331
-8.00901
-7.88502
-7.74086
-7.57399
-7.38108
-7.19634
1.53659
2.27012
3.08191
3.88815
4.61564
5.17291
5.61328
5.7381
5.81672
6.93395
7.77828
8.25312
8.61343
8.93616
9.20015
9.40516
9.56724
9.6997
9.81185
9.91034
10.0004
10.0864
10.1721
10.2573
10.3354
10.4001
10.4502
10.4866
10.5099
10.5202
10.5178
10.5031
10.4758
10.4357
10.3817
10.3114
10.2211
10.1038
9.97383
0.769565
0.0251674
-0.779652
-1.53974
-2.1817
-2.73496
-3.15655
-3.41322
-3.54193
-3.49862
-3.2829
-3.79596
-4.4423
-4.90608
-5.28249
-5.65339
-6.01368
-6.33901
-6.62233
-6.866
-7.06986
-7.23083
-7.34752
-7.4219
-7.4636
-7.48425
-7.48989
-7.47594
-7.45036
-7.41421
-7.33997
-7.26285
-7.18127
-7.0869
-6.9774
-6.85122
-6.69949
-6.50249
-6.2474
1.49685
2.19672
2.96533
3.71908
4.38138
4.84383
5.1991
5.17893
5.16004
6.2791
7.16477
7.66528
8.0296
8.34817
8.60905
8.81623
8.98613
9.12948
9.25222
9.35918
9.4555
9.54633
9.6364
9.72672
9.81137
9.88331
9.94054
9.98349
10.0124
10.0272
10.0283
10.0159
9.99048
9.95208
9.90029
9.83324
9.74664
9.62879
9.48356
0.764466
0.0524237
-0.713795
-1.42895
-2.021
-2.51395
-2.86646
-3.0413
-3.09576
-2.93166
-2.65653
-3.0923
-3.67928
-4.1099
-4.46198
-4.80984
-5.15163
-5.46648
-5.74806
-5.998
-6.2161
-6.40051
-6.55152
-6.67145
-6.76168
-6.82625
-6.87354
-6.90059
-6.91897
-6.92889
-6.89412
-6.85222
-6.80287
-6.7368
-6.65256
-6.5528
-6.44393
-6.33879
-6.30252
1.4604
2.12903
2.85783
3.5643
4.16179
4.53569
4.81143
4.6175
4.47717
5.58649
6.51553
7.06332
7.46512
7.80512
8.06539
8.2544
8.40066
8.52601
8.64037
8.74693
8.84763
8.94496
9.04208
9.139
9.22981
9.3091
9.3764
9.43255
9.4777
9.5118
9.53463
9.5458
9.54471
9.53038
9.50164
9.45716
9.39739
9.32537
9.27389
0.76044
0.0785051
-0.652282
-1.32724
-1.87578
-2.31761
-2.60968
-2.71534
-2.70444
-2.40867
-2.06504
-2.41191
-2.92497
-3.31144
-3.63509
-3.95659
-4.27034
-4.55669
-4.8096
-5.02952
-5.21389
-5.35578
-5.44879
-5.49306
-5.50852
-5.51589
-5.51694
-5.5029
-5.47867
-5.44425
-5.37816
-5.31694
-5.25811
-5.19339
-5.11957
-5.03195
-4.91084
-4.71475
-4.37559
1.42713
2.06685
2.75971
3.42478
3.96286
4.27065
4.4731
4.05355
3.76714
4.8537
5.78886
6.35283
6.79653
7.20847
7.55172
7.80678
7.98589
8.11118
8.20506
8.28447
8.36039
8.43989
8.52766
8.62191
8.71069
8.78322
8.83724
8.87401
8.8952
8.9022
8.89644
8.8798
8.85423
8.82129
8.78093
8.72904
8.65188
8.51474
8.27543
0.758057
0.096297
-0.608514
-1.25062
-1.76154
-2.15734
-2.39218
-2.43853
-2.35785
-1.90948
-1.49857
-1.76317
-2.18612
-2.50673
-2.79138
-3.09422
-3.40876
-3.71668
-4.01098
-4.29166
-4.55964
-4.81699
-5.06452
-5.29522
-5.48174
-5.61531
-5.72237
-5.80976
-5.9006
-5.99131
-6.01835
-6.02089
-6.01684
-5.99997
-5.96674
-5.92499
-5.90369
-5.95458
-6.21292
1.40584
2.02614
2.69159
3.31848
3.79556
4.04102
4.11997
3.40732
3.0161
4.1477
5.09257
5.60993
5.96466
6.28579
6.59256
6.88925
7.17311
7.43022
7.64902
7.8274
7.97108
8.08948
8.19631
8.31104
8.4472
8.59321
8.73262
8.86022
8.97459
9.07482
9.15891
9.22409
9.26819
9.29012
9.29181
9.281
9.28228
9.35022
9.59346
0.754934
0.0848351
-0.620931
-1.24796
-1.72587
-2.06361
-2.21222
-2.15959
-1.9414
-1.32319
-0.914311
-1.13954
-1.48474
-1.72086
-1.90563
-2.08552
-2.26303
-2.43022
-2.58197
-2.71309
-2.81152
-2.85799
-2.8385
-2.76163
-2.69046
-2.65833
-2.64234
-2.61081
-2.55561
-2.51577
-2.44835
-2.38994
-2.34781
-2.30936
-2.26778
-2.21457
-2.10471
-1.85698
-1.29001
1.41153
2.03626
2.69367
3.28486
3.68062
3.79965
3.58524
2.52695
2.12667
3.44339
4.61838
5.37621
5.85027
6.09766
6.14554
6.0702
5.95374
5.86248
5.82424
5.84151
5.90594
6.00886
6.13427
6.24229
6.28935
6.29337
6.28836
6.27947
6.26565
6.24661
6.22606
6.20893
6.19875
6.19657
6.1976
6.18384
6.10213
5.84445
5.235
0.746301
0.0447714
-0.686175
-1.31874
-1.77363
-2.04873
-2.09079
-1.89577
-1.4683
-0.685418
-0.291236
-0.470999
-0.787281
-1.08495
-1.38563
-1.70003
-2.03091
-2.37987
-2.75174
-3.15538
-3.60298
-4.10079
-4.62566
-5.11825
-5.4729
-5.68936
-5.90252
-6.07184
-6.35444
-6.76582
-6.64701
-6.66823
-6.79428
-6.88715
-6.93177
-6.97485
-7.09104
-7.38648
-8.06387
1.43226
2.0791
2.74615
3.31262
3.62625
3.57544
2.96712
1.60131
0.97027
2.14909
3.45654
4.74959
6.00728
7.19992
8.21245
8.98722
9.54254
9.89655
10.0969
10.1966
10.2422
10.2711
10.3383
10.5315
10.8842
11.268
11.5833
11.8425
12.0674
12.2619
12.4192
12.5359
12.6141
12.6605
12.6912
12.7388
12.8857
13.2567
14.0558
106.924
106.189
105.24
104.004
102.274
99.858
96.5371
92.1316
86.6683
80.4995
74.1435
67.9749
62.1131
56.5372
51.2074
46.1075
41.2372
36.5984
32.1892
28.003
24.0301
20.2619
16.6888
13.3025
10.0955
7.06028
4.18998
1.47779
-1.08078
-3.48928
-5.74957
-7.86223
-9.82778
-11.6455
-13.3145
-14.8343
-16.2045
-17.4252
-18.4973
-19.4222
-20.2023
-20.8409
-21.3423
-21.7113
-21.9542
-22.0777
-22.0891
-21.9963
-21.8076
-21.5316
-21.1771
-20.7529
-20.2674
-19.7292
-19.1461
-18.5258
-17.8753
-17.2012
-16.5094
-15.8052
-15.0936
-14.3786
-13.664
-12.9527
-12.2478
-11.5508
-10.8653
-10.2788
-9.75557
-9.22756
-8.6554
-8.13264
-7.45215
-7.0771
-6.04509
-6.30129
-4.11209
-6.40265
-0.929298
-8.53893
106.565
103.441
99.9014
96.1828
92.3759
88.5659
84.8157
81.1735
77.6224
74.19
70.8767
67.6927
64.6447
61.7381
58.977
56.3637
53.8993
51.5836
49.4146
47.3891
45.5027
43.7502
42.1256
40.622
39.2325
37.9499
36.7667
35.6758
34.6699
33.7421
32.8858
32.0945
31.3618
30.6816
30.048
29.455
28.8971
28.3685
27.8639
27.3781
26.906
26.443
25.9847
25.5271
25.0666
24.6003
24.1256
23.6404
23.1434
22.6336
22.1105
21.5742
21.0251
20.4641
19.8924
19.3115
18.723
18.1288
17.5309
16.9312
16.3318
15.7346
15.1417
14.5548
13.976
13.4068
12.8504
12.3823
11.9786
11.5638
11.1398
10.7097
10.2713
9.86594
9.35462
9.23395
8.06579
9.76601
4.82029
14.3923
47.0003
46.4849
45.9984
45.5489
45.1101
44.721
44.4093
44.1469
43.8389
43.3555
42.6131
41.6066
40.3422
38.8186
37.0534
35.0789
32.9299
30.6382
28.2334
25.7435
23.1946
20.6119
18.0175
15.4313
12.871
10.3522
7.88988
5.4973
3.18609
0.965159
-1.1582
-3.17774
-5.08891
-6.88727
-8.569
-10.1311
-11.5709
-12.8862
-14.0756
-15.1379
-16.0731
-16.8818
-17.5656
-18.1265
-18.568
-18.8942
-19.11
-19.2208
-19.233
-19.1534
-18.989
-18.7474
-18.436
-18.0625
-17.6342
-17.1586
-16.6426
-16.0927
-15.5151
-14.9157
-14.2995
-13.6712
-13.0351
-12.3949
-11.754
-11.1147
-10.4807
-9.93466
-9.44508
-8.95162
-8.40917
-7.91977
-7.26345
-6.92023
-5.91225
-6.1826
-4.05569
-6.27271
-1.02566
-8.35235
47.3217
47.5268
47.9112
48.2549
48.5276
48.7025
48.7692
48.7213
48.5562
48.2827
47.9013
47.4191
46.8428
46.18
45.4402
44.6331
43.7691
42.8591
41.9146
40.9467
39.9664
38.9836
38.0078
37.0477
36.1103
35.2016
34.3263
33.4879
32.6885
31.9291
31.2099
30.5301
29.8879
29.2814
28.708
28.1645
27.6479
27.1546
26.681
26.2235
25.7784
25.3422
24.9113
24.4824
24.0526
23.6189
23.1791
22.731
22.273
21.8039
21.3229
20.8297
20.3242
19.807
19.2788
18.7406
18.1938
17.64
17.0807
16.5179
15.9534
15.389
14.8268
14.2686
13.7165
13.1719
12.6382
12.1883
11.7997
11.3998
10.99
10.5742
10.1488
9.75832
9.25717
9.1508
8.00433
9.6543
4.90764
14.053
29.2661
28.9703
28.6457
28.312
27.9327
27.4865
26.9702
26.3834
25.7273
25.0073
24.2367
23.4475
22.6682
21.8984
21.1224
20.32
19.4728
18.5665
17.59
16.5354
15.3979
14.1764
12.8732
11.4936
10.0458
8.53997
6.98765
5.40074
3.79257
2.17665
0.566513
-1.02433
-2.58361
-4.09955
-5.56132
-6.95933
-8.28495
-9.53064
-10.6898
-11.757
-12.7277
-13.5988
-14.368
-15.0337
-15.596
-16.0557
-16.4147
-16.6756
-16.8421
-16.9186
-16.9101
-16.8221
-16.6608
-16.4322
-16.1429
-15.7992
-15.4078
-14.9747
-14.5059
-14.0072
-13.4839
-12.941
-12.383
-11.8138
-11.2376
-10.6568
-10.0754
-9.57144
-9.11682
-8.65834
-8.14824
-7.6905
-7.06653
-6.74351
-5.785
-6.03067
-4.03057
-6.08408
-1.17349
-8.06102
29.4216
29.5109
29.5968
29.6731
29.7685
29.8844
30.023
30.1794
30.3513
30.5333
30.7182
30.9006
31.0732
31.2298
31.3642
31.4702
31.5426
31.5769
31.5695
31.518
31.4211
31.2788
31.0919
30.8631
30.5954
30.2928
29.96
29.6021
29.224
28.8309
28.4275
28.0181
27.6063
27.1952
26.7871
26.3834
25.9852
25.5928
25.2058
24.8234
24.4446
24.0678
23.6913
23.3134
22.9322
22.5458
22.1524
21.7506
21.3389
20.9162
20.4818
20.0353
19.5764
19.1054
18.6228
18.1294
17.6262
17.1145
16.5958
16.0717
15.5439
15.0143
14.4847
13.9571
13.4335
12.9152
12.4061
11.9759
11.6038
11.2203
10.8263
10.4263
10.0157
9.63969
9.1553
9.04854
7.96025
9.49148
5.04626
13.6629
27.8502
27.6608
27.4545
27.2397
27.0027
26.7251
26.3889
25.976
25.465
24.8351
24.0761
23.2023
22.2558
21.2718
20.263
19.2331
18.1847
17.1212
16.0451
14.9573
13.8568
12.7419
11.6101
10.4592
9.28742
8.09326
6.87649
5.63758
4.3789
3.10389
1.81753
0.526308
-0.762593
-2.041
-3.30008
-4.53091
-5.72449
-6.87217
-7.96563
-8.99724
-9.96022
-10.8488
-11.6579
-12.3835
-13.0228
-13.5741
-14.0364
-14.41
-14.6963
-14.8972
-15.0159
-15.0559
-15.0217
-14.9179
-14.75
-14.5233
-14.2434
-13.9161
-13.5469
-13.1414
-12.7046
-12.2417
-11.7573
-11.2556
-10.741
-10.2164
-9.6856
-9.22203
-8.8002
-8.37421
-7.89448
-7.46673
-6.87255
-6.57158
-5.65286
-5.89205
-3.97839
-5.94143
-1.2347
-7.87213
27.9799
28.0717
28.1376
28.1811
28.2078
28.2176
28.2124
28.1923
28.16
28.1162
28.0631
28.0025
27.9358
27.8649
27.7906
27.714
27.6356
27.5552
27.4723
27.3861
27.2951
27.1978
27.0923
26.9767
26.8494
26.7086
26.5531
26.3821
26.1952
25.9925
25.7747
25.5427
25.2978
25.0416
24.7754
24.501
24.2196
23.9323
23.6399
23.3428
23.0413
22.7352
22.4238
22.1066
21.7826
21.4508
21.1101
20.7595
20.3981
20.0249
19.6393
19.2409
18.8295
18.4052
17.9684
17.5196
17.0598
16.5899
16.1114
15.6257
15.1343
14.6391
14.1419
13.6446
13.1492
12.6571
12.1721
11.7611
11.4049
11.037
10.6583
10.2735
9.8773
9.51527
9.04581
8.94334
7.89463
9.3624
5.08713
13.4132
23.601
23.3953
23.1849
22.983
22.7822
22.5759
22.3559
22.1139
21.842
21.5288
21.1592
20.7181
20.202
19.6208
18.9821
18.2879
17.5393
16.7375
15.885
14.9854
14.0425
13.0605
12.0435
10.9958
9.92173
8.82512
7.70982
6.57928
5.4371
4.28659
3.13115
1.9747
0.821186
-0.324899
-1.45845
-2.574
-3.66559
-4.72696
-5.75159
-6.73299
-7.66486
-8.54126
-9.35663
-10.106
-10.7852
-11.3909
-11.9204
-12.3724
-12.7461
-13.0417
-13.2604
-13.4041
-13.4755
-13.4778
-13.4151
-13.2916
-13.1119
-12.8809
-12.6036
-12.285
-11.9301
-11.5435
-11.1301
-10.694
-10.2396
-9.77031
-9.28981
-8.86627
-8.47706
-8.08343
-7.63414
-7.23673
-6.67156
-6.39551
-5.51063
-5.75644
-3.90489
-5.81941
-1.24944
-7.73223
23.7488
23.862
23.9761
24.086
24.1928
24.2959
24.3941
24.4856
24.5693
24.6434
24.7068
24.7582
24.7967
24.8216
24.8324
24.8288
24.8111
24.7796
24.7349
24.6779
24.6095
24.5307
24.4427
24.3462
24.2421
24.1309
24.0131
23.8887
23.7577
23.6199
23.475
23.3227
23.1627
22.9946
22.8183
22.6337
22.4407
22.2394
22.0297
21.8116
21.5852
21.3502
21.1064
20.8532
20.5904
20.3171
20.0328
19.7368
19.4284
19.107
18.7721
18.4233
18.0605
17.6838
17.2934
16.8899
16.4738
16.0463
15.6085
15.1617
14.7074
14.2473
13.7832
13.3168
12.8503
12.3851
11.925
11.5336
11.1935
10.8417
10.4787
10.1094
9.72808
9.38016
8.92563
8.83014
7.81182
9.24219
5.0763
13.2085
18.953
18.7749
18.5894
18.4101
18.2299
18.0459
17.8556
17.6531
17.4324
17.1885
16.9152
16.6047
16.2505
15.8535
15.4207
14.956
14.4603
13.9329
13.3716
12.7737
12.1378
11.4628
10.7482
9.9942
9.20173
8.3725
7.50898
6.6142
5.69186
4.74599
3.78094
2.80154
1.81257
0.819044
-0.173793
-1.16068
-2.13615
-3.0947
-4.03059
-4.93815
-5.81168
-6.64562
-7.43456
-8.17334
-8.85737
-9.48245
-10.045
-10.5423
-10.9722
-11.3334
-11.6255
-11.8487
-12.0043
-12.094
-12.1202
-12.0861
-11.995
-11.8509
-11.6579
-11.4204
-11.1428
-10.8294
-10.4848
-10.1129
-9.71817
-9.30415
-8.87427
-8.49135
-8.13568
-7.77543
-7.35798
-6.99192
-6.45744
-6.20707
-5.35817
-5.61028
-3.82424
-5.68608
-1.26187
-7.57536
19.0756
19.1685
19.2663
19.364
19.465
19.5692
19.6764
19.7864
19.8988
20.0131
20.1287
20.2448
20.3605
20.4748
20.5865
20.6944
20.7972
20.8935
20.982
21.0616
21.131
21.1894
21.236
21.2702
21.2919
21.3008
21.2971
21.2809
21.2528
21.213
21.1621
21.1003
21.028
20.9454
20.8527
20.75
20.6372
20.5142
20.3809
20.237
20.0825
19.9169
19.74
19.5514
19.3507
19.1374
18.9111
18.6713
18.4174
18.1492
17.8662
17.5681
17.255
16.9267
16.5836
16.226
15.8547
15.4704
15.0742
14.6673
14.2512
13.8274
13.3975
12.9635
12.5272
12.0903
11.6566
11.286
10.9632
10.6285
10.2824
9.92964
9.56435
9.2312
8.79355
8.70369
7.72042
9.10418
5.06219
12.9758
15.8212
15.6746
15.5189
15.3658
15.2098
15.0499
14.8864
14.7167
14.5356
14.3379
14.1188
13.8724
13.5919
13.2727
12.9169
12.5311
12.12
11.6858
11.2302
10.7525
10.2514
9.72599
9.1755
8.59906
7.99588
7.36544
6.70746
6.02206
5.30992
4.57216
3.8105
3.02735
2.22558
1.40867
0.58062
-0.254186
-1.09095
-1.92467
-2.75002
-3.56159
-4.35392
-5.12158
-5.85918
-6.56144
-7.22349
-7.84071
-8.40885
-8.9243
-9.38392
-9.78531
-10.1267
-10.4072
-10.6264
-10.7848
-10.8835
-10.9242
-10.9093
-10.8414
-10.7239
-10.5602
-10.354
-10.1093
-9.83003
-9.51999
-9.1832
-8.82344
-8.44375
-8.1015
-7.77971
-7.45321
-7.06841
-6.73412
-6.23184
-6.00688
-5.197
-5.45269
-3.73863
-5.53927
-1.27306
-7.39847
15.9268
16.0132
16.1043
16.196
16.291
16.3882
16.488
16.5901
16.6945
16.8011
16.9099
17.0206
17.1331
17.2472
17.3626
17.4792
17.5964
17.7136
17.8304
17.9461
18.0597
18.1704
18.277
18.3787
18.4742
18.5625
18.6425
18.7133
18.774
18.8238
18.8622
18.8888
18.9031
18.9052
18.8947
18.8717
18.8361
18.7879
18.7271
18.6534
18.5669
18.4673
18.3544
18.2279
18.0874
17.9327
17.7633
17.579
17.3793
17.1638
16.9325
16.685
16.4213
16.1413
15.8455
15.534
15.2075
14.8667
14.5126
14.1461
13.7688
13.382
12.9873
12.5865
12.1816
11.774
11.3677
11.019
10.7145
10.3979
10.0696
9.73427
9.38611
9.06823
8.64935
8.5632
7.62095
8.94696
5.04582
12.7211
13.6172
13.4932
13.3598
13.2267
13.0904
12.9501
12.8075
12.6626
12.513
12.355
12.1845
11.9975
11.7889
11.5527
11.2842
10.9837
10.6557
10.3035
9.92893
9.53379
9.11815
8.68105
8.22203
7.74107
7.23815
6.71331
6.16662
5.59831
5.00879
4.39856
3.7684
3.1194
2.45291
1.77068
1.07494
0.368296
-0.346132
-1.06484
-1.78388
-2.49896
-3.20555
-3.89893
-4.57423
-5.2265
-5.85096
-6.44295
-6.998
-7.51205
-7.98139
-8.40288
-8.77387
-9.09235
-9.35698
-9.56697
-9.72232
-9.82358
-9.87192
-9.86908
-9.81725
-9.71905
-9.57746
-9.39567
-9.17712
-8.92528
-8.64374
-8.33622
-8.00535
-7.70303
-7.41471
-7.12153
-6.76947
-6.46671
-5.99735
-5.7974
-5.02793
-5.28651
-3.64544
-5.38561
-1.27328
-7.21731
13.7104
13.7912
13.8771
13.9648
14.0559
14.1496
14.2462
14.3454
14.4472
14.5513
14.6578
14.7663
14.8767
14.9887
15.1022
15.2168
15.3322
15.4482
15.5646
15.6809
15.7969
15.9121
16.0261
16.1384
16.2484
16.3556
16.4592
16.5585
16.6527
16.7408
16.8221
16.8955
16.9603
17.0157
17.0608
17.095
17.1177
17.1283
17.1264
17.1114
17.0832
17.0411
16.985
16.9145
16.8291
16.7285
16.6124
16.4804
16.3321
16.1673
15.9857
15.7871
15.5714
15.3387
15.0891
14.8229
14.5405
14.2427
13.9303
13.6042
13.2656
12.9159
12.5567
12.1896
11.8165
11.4389
11.0608
10.7347
10.449
10.1511
9.84122
9.52395
9.19368
8.89136
8.49263
8.40891
7.51094
8.77573
5.01625
12.4633
11.8026
11.6974
11.5839
11.469
11.3498
11.226
11.0995
10.9711
10.8406
10.7067
10.5664
10.4164
10.2537
10.0742
9.87307
9.64621
9.39308
9.11659
8.81915
8.50229
8.16757
7.81496
7.44324
7.05161
6.63975
6.20751
5.75484
5.28179
4.78872
4.27608
3.74454
3.19505
2.6287
2.04683
1.45109
0.843356
0.22583
-0.398965
-1.02818
-1.65862
-2.28685
-2.90911
-3.52143
-4.11962
-4.69944
-5.25661
-5.78689
-6.28623
-6.75076
-7.17698
-7.56178
-7.90245
-8.1969
-8.44349
-8.64126
-8.7898
-8.88927
-8.94043
-8.94453
-8.9033
-8.81891
-8.69385
-8.53091
-8.3331
-8.10349
-7.84566
-7.5617
-7.29808
-7.04248
-6.78194
-6.46238
-6.1907
-5.75461
-5.5793
-4.85084
-5.11259
-3.54333
-5.22695
-1.26043
-7.03644
11.8834
11.9552
12.0322
12.1112
12.1937
12.2791
12.3678
12.4596
12.5546
12.6527
12.7538
12.8579
12.9648
13.0744
13.1865
13.3009
13.4174
13.5356
13.6552
13.7759
13.8973
14.019
14.1406
14.2615
14.3814
14.4997
14.616
14.7296
14.84
14.9467
15.0489
15.146
15.2373
15.3219
15.3992
15.4683
15.5285
15.5788
15.6186
15.647
15.6635
15.6672
15.6576
15.6341
15.596
15.5429
15.4742
15.3895
15.2883
15.1704
15.0353
14.8827
14.7127
14.525
14.3198
14.0973
13.8578
13.6019
13.3303
13.0439
12.7437
12.4309
12.1071
11.7738
11.4328
11.0856
10.736
10.433
10.1665
9.88774
9.5969
9.29817
8.98646
8.69995
8.3225
8.24041
7.38875
8.59177
4.971
12.2045
10.2869
10.1976
10.1014
10.0038
9.90126
9.79287
9.68063
9.56596
9.44932
9.33067
9.20908
9.08235
8.94775
8.8027
8.644
8.46754
8.26963
8.04943
7.80906
7.55066
7.27572
6.98582
6.68122
6.36081
6.02367
5.66935
5.29756
4.90806
4.50072
4.07554
3.63271
3.17269
2.69607
2.2037
1.69675
1.17657
0.644826
0.103458
-0.445311
-0.998976
-1.55478
-2.10971
-2.66052
-3.20371
-3.73566
-4.25263
-4.75078
-5.22633
-5.67556
-6.09491
-6.48112
-6.83114
-7.14239
-7.41268
-7.64032
-7.82413
-7.96346
-8.05822
-8.10879
-8.11609
-8.0815
-8.00676
-7.89401
-7.74569
-7.56433
-7.35326
-7.11396
-6.88753
-6.66368
-6.4349
-6.14745
-5.90625
-5.5036
-5.35251
-4.66552
-4.93053
-3.43233
-5.06209
-1.23678
-6.85328
10.3568
10.4203
10.4882
10.5582
10.6314
10.7076
10.7869
10.8693
10.9549
11.0437
11.1357
11.2309
11.3294
11.431
11.5357
11.6434
11.7541
11.8675
11.9835
12.1019
12.2223
12.3446
12.4683
12.593
12.7184
12.8439
12.9689
13.0931
13.2157
13.3361
13.4538
13.568
13.6781
13.7833
13.883
13.9763
14.0626
14.141
14.2107
14.271
14.3209
14.3597
14.3867
14.401
14.4018
14.3886
14.3605
14.317
14.2575
14.1816
14.0887
13.9784
13.8506
13.7051
13.5418
13.3607
13.1622
12.9466
12.7146
12.4667
12.2041
11.9277
11.639
11.3393
11.0304
10.7137
10.3931
10.1134
9.86642
9.60724
9.33586
9.05614
8.76356
8.49316
8.138
8.05703
7.25351
8.39397
4.91216
11.9394
9.04453
8.96819
8.88609
8.80269
8.71537
8.6222
8.5239
8.42198
8.31748
8.21092
8.10249
7.99157
7.87649
7.755
7.6249
7.48348
7.32717
7.15258
6.95851
6.74641
6.5182
6.27531
6.01932
5.75077
5.4688
5.17253
4.86156
4.53565
4.19465
3.83839
3.46681
3.08005
2.67829
2.26193
1.83161
1.38813
0.932557
0.46619
-0.00935847
-0.492237
-0.98033
-1.47127
-1.96243
-2.4509
-2.93367
-3.40749
-3.86898
-4.31476
-4.74133
-5.14533
-5.5235
-5.87271
-6.19013
-6.47324
-6.71988
-6.92832
-7.09727
-7.22593
-7.31398
-7.36158
-7.36938
-7.33842
-7.27016
-7.16648
-7.0293
-6.86164
-6.66436
-6.47328
-6.27994
-6.08176
-5.82572
-5.61419
-5.24485
-5.11738
-4.47214
-4.74023
-3.31274
-4.89023
-1.20377
-6.66561
9.10542
9.16163
9.22163
9.28372
9.34877
9.41656
9.48728
9.56095
9.63764
9.71739
9.80026
9.88629
9.97548
10.0679
10.1634
10.2621
10.3639
10.4688
10.5767
10.6874
10.8008
10.9167
11.035
11.1554
11.2776
11.4012
11.5259
11.6513
11.7768
11.9019
12.0261
12.1487
12.2691
12.3864
12.5001
12.6094
12.7134
12.8113
12.9024
12.9857
13.0605
13.1258
13.1809
13.2248
13.2568
13.2759
13.2816
13.2728
13.2491
13.2097
13.154
13.0816
12.992
12.885
12.7603
12.6179
12.4578
12.2804
12.0861
11.8753
11.649
11.408
11.1536
10.887
10.61
10.3237
10.032
9.77582
9.54865
9.30929
9.0577
8.79735
8.52437
8.27037
7.93834
7.85815
7.10451
8.18148
4.84091
11.6652
8.01281
7.94728
7.87685
7.80505
7.7299
7.65015
7.56574
7.47673
7.38383
7.28815
7.19045
7.09098
6.9894
6.8845
6.77446
6.65734
6.53086
6.39194
6.23744
6.06586
5.87806
5.67571
5.46012
5.23275
4.99437
4.74433
4.48174
4.20615
3.91743
3.61544
3.30006
2.9713
2.62922
2.27399
1.906
1.52571
1.13379
0.731114
0.318761
-0.101955
-0.529503
-0.962114
-1.39775
-1.83414
-2.2688
-2.69905
-3.12202
-3.53473
-3.93407
-4.31694
-4.68026
-5.02097
-5.33622
-5.62331
-5.87983
-6.1037
-6.29317
-6.44692
-6.56404
-6.64407
-6.68701
-6.69326
-6.66365
-6.5995
-6.50212
-6.37414
-6.21582
-6.05791
-5.89351
-5.72448
-5.49881
-5.31583
-4.97938
-4.8747
-4.2712
-4.54205
-3.18488
-4.71142
-1.1618
-6.4734
8.06592
8.1156
8.16851
8.22343
8.28103
8.34116
8.40401
8.4696
8.53802
8.60933
8.68361
8.7609
8.84125
8.92469
9.01126
9.10097
9.19381
9.28976
9.3888
9.49086
9.59587
9.70371
9.81426
9.92736
10.0428
10.1604
10.2798
10.4008
10.5229
10.6459
10.7692
10.8924
11.0149
11.136
11.2553
11.3718
11.485
11.594
11.6981
11.7963
11.8878
11.9717
12.0471
12.1131
12.1689
12.2134
12.246
12.2656
12.2715
12.2629
12.2392
12.1997
12.1438
12.0711
11.9813
11.8741
11.7496
11.6076
11.4486
11.273
11.0812
10.8742
10.653
10.4187
10.1728
9.91659
9.65349
9.42078
9.21339
8.99395
8.76231
8.52154
8.26848
8.0311
7.72282
7.64331
6.94104
7.95392
4.75728
11.3803
7.13804
7.08158
7.02093
6.95901
6.89409
6.8251
6.7524
6.67598
6.59523
6.51038
6.42255
6.33265
6.24106
6.14764
6.05156
5.95132
5.84524
5.7314
5.60717
5.46964
5.31713
5.15001
4.96969
4.77738
4.57445
4.36184
4.1391
3.90533
3.66005
3.4031
3.13436
2.85378
2.5613
2.25695
1.94094
1.61354
1.27518
0.926437
0.568075
0.201028
-0.173584
-0.554447
-0.940016
-1.32851
-1.71799
-2.10627
-2.49096
-2.86956
-3.23938
-3.59766
-3.94158
-4.26832
-4.5751
-4.85924
-5.11825
-5.34984
-5.55199
-5.72302
-5.86157
-5.96671
-6.03789
-6.07497
-6.07819
-6.04834
-5.98615
-5.89387
-5.77115
-5.64393
-5.50662
-5.36499
-5.16836
-5.01254
-4.70821
-4.62529
-4.06323
-4.3364
-3.04904
-4.52583
-1.1118
-6.27675
7.18437
7.22811
7.27463
7.32302
7.37383
7.42695
7.48254
7.54065
7.60137
7.66476
7.73093
7.79991
7.87177
7.94659
8.02439
8.10524
8.18915
8.27613
8.3662
8.45935
8.55553
8.6547
8.75678
8.86168
8.96925
9.07934
9.19176
9.30628
9.42264
9.54054
9.65961
9.77947
9.89969
10.0198
10.1392
10.2573
10.3736
10.4872
10.5975
10.7038
10.8051
10.9006
10.9894
11.0707
11.1435
11.2068
11.2598
11.3016
11.3312
11.3478
11.3506
11.3389
11.3119
11.2692
11.2101
11.1345
11.0419
10.9324
10.806
10.663
10.5037
10.3289
10.1393
9.936
9.72034
9.49333
9.25834
9.04877
8.86099
8.66135
8.44964
8.2285
7.99551
7.77492
7.4908
7.41203
6.76229
7.71089
4.6613
11.0833
6.38743
6.33862
6.28623
6.23267
6.17654
6.11684
6.05371
5.98746
5.91797
5.84457
5.76705
5.68627
5.60328
5.51864
5.43238
5.34395
5.25215
5.15548
5.05235
4.94053
4.81736
4.68098
4.53138
4.3697
4.19711
4.01489
3.82411
3.62451
3.41525
3.19579
2.96596
2.72572
2.47495
2.21361
1.94175
1.65949
1.36706
1.06484
0.753317
0.433157
0.105161
-0.2297
-0.570255
-0.915137
-1.2628
-1.61151
-1.95932
-2.30414
-2.64369
-2.97559
-3.29735
-3.6064
-3.90018
-4.17611
-4.43176
-4.66478
-4.87302
-5.05458
-5.20783
-5.33143
-5.42444
-5.48627
-5.51666
-5.51594
-5.48428
-5.42355
-5.33283
-5.23358
-5.12131
-5.00512
-4.83589
-4.70564
-4.43239
-4.36998
-3.84878
-4.12358
-2.9056
-4.33325
-1.05474
-6.07452
6.42786
6.46632
6.50719
6.54977
6.5945
6.64133
6.69038
6.74171
6.79542
6.85158
6.91027
6.97154
7.0355
7.1022
7.1717
7.24405
7.31931
7.39753
7.47872
7.56292
7.6501
7.74029
7.83344
7.9295
8.0284
8.13004
8.2343
8.34102
8.45001
8.56105
8.67385
8.78812
8.90352
9.01963
9.13603
9.25221
9.36763
9.48169
9.59377
9.70318
9.80916
9.91092
10.0077
10.0985
10.1826
10.259
10.3267
10.3849
10.4326
10.469
10.4931
10.5041
10.5013
10.4839
10.4514
10.4033
10.339
10.2585
10.1617
10.0485
9.91925
9.7744
9.6146
9.44072
9.2539
9.05506
8.84733
8.66035
8.49178
8.31166
8.11967
7.91806
7.70511
7.5014
7.24162
7.16383
6.56756
7.45159
4.55347
10.7707
5.73728
5.69498
5.64959
5.60315
5.5545
5.50278
5.44803
5.39034
5.32972
5.26618
5.1993
5.12856
5.0543
4.97757
4.89914
4.81926
4.73757
4.65313
4.56468
4.47085
4.36975
4.25892
4.13645
4.00195
3.85631
3.70065
3.53621
3.36411
3.1843
2.99601
2.79868
2.59216
2.37637
2.15123
1.91671
1.67282
1.41967
1.15747
0.886535
0.607295
0.320314
0.0262844
-0.273923
-0.579268
-0.888556
-1.20042
-1.51328
-1.82543
-2.13496
-2.43986
-2.73795
-3.02698
-3.30461
-3.5685
-3.8163
-4.04575
-4.25467
-4.44106
-4.60312
-4.73929
-4.8483
-4.92923
-4.98141
-5.00477
-4.99901
-4.96562
-4.90318
-4.82902
-4.73953
-4.64662
-4.50298
-4.39645
-4.15297
-4.10959
-3.62865
-3.90383
-2.75543
-4.13305
-0.992442
-5.86477
5.7726
5.8064
5.84229
5.87973
5.91908
5.96032
6.00355
6.04884
6.09627
6.14592
6.19786
6.25217
6.30892
6.36819
6.43003
6.49453
6.56174
6.6317
6.70448
6.7801
6.8586
6.93998
7.02427
7.11143
7.20144
7.29425
7.38978
7.48793
7.58859
7.6916
7.79674
7.9038
8.01252
8.12258
8.23363
8.34526
8.45704
8.56844
8.67893
8.7879
8.89472
8.99866
9.09899
9.19491
9.2856
9.3702
9.4478
9.5175
9.57839
9.62956
9.67008
9.69909
9.71576
9.7193
9.70901
9.68426
9.64456
9.5895
9.51884
9.43248
9.33051
9.21319
9.08099
8.93461
8.775
8.60294
8.42131
8.25612
8.10621
7.94512
7.77247
7.59009
7.39696
7.21014
6.97469
6.89824
6.35633
7.1749
4.43506
10.4376
5.16915
5.13239
5.09294
5.05255
5.01025
4.96531
4.91774
4.86759
4.8147
4.75903
4.70069
4.63951
4.57486
4.50659
4.43552
4.36261
4.28827
4.21236
4.13418
4.05269
3.96669
3.8746
3.7743
3.66389
3.54272
3.4114
3.27093
3.12245
2.96712
2.80495
2.63518
2.45725
2.27103
2.0765
1.87365
1.66242
1.44282
1.21493
0.978972
0.735216
0.484049
0.22596
-0.0384144
-0.30829
-0.582759
-0.86075
-1.14102
-1.42216
-1.70264
-1.98074
-2.25463
-2.52234
-2.78183
-3.03096
-3.2676
-3.48959
-3.69482
-3.88131
-4.04719
-4.19076
-4.31056
-4.40541
-4.47434
-4.51698
-4.53259
-4.52232
-4.48438
-4.43231
-4.36321
-4.29125
-4.17118
-4.08633
-3.87115
-3.84494
-3.40375
-3.67711
-2.59984
-3.92411
-0.926873
-5.64399
5.20004
5.22973
5.26124
5.29415
5.32876
5.36505
5.40312
5.44303
5.48486
5.52868
5.57457
5.62261
5.67285
5.72538
5.78026
5.83756
5.89737
5.95971
6.02466
6.09227
6.16258
6.23562
6.31142
6.38998
6.47131
6.55539
6.64217
6.73161
6.82363
6.91812
7.01494
7.11392
7.21489
7.31761
7.42178
7.5271
7.63321
7.7397
7.8461
7.95192
8.0566
8.15951
8.26002
8.35739
8.45089
8.53972
8.62305
8.70001
8.76972
8.83128
8.8838
8.92639
8.95818
8.97835
8.98611
8.98077
8.96172
8.92843
8.88054
8.8178
8.74012
8.64761
8.54057
8.41951
8.28517
8.13824
7.9813
7.83686
7.7048
7.56207
7.40813
7.24454
7.07083
6.90078
6.6894
6.61461
6.12833
6.87851
4.30873
10.0774
4.66555
4.63354
4.5992
4.56401
4.52716
4.48804
4.44663
4.40299
4.35695
4.30838
4.2572
4.20351
4.14734
4.0882
4.02554
3.95972
3.89181
3.82252
3.75186
3.67933
3.60405
3.52496
3.44069
3.34928
3.24889
3.13899
3.02026
2.89351
2.75958
2.61952
2.47348
2.32059
2.16015
1.99206
1.81644
1.63332
1.44265
1.24445
1.03881
0.825926
0.606062
0.379573
0.146922
-0.0913026
-0.334406
-0.581555
-0.831771
-1.08394
-1.33678
-1.58891
-1.83879
-2.08472
-2.32495
-2.55757
-2.78067
-2.9923
-3.19047
-3.37324
-3.53876
-3.68533
-3.81136
-3.9155
-3.99659
-4.05399
-4.08668
-4.09546
-4.07822
-4.0452
-3.99408
-3.94061
-3.84198
-3.7764
-3.58831
-3.57635
-3.17575
-3.44258
-2.44171
-3.70256
-0.862721
-5.40625
4.69259
4.71871
4.7464
4.77536
4.80581
4.83776
4.87129
4.90647
4.94336
4.98204
5.02256
5.06501
5.10945
5.15596
5.20459
5.25542
5.30852
5.36394
5.42175
5.48201
5.54476
5.61005
5.67792
5.74839
5.82148
5.8972
5.97554
6.05646
6.13994
6.2259
6.31425
6.40488
6.49765
6.59239
6.68889
6.78689
6.88612
6.98625
7.08691
7.18768
7.28809
7.38762
7.48571
7.58173
7.67502
7.76488
7.85053
7.93119
8.00603
8.0742
8.13483
8.18706
8.23
8.26284
8.28475
8.29496
8.29282
8.27771
8.24911
8.20671
8.15027
8.0797
7.99518
7.89704
7.78583
7.6621
7.52814
7.40324
7.28811
7.16282
7.0268
6.88133
6.72647
6.57299
6.38533
6.31194
5.88428
6.55814
4.1816
9.67797
4.22508
4.19731
4.16751
4.13697
4.105
4.07108
4.0352
3.99739
3.95752
3.91546
3.87113
3.82459
3.77597
3.72522
3.67145
3.61268
3.54727
3.47551
3.3991
3.31994
3.23951
3.15921
3.0807
3.00538
2.93271
2.85948
2.78073
2.69107
2.58599
2.46448
2.33103
2.19206
2.0501
1.90389
1.7514
1.59171
1.42495
1.25146
1.07148
0.885056
0.692295
0.493383
0.288651
0.0785426
-0.136442
-0.355649
-0.578335
-0.803622
-1.03046
-1.25777
-1.48423
-1.70842
-1.92885
-2.14389
-2.35184
-2.55093
-2.73936
-2.91532
-3.07702
-3.22281
-3.35107
-3.46038
-3.54943
-3.61738
-3.663
-3.68688
-3.68662
-3.66952
-3.63394
-3.59624
-3.51712
-3.46765
-3.30624
-3.3037
-2.94711
-3.19802
-2.28507
-3.46452
-0.807072
-5.14533
4.24864
4.27143
4.29559
4.32087
4.34746
4.37538
4.40469
4.43546
4.46775
4.50163
4.53715
4.57438
4.61338
4.65424
4.69701
4.74175
4.78854
4.83743
4.88849
4.94178
4.99735
5.05526
5.11555
5.17826
5.24342
5.31106
5.38116
5.45372
5.52875
5.60624
5.68608
5.7682
5.85252
5.93895
6.02728
6.11731
6.20885
6.30168
6.39545
6.48983
6.58444
6.67883
6.77253
6.86503
6.95572
7.04402
7.1292
7.21058
7.28741
7.35887
7.4242
7.48255
7.53302
7.57484
7.60723
7.62931
7.64043
7.63994
7.62717
7.60176
7.56339
7.51175
7.4469
7.36905
7.27857
7.17585
7.0629
6.95609
6.85672
6.74776
6.62867
6.50049
6.36363
6.22622
6.06205
5.98844
5.62602
6.20747
4.06297
9.23036
3.69606
3.6729
3.64799
3.62239
3.59562
3.56725
3.53723
3.50558
3.47222
3.43706
3.39994
3.36073
3.31931
3.2756
3.22983
3.18245
3.13344
3.08202
3.02749
2.97035
2.91167
2.85204
2.79093
2.72739
2.66048
2.58909
2.5115
2.42631
2.33415
2.23632
2.13242
2.02148
1.90396
1.78109
1.65319
1.51992
1.38091
1.236
1.08517
0.928512
0.766126
0.598135
0.424713
0.246138
0.062725
-0.12506
-0.316699
-0.51156
-0.708878
-0.907807
-1.10735
-1.30639
-1.50372
-1.698
-1.8878
-2.07158
-2.24777
-2.41472
-2.57078
-2.71434
-2.84378
-2.95764
-3.0545
-3.1333
-3.19267
-3.2327
-3.25122
-3.25136
-3.23379
-3.21262
-3.15754
-3.12291
-2.99735
-2.99704
-2.70327
-2.91876
-2.12904
-3.18983
-0.769736
-4.85346
3.71585
3.73506
3.7554
3.7767
3.79913
3.82268
3.84742
3.87343
3.90072
3.92938
3.95946
3.991
4.02408
4.05877
4.09512
4.13316
4.17301
4.2147
4.2583
4.30386
4.35143
4.40111
4.45292
4.50688
4.56308
4.62153
4.68226
4.74528
4.81062
4.87829
4.94824
5.02041
5.09481
5.17138
5.24996
5.33042
5.41265
5.4965
5.58172
5.66805
5.75519
5.8428
5.93056
6.01803
6.1047
6.19012
6.27369
6.35475
6.43274
6.50688
6.57649
6.64082
6.699
6.75027
6.79392
6.82908
6.85495
6.87093
6.87627
6.87045
6.85302
6.8236
6.78205
6.72838
6.66273
6.58542
6.49796
6.41325
6.33329
6.24454
6.14652
6.03998
5.92582
5.80879
5.67561
5.59987
5.32904
5.77784
3.95749
8.68206
3.14933
3.13104
3.11136
3.09111
3.06995
3.04752
3.0238
2.99878
2.97244
2.94466
2.91535
2.88435
2.85164
2.81727
2.78156
2.74513
2.70873
2.67287
2.63704
2.59963
2.5589
2.51397
2.46453
2.41017
2.35023
2.2846
2.21417
2.14012
2.0633
1.98423
1.90273
1.81719
1.72558
1.62755
1.52439
1.41707
1.30544
1.18901
1.06749
0.940837
0.809095
0.672366
0.530702
0.384238
0.233155
0.0776972
-0.0817816
-0.244888
-0.411108
-0.579832
-0.750359
-0.921901
-1.0935
-1.26413
-1.43267
-1.59786
-1.75836
-1.91277
-2.05961
-2.1974
-2.32461
-2.43979
-2.54148
-2.6285
-2.69933
-2.75375
-2.7895
-2.80657
-2.80586
-2.80254
-2.76912
-2.75464
-2.65734
-2.67521
-2.42163
-2.64297
-1.91925
-2.95237
-0.656897
-4.66822
3.1651
3.1805
3.19679
3.21387
3.23187
3.25077
3.27066
3.29157
3.31354
3.33664
3.3609
3.38637
3.4131
3.44119
3.47063
3.5015
3.53389
3.56781
3.60337
3.64057
3.67949
3.72022
3.76279
3.80721
3.85358
3.90194
3.95235
4.00481
4.05935
4.11601
4.17481
4.2357
4.29874
4.36389
4.43108
4.50023
4.57131
4.6442
4.71874
4.79479
4.87214
4.95056
5.02982
5.10956
5.18948
5.26919
5.34822
5.42604
5.50221
5.57609
5.64707
5.71455
5.77773
5.83594
5.88846
5.93453
5.97335
6.00424
6.02645
6.03936
6.04245
6.03523
6.01738
5.98869
5.94913
5.89884
5.83901
5.77851
5.71999
5.65386
5.57961
5.49783
5.40957
5.31791
5.21701
5.15427
4.95341
5.35228
3.70301
8.32924
2.68679
2.67214
2.6564
2.64019
2.62324
2.60528
2.58626
2.56621
2.5451
2.52284
2.49936
2.47457
2.44844
2.42089
2.3918
2.36116
2.32889
2.29504
2.25976
2.22315
2.18482
2.14387
2.09978
2.05307
2.00482
1.95584
1.90605
1.85484
1.80124
1.74367
1.68078
1.61246
1.5393
1.46143
1.37865
1.29135
1.20027
1.10557
1.00692
0.903997
0.796682
0.685016
0.569036
0.448836
0.324496
0.196145
0.0639965
-0.0717049
-0.210606
-0.352304
-0.496294
-0.642018
-0.788767
-0.93577
-1.08216
-1.22694
-1.36904
-1.50732
-1.64052
-1.76735
-1.88646
-1.99653
-2.09618
-2.18423
-2.25916
-2.32064
-2.36633
-2.39427
-2.40516
-2.41459
-2.39746
-2.39873
-2.32402
-2.35805
-2.13705
-2.36844
-1.69707
-2.72111
-0.521929
-4.49424
2.69952
2.712
2.72519
2.73904
2.75362
2.76897
2.78511
2.80207
2.81993
2.83871
2.85842
2.87913
2.9009
2.92377
2.94776
2.97295
2.99938
3.02711
3.05619
3.08666
3.11854
3.15194
3.18689
3.22344
3.26165
3.30154
3.34318
3.38661
3.43185
3.47894
3.52792
3.57877
3.63155
3.68626
3.74285
3.8013
3.86161
3.92367
3.98743
4.05279
4.11962
4.18778
4.25707
4.32725
4.39814
4.46943
4.54075
4.61174
4.68201
4.75112
4.8185
4.88368
4.94605
5.00496
5.05983
5.10994
5.1546
5.19317
5.2249
5.24921
5.26554
5.27332
5.27214
5.26171
5.24184
5.21256
5.17478
5.13412
5.09349
5.04656
4.99285
4.93291
4.8678
4.79973
4.72817
4.68078
4.5423
4.91407
3.40614
7.98321
2.2652
2.25343
2.2408
2.22777
2.21414
2.1997
2.18442
2.1683
2.15133
2.13343
2.11454
2.09462
2.07362
2.05147
2.0281
2.00346
1.97749
1.95012
1.92133
1.89116
1.85977
1.82724
1.79318
1.7568
1.71761
1.67616
1.63352
1.59033
1.54646
1.50114
1.4532
1.40129
1.34468
1.28365
1.21856
1.14921
1.07562
0.998482
0.918308
0.834972
0.748112
0.657529
0.56319
0.465171
0.363549
0.258403
0.149852
0.0380426
-0.0767917
-0.194386
-0.314368
-0.436356
-0.559831
-0.684208
-0.808849
-0.932972
-1.05574
-1.17625
-1.29348
-1.40635
-1.51371
-1.61443
-1.70728
-1.79119
-1.86473
-1.92753
-1.97733
-2.01105
-2.02908
-2.04671
-2.04131
-2.05378
-1.99747
-2.04324
-1.85208
-2.0885
-1.47039
-2.47715
-0.383357
-4.28443
2.27548
2.28555
2.29623
2.30742
2.31922
2.33166
2.34473
2.35847
2.37294
2.38816
2.40416
2.42097
2.43866
2.45724
2.47675
2.49726
2.51879
2.54138
2.5651
2.58996
2.61602
2.64334
2.67195
2.70192
2.73327
2.76605
2.8003
2.83608
2.87341
2.91233
2.95289
2.99508
3.03896
3.08452
3.13175
3.18067
3.23127
3.2835
3.33732
3.39269
3.44951
3.50768
3.56708
3.62756
3.68896
3.75108
3.81363
3.87636
3.93894
4.00106
4.06228
4.12219
4.18035
4.2362
4.28925
4.33892
4.38457
4.42569
4.4616
4.49174
4.51558
4.53258
4.5423
4.54443
4.53868
4.52502
4.50412
4.47913
4.45293
4.42181
4.38534
4.34408
4.29909
4.25228
4.20693
4.17499
4.09463
4.44016
3.0848
7.54537
1.87164
1.86237
1.85242
1.84216
1.83141
1.82003
1.808
1.7953
1.78193
1.76783
1.75296
1.73727
1.72073
1.70328
1.68488
1.66548
1.64504
1.62347
1.60075
1.57683
1.55169
1.52538
1.49805
1.46972
1.43991
1.40787
1.37325
1.33669
1.29928
1.26156
1.22326
1.18357
1.14129
1.09537
1.04552
0.992021
0.934895
0.874037
0.809887
0.74312
0.673874
0.601854
0.526759
0.4485
0.367116
0.282687
0.195294
0.10502
0.0120027
-0.0835762
-0.181475
-0.281407
-0.383016
-0.485868
-0.589482
-0.693278
-0.796607
-0.898754
-0.998918
-1.09623
-1.18975
-1.27852
-1.36149
-1.43776
-1.50604
-1.56599
-1.61548
-1.65101
-1.67263
-1.69477
-1.69718
-1.71704
-1.6751
-1.72892
-1.56373
-1.80166
-1.23408
-2.21821
-0.233248
-4.04008
1.87976
1.88775
1.89621
1.90508
1.91444
1.92429
1.93467
1.94557
1.95705
1.96914
1.98186
1.99524
2.00931
2.02409
2.03964
2.05599
2.07316
2.09118
2.11011
2.12999
2.15086
2.17274
2.19567
2.21971
2.2449
2.27127
2.29885
2.3277
2.35785
2.38934
2.4222
2.45644
2.49212
2.52925
2.56781
2.60785
2.64937
2.69234
2.73676
2.78257
2.82974
2.87821
2.9279
2.9787
3.03049
3.08313
3.13646
3.19025
3.24425
3.29824
3.35188
3.40486
3.45684
3.50734
3.55601
3.60236
3.64587
3.68609
3.72246
3.75449
3.78171
3.80362
3.8198
3.82997
3.83384
3.83133
3.82291
3.80988
3.79498
3.77647
3.75404
3.72828
3.70017
3.67175
3.64861
3.63095
3.60152
3.92033
2.7158
7.02481
1.50993
1.50279
1.49511
1.48718
1.47888
1.4701
1.46081
1.451
1.44067
1.42977
1.41828
1.40615
1.39336
1.37987
1.36564
1.35065
1.33484
1.31815
1.30055
1.282
1.26245
1.24189
1.22032
1.19781
1.17447
1.15025
1.12463
1.09683
1.06675
1.03517
1.00312
0.970944
0.938197
0.904006
0.867288
0.827357
0.784208
0.737953
0.688517
0.636128
0.581441
0.524841
0.466159
0.405103
0.341528
0.275454
0.206958
0.136098
0.062938
-0.01242
-0.0898436
-0.16912
-0.250021
-0.332236
-0.41542
-0.499161
-0.582966
-0.666298
-0.748548
-0.829045
-0.907042
-0.981774
-1.05239
-1.11814
-1.17794
-1.23155
-1.27702
-1.31097
-1.33304
-1.3564
-1.36304
-1.38678
-1.35527
-1.4137
-1.27015
-1.50663
-0.983948
-1.94202
-0.0626669
-3.75734
1.51621
1.52237
1.52889
1.53574
1.54296
1.55056
1.55856
1.56697
1.57582
1.58515
1.59496
1.60528
1.61613
1.62754
1.63954
1.65216
1.66541
1.67933
1.69396
1.70932
1.72545
1.74237
1.76011
1.77872
1.79823
1.81867
1.84005
1.86244
1.88587
1.91036
1.93593
1.96262
1.99048
2.01951
2.0497
2.08111
2.11375
2.14759
2.18266
2.21894
2.25638
2.29498
2.33469
2.37542
2.41711
2.45966
2.50297
2.54688
2.59122
2.63581
2.68041
2.72479
2.7687
2.81177
2.85371
2.89418
2.93275
2.96903
3.00259
3.03306
3.05999
3.08299
3.10171
3.11586
3.12521
3.12969
3.12959
3.12504
3.11834
3.10919
3.0974
3.08363
3.06876
3.05516
3.04942
3.04335
3.05598
3.34723
2.28104
6.4204
1.132
1.12674
1.12108
1.11522
1.10909
1.10262
1.09577
1.08855
1.08095
1.07292
1.06447
1.05555
1.04614
1.03623
1.02579
1.01479
1.00318
0.990953
0.978064
0.964484
0.950165
0.935082
0.919218
0.902571
0.885178
0.867116
0.848476
0.829105
0.808379
0.78566
0.76111
0.735693
0.710277
0.685009
0.659379
0.632539
0.603699
0.572498
0.538879
0.502686
0.463926
0.423082
0.380605
0.33639
0.290074
0.24147
0.190634
0.137727
0.0828982
0.0262495
-0.0321199
-0.0920691
-0.153417
-0.21594
-0.27938
-0.343437
-0.40776
-0.471952
-0.535575
-0.598148
-0.659114
-0.717908
-0.773882
-0.826501
-0.874873
-0.91888
-0.956855
-0.986038
-1.00559
-1.02708
-1.03456
-1.05875
-1.03382
-1.09335
-0.966922
-1.19833
-0.715435
-1.63899
0.130973
-3.39486
1.13666
1.14124
1.14609
1.15119
1.15656
1.16223
1.16821
1.17449
1.18112
1.18809
1.19543
1.20317
1.21131
1.21988
1.22891
1.23841
1.24839
1.25889
1.26994
1.28154
1.29373
1.30654
1.32
1.33412
1.34893
1.36447
1.38074
1.39779
1.41565
1.43433
1.45386
1.47425
1.49554
1.51774
1.54085
1.56492
1.58994
1.6159
1.64281
1.67068
1.69948
1.72918
1.75977
1.79118
1.82339
1.85631
1.88988
1.924
1.95855
1.9934
2.02838
2.06336
2.09812
2.13243
2.16609
2.19882
2.23034
2.26035
2.28854
2.31462
2.33825
2.35911
2.37699
2.3916
2.40276
2.41046
2.41488
2.41541
2.41406
2.41121
2.4068
2.40149
2.3959
2.39266
2.39803
2.39766
2.43986
2.701
1.74946
5.67245
0.828214
0.824619
0.820764
0.816781
0.812612
0.808191
0.803512
0.798583
0.793382
0.787875
0.782071
0.775948
0.769477
0.762654
0.755459
0.747853
0.739823
0.731358
0.722425
0.712992
0.70304
0.692541
0.681457
0.66977
0.657483
0.644608
0.631195
0.617341
0.603072
0.588055
0.571569
0.553197
0.533447
0.513337
0.493373
0.473207
0.452009
0.428943
0.403674
0.376398
0.347295
0.316384
0.284182
0.251431
0.218328
0.184519
0.149564
0.11326
0.075622
0.0367357
-0.00331743
-0.0444701
-0.0866369
-0.1297
-0.173503
-0.217864
-0.26255
-0.307296
-0.351805
-0.395757
-0.438761
-0.480437
-0.52033
-0.558097
-0.593058
-0.625235
-0.653258
-0.675424
-0.690236
-0.707441
-0.712997
-0.734867
-0.713067
-0.77084
-0.65685
-0.879841
-0.43141
-1.30539
0.34045
-2.90393
0.83135
0.834384
0.83761
0.840987
0.844542
0.848279
0.852205
0.856337
0.86069
0.865261
0.870057
0.875094
0.880395
0.885968
0.891819
0.897953
0.904396
0.911173
0.91828
0.925731
0.933541
0.941739
0.95035
0.959364
0.968806
0.978701
0.989068
0.999919
1.01128
1.02316
1.03559
1.04858
1.06215
1.07631
1.09107
1.10648
1.12254
1.13924
1.15659
1.17463
1.19332
1.21266
1.23264
1.25326
1.27449
1.29627
1.31858
1.34136
1.36454
1.38803
1.41173
1.43555
1.45933
1.48295
1.50628
1.52909
1.5512
1.57245
1.59259
1.61146
1.6288
1.6444
1.65814
1.6698
1.67928
1.68659
1.69185
1.69455
1.69551
1.6955
1.69464
1.69358
1.69277
1.69537
1.70666
1.70723
1.7654
1.99434
1.13368
4.71577
0.341699
0.339317
0.336742
0.334069
0.331271
0.328309
0.325176
0.32187
0.318379
0.314686
0.310788
0.306673
0.302316
0.297706
0.292839
0.287685
0.282219
0.276431
0.270294
0.263779
0.256862
0.249511
0.241686
0.233346
0.224454
0.214979
0.204879
0.194086
0.18244
0.169755
0.155879
0.140699
0.124777
0.110522
0.102414
0.105182
0.121126
0.148614
0.182138
0.213659
0.235166
0.241383
0.231416
0.208832
0.179914
0.150187
0.122048
0.0953603
0.0692332
0.0431258
0.0169686
-0.0091214
-0.0350668
-0.0608475
-0.0864545
-0.111865
-0.137027
-0.16187
-0.186298
-0.210207
-0.233446
-0.255865
-0.277257
-0.297507
-0.316194
-0.333515
-0.348395
-0.360572
-0.368065
-0.378353
-0.379194
-0.395797
-0.374447
-0.425832
-0.324981
-0.523366
-0.135758
-0.874276
0.485218
-2.03262
0.343831
0.345959
0.348225
0.350605
0.353121
0.35577
0.358553
0.361499
0.364616
0.367897
0.371345
0.374977
0.378813
0.382853
0.3871
0.391566
0.396269
0.401226
0.406422
0.411878
0.417616
0.423638
0.429952
0.436562
0.443484
0.450724
0.458295
0.466196
0.474435
0.483029
0.491968
0.501266
0.510912
0.520906
0.531253
0.541953
0.553006
0.564385
0.576102
0.588143
0.600478
0.613101
0.626012
0.639182
0.652579
0.666195
0.679981
0.693911
0.707949
0.722039
0.736152
0.750217
0.764186
0.777989
0.791572
0.804847
0.81773
0.830174
0.842042
0.853237
0.863634
0.87313
0.881661
0.889064
0.895314
0.90043
0.904511
0.906927
0.908742
0.910506
0.912361
0.914496
0.916224
0.919278
0.926387
0.912454
0.950743
1.13791
0.36816
3.23058
0.302907
0.302873
0.302864
0.302858
0.302841
0.302819
0.302793
0.302761
0.302721
0.302681
0.302644
0.302609
0.302572
0.302538
0.30252
0.30252
0.302543
0.3026
0.3027
0.302863
0.303107
0.303457
0.303949
0.304605
0.305415
0.306316
0.307211
0.308159
0.309665
0.313067
0.320626
0.334746
0.35603
0.380859
0.400421
0.402863
0.377777
0.320692
0.235739
0.135971
0.0404408
-0.0320556
-0.0707371
-0.077544
-0.0647024
-0.0464082
-0.0314824
-0.0220296
-0.0165652
-0.0133316
-0.0115734
-0.0112426
-0.0123858
-0.0149064
-0.0185978
-0.0232518
-0.0286757
-0.0346932
-0.0411281
-0.0478251
-0.0546301
-0.0614223
-0.0680579
-0.0745081
-0.0805322
-0.0864245
-0.0915201
-0.0966808
-0.0989029
-0.103601
-0.101709
-0.112263
-0.0958671
-0.132104
-0.0639282
-0.193494
0.0461725
-0.37618
0.390558
-0.878379
0.302914
0.302879
0.302832
0.302763
0.30268
0.30258
0.30245
0.302298
0.302122
0.301916
0.301676
0.301398
0.301085
0.300731
0.300332
0.299883
0.299384
0.298837
0.298226
0.297556
0.296832
0.296041
0.295182
0.294258
0.293269
0.292211
0.291094
0.289911
0.288668
0.287376
0.286036
0.284659
0.283244
0.28181
0.280369
0.278929
0.277503
0.276105
0.274761
0.273476
0.272258
0.271127
0.270103
0.269191
0.268404
0.267759
0.267255
0.266903
0.266705
0.266671
0.266802
0.267073
0.267475
0.267965
0.268515
0.269067
0.269591
0.270073
0.27046
0.270743
0.270913
0.270977
0.270951
0.270832
0.27072
0.270575
0.270536
0.271868
0.27113
0.269067
0.265939
0.262484
0.25961
0.261175
0.271817
0.275222
0.309416
0.409822
0.00585875
1.35223
)
;

boundaryField
{
    inlet
    {
        type            freestreamPressure;
        freestreamValue uniform 0;
        value           nonuniform List<scalar> 
134
(
0.742668
0.0445534
-0.682834
-1.31232
-1.765
-2.03876
-2.08061
-1.88654
-1.46115
-0.682081
-0.125426
-0.202954
-0.33951
-0.468313
-0.598717
-0.735381
-0.879538
-1.03193
-1.1947
-1.37173
1.42528
-1.56836
-1.78733
-2.01849
-2.23579
-2.39288
-2.46918
-2.6039
-2.60732
-2.65882
-3.17464
-2.91866
-2.9296
-2.98656
-3.02891
-3.04998
-3.07038
-3.12302
-3.25494
-3.41481
2.06898
2.73277
3.29649
3.60859
3.55803
2.95268
1.59351
-3.76575
-3.68368
-3.55533
-3.47224
-3.41081
-3.34189
-3.26415
-3.18451
-3.10501
-3.02449
-2.94196
-2.85741
-2.77088
-2.68185
-2.58947
-2.49218
-2.38735
-2.27225
-2.1434
-2.06162
-1.98476
-1.89202
-1.78396
-1.65888
-1.49855
-1.28145
-0.896633
-0.387255
0.552189
1.2222
1.96429
2.69715
3.40918
4.08382
4.65609
5.09349
5.40652
5.60553
5.7175
5.77254
5.79688
5.81174
5.84812
5.9556
6.15323
6.36837
6.54483
6.68956
6.81492
6.92319
7.01051
7.07493
7.11765
7.14252
7.15855
7.18412
7.26566
7.47352
7.92326
8.11284
7.92179
7.70211
7.56147
7.44622
7.31512
7.17162
7.02638
6.88054
6.73121
6.57669
6.41624
6.24893
6.07289
5.88529
5.68249
5.45758
5.20554
4.89672
4.69826
4.50375
4.25755
3.96477
3.6247
3.20359
2.66448
1.82618
0.764985
)
;
    }
    outlet
    {
        type            freestreamPressure;
        freestreamValue uniform 0;
        value           nonuniform List<scalar> 
160
(
0.000904531
0.00090462
0.000904361
0.000904589
0.000904256
0.000904529
0.000904155
0.00090441
0.000904017
0.000904253
0.000903857
0.000904052
0.000903681
0.000903769
0.00090348
0.000903427
0.00090325
0.000903021
0.000903012
0.000902533
0.000902775
0.000901952
0.000902534
0.000901268
0.000902282
0.000900492
0.000902031
0.000899601
0.000901815
0.000898587
0.000901645
0.000897439
0.000901533
0.000896153
0.000901509
0.000894738
0.0009016
0.00089315
0.000901863
0.000891401
0.000902352
0.000889506
0.000903136
0.00088743
0.000904327
0.00088517
0.000906004
0.000882738
0.000908162
0.000880133
0.000910638
0.000877349
0.000913119
0.000874409
0.000915651
0.000871302
0.000919484
0.000868044
0.000928286
0.000864672
0.00094857
0.000861188
0.000987589
0.000857625
0.00104777
0.00085399
0.00111965
0.000850338
0.00117865
0.000846707
0.00119032
0.000843125
0.00112232
0.000839638
0.000958042
0.000836287
0.000706985
0.000833156
0.000408158
0.000830268
0.00012113
0.000827648
-9.55944e-05
0.000825365
-0.000209873
0.000823487
-0.000229052
0.000822036
-0.000190563
0.000821059
-0.0001365
0.00082062
-9.25773e-05
0.000820725
-6.47962e-05
0.00082142
-4.87384e-05
0.000822725
-3.92333e-05
0.000824679
-3.40646e-05
0.000827307
-3.30972e-05
0.000830548
-3.64716e-05
0.000834389
-4.39079e-05
0.000838721
-5.48041e-05
0.000843466
-6.85544e-05
0.000848476
-8.46019e-05
0.000853662
-0.000102439
0.000859012
-0.00012156
0.000864372
-0.000141524
0.000869728
-0.000161893
0.000875079
-0.000182328
0.000880458
-0.000202422
0.000885946
-0.000222107
0.000891547
-0.000240693
0.000897616
-0.000259053
0.000904066
-0.000275261
0.000911387
-0.000291669
0.000922706
-0.000299363
0.000926428
-0.000314488
0.000926342
-0.000310341
0.000923272
-0.000343264
0.000919792
-0.00029601
0.000919156
-0.000406544
0.000935207
-0.000201429
0.000985541
-0.000594685
0.00101321
0.000151675
0.00115607
-0.0011197
0.00155898
0.00141853
2.34828e-05
-0.00227726
0.00500606
)
;
    }
    walls
    {
        type            zeroGradient;
    }
    frontAndBack
    {
        type            empty;
    }
}


// ************************************************************************* //
