/*--------------------------------*- C++ -*----------------------------------*\
| =========                 |                                                 |
| \\      /  F ield         | OpenFOAM: The Open Source CFD Toolbox           |
|  \\    /   O peration     | Version:  2312                                  |
|   \\  /    A nd           | Website:  www.openfoam.com                      |
|    \\/     M anipulation  |                                                 |
\*---------------------------------------------------------------------------*/
FoamFile
{
    version     2.0;
    format      ascii;
    arch        "LSB;label=32;scalar=64";
    class       volScalarField;
    location    "0.01";
    object      dgdt;
}
// * * * * * * * * * * * * * * * * * * * * * * * * * * * * * * * * * * * * * //

dimensions      [0 0 -1 0 0 0 0];

internalField   nonuniform List<scalar> 
6000
(
-22.9124
-22.3693
-22.223
-22.1745
-22.1324
-22.1057
-22.0889
-22.0776
-22.0696
-22.0638
-22.0597
-22.0568
-22.0548
-22.0536
-22.053
-22.053
-22.0536
-22.0548
-22.0567
-22.0596
-22.0637
-22.0694
-22.0774
-22.0887
-22.1056
-22.1323
-22.1743
-22.2228
-22.3692
-22.9123
-0.884202
-0.959513
-0.936802
-0.921272
-0.917505
-0.9152
-0.913627
-0.912577
-0.911906
-0.911494
-0.911248
-0.911107
-0.911029
-0.910988
-0.910967
-0.910959
-0.91096
-0.910981
-0.911037
-0.911158
-0.911387
-0.911786
-0.91245
-0.913501
-0.915083
-0.917398
-0.921176
-0.936717
-0.95943
-0.88413
0.848451
0.831035
0.816471
0.81072
0.807607
0.805525
0.803988
0.802849
0.801987
0.801326
0.800811
0.800418
0.800131
0.799943
0.799855
0.799866
0.799973
0.800179
0.800486
0.800902
0.801438
0.802119
0.80299
0.804133
0.805665
0.807736
0.810834
0.816573
0.831127
0.848536
0.877564
0.875836
0.875268
0.87594
0.876355
0.876115
0.875511
0.874802
0.874157
0.873618
0.873197
0.872868
0.87263
0.872475
0.872403
0.872415
0.872512
0.872687
0.872947
0.873304
0.873762
0.874332
0.874992
0.875705
0.876302
0.876522
0.87608
0.875391
0.875943
0.877662
0.890679
0.887912
0.88646
0.886455
0.886753
0.886824
0.886611
0.886272
0.885916
0.885614
0.88537
0.885191
0.885047
0.88497
0.884927
0.884929
0.885003
0.885129
0.885292
0.885512
0.885807
0.886154
0.886541
0.886878
0.887062
0.886946
0.886624
0.886602
0.888031
0.89079
0.903234
0.900023
0.898137
0.89748
0.897416
0.897438
0.897333
0.897196
0.896968
0.896863
0.896805
0.896756
0.896701
0.896664
0.896662
0.896688
0.896723
0.896775
0.896855
0.89693
0.89709
0.897288
0.897501
0.897632
0.897692
0.897685
0.897697
0.898294
0.900153
0.903349
0.914821
0.91132
0.909185
0.908391
0.907929
0.907573
0.907381
0.90726
0.907597
0.907753
0.908106
0.908213
0.908195
0.908061
0.907971
0.908292
0.908264
0.908308
0.908256
0.908146
0.90815
0.908289
0.908507
0.908532
0.908454
0.908391
0.908553
0.909365
0.911451
0.914931
0.925314
0.921824
0.919591
0.918209
0.917009
0.906487
0.916546
0.907279
0.932819
0.924962
0.92189
0.922852
0.91983
0.911722
0.916725
0.919743
0.920878
0.92055
0.922207
0.926834
0.923556
0.923331
0.919739
0.921731
0.922623
0.918951
0.919004
0.919763
0.921932
0.925397
0.935135
0.931619
0.92925
0.917818
0.937315
0.901733
0.944785
0.924486
0.945902
0.94545
0.934968
0.934131
0.931948
0.902279
0.939665
0.912962
0.916256
0.915414
0.926492
0.928567
0.935936
0.927502
0.909639
0.914203
0.929427
0.919528
0.930105
0.929442
0.931667
0.935137
0.94424
0.940633
0.938473
0.951306
0.944206
0.957249
0.965809
0.958646
0.947729
0.926907
0.923142
0.916809
0.931179
0.956683
0.945457
0.943536
0.91969
0.933878
0.920485
0.959426
0.941479
0.938512
0.930447
0.926726
0.909494
0.934783
0.933895
0.938358
0.940586
0.944208
0.952082
0.948862
0.946982
0.9533
0.941623
1.00133
0.918407
0.973256
0.91181
0.918139
0.936481
0.933495
0.937811
0.999821
0.93531
0.973938
0.961353
0.967772
0.938679
0.93061
0.931701
0.937419
0.972139
0.973401
0.935042
0.945789
0.940445
0.946556
0.948669
0.951938
0.95933
0.956272
0.954569
0.948647
0.942674
0.955515
0.93189
0.919658
0.93247
0.940581
0.963626
0.974794
0.958856
0.968233
0.923047
0.989741
1.00447
0.98984
0.982522
0.942629
0.945755
0.968894
0.99176
1.0026
0.989492
0.966815
0.9547
0.954126
0.955962
0.959105
0.965732
0.962794
0.961252
0.956709
0.973467
0.906186
0.971809
0.918661
0.971015
0.987209
0.989981
1.00894
0.993547
0.907305
0.989597
0.917983
0.956869
0.94001
0.977878
0.958857
0.962299
0.949037
0.936749
0.925386
0.985725
0.970933
0.966789
0.96101
0.9625
0.965494
0.971254
0.968457
0.966971
0.965655
0.967218
0.965707
0.96278
0.992985
0.997363
0.981427
0.97951
0.956251
0.963775
0.953995
0.986543
0.957422
0.936654
0.948016
0.958899
0.986154
0.977735
0.972892
0.947566
0.943692
0.943953
0.96745
0.964688
0.966732
0.968247
0.971063
0.975881
0.973259
0.971908
0.970915
0.940638
0.996035
0.993892
0.986878
0.978144
0.98661
0.966446
0.958041
0.939845
1.00101
0.970029
0.971051
0.956382
0.968885
0.939312
0.96815
0.975292
0.965176
0.976809
0.962262
0.932831
0.97261
0.97117
0.971841
0.973147
0.975763
0.979665
0.977184
0.975934
0.975742
0.99359
0.970631
0.955663
0.987796
0.935036
0.968371
0.954091
0.949129
0.995259
0.947886
0.962309
0.976619
1.00138
0.995524
0.986404
0.980245
0.960967
1.00334
0.989771
0.981266
1.02431
0.960908
0.975528
0.976002
0.977158
0.979601
0.98231
0.980139
0.978994
0.978536
0.979027
0.978619
0.979048
0.977481
0.993244
0.966885
0.981052
1.00014
0.985788
1.00362
0.988953
0.998597
0.982216
0.975404
0.997798
0.958733
0.994417
0.966662
0.974837
0.993224
0.97249
0.978313
0.978797
0.979098
0.980161
0.982309
0.984114
0.982142
0.981167
0.980908
0.98101
0.983784
0.988148
0.980693
0.996253
0.971913
0.98445
0.983799
0.988108
1.00587
0.992247
0.988377
0.983706
0.979025
0.998585
0.964007
0.995704
0.970627
0.978299
0.991253
0.975349
0.981088
0.981018
0.981237
0.98217
0.984125
0.985019
0.983248
0.982424
0.98226
0.982534
0.984178
0.977246
0.983207
0.984789
0.987039
0.989539
0.99089
0.991144
0.993191
0.99313
0.991711
0.984438
0.986402
0.985467
0.984374
0.981224
0.982419
0.981643
0.979124
0.982037
0.982466
0.982281
0.982443
0.983261
0.985026
0.985049
0.983474
0.982786
0.982713
0.983069
0.986126
0.988919
0.983281
0.98309
0.9844
0.984882
0.97782
0.981456
0.979458
0.979804
0.972503
0.979734
0.980855
0.977962
0.997789
0.984055
0.979804
0.985939
0.984448
0.987975
0.983176
0.982687
0.982778
0.98347
0.985047
0.984209
0.982811
0.982251
0.982319
0.985885
0.988429
0.979492
0.994644
0.966783
1.00295
0.97947
0.991678
0.978819
0.962527
0.97688
0.979202
0.974361
0.992228
0.979542
1.02237
0.972087
1.0031
0.987562
0.96703
0.98661
0.982141
0.982253
0.982232
0.982798
0.984198
0.982499
0.98124
0.980807
0.980902
0.978275
0.991051
0.98484
0.979353
0.995465
0.982379
0.986281
0.975831
0.979783
0.985228
0.971601
0.975071
1.0017
0.98897
0.992917
0.985555
0.991298
0.989715
0.979473
0.992065
0.976477
0.981231
0.980928
0.980789
0.981226
0.982484
0.979908
0.978795
0.978464
0.978661
0.978921
0.962386
0.976273
0.982689
0.979867
0.985704
0.982084
0.994943
0.982395
0.978326
0.983155
0.99472
0.977991
0.987745
0.993867
0.965188
0.989945
0.982186
0.982533
0.978045
0.967184
0.979248
0.97869
0.978466
0.978789
0.979898
0.976434
0.975467
0.975226
0.975441
0.975771
0.9824
0.964667
0.958938
0.981534
0.96712
0.99058
0.969415
0.987968
0.980429
0.977094
0.9666
0.984592
0.96713
0.961104
0.983374
0.965344
0.965191
0.951947
0.963415
0.983223
0.975414
0.975531
0.97525
0.975476
0.976436
0.972092
0.971255
0.971102
0.971352
0.971744
0.972115
0.996896
0.995749
0.973305
0.986935
0.97293
0.990062
0.978444
0.974969
0.992774
0.987565
0.978511
0.978378
0.982355
0.977266
0.986835
0.979312
1.00106
0.987179
0.975445
0.970346
0.971388
0.971138
0.971279
0.97211
0.966946
0.9662
0.966127
0.966438
0.966911
0.967305
0.96383
0.974302
0.971109
0.964701
0.963875
0.966389
0.965355
0.975801
0.966195
0.980411
0.97547
0.975183
0.966772
0.963808
0.961114
0.964075
0.973852
0.973907
0.970302
0.967194
0.966517
0.96618
0.966242
0.966982
0.960903
0.960315
0.960308
0.96068
0.961183
0.961579
0.959879
0.96182
0.965928
0.960251
0.959468
0.961074
0.960861
0.970042
0.961036
0.967772
0.969516
0.971814
0.962833
0.959977
0.957622
0.958931
0.962711
0.966729
0.96317
0.962095
0.960738
0.960374
0.960377
0.960955
0.954066
0.953616
0.95368
0.954059
0.954614
0.95418
0.958175
0.953627
0.956388
0.957773
0.955486
0.951847
0.95691
0.957668
0.958848
0.948238
0.942752
0.947552
0.960538
0.96065
0.960639
0.956117
0.956192
0.957322
0.955248
0.958937
0.954191
0.953769
0.9537
0.954144
0.946455
0.946128
0.94625
0.946675
0.947493
0.939924
0.94565
0.94247
0.947639
0.949887
0.945408
0.948038
0.946619
0.953953
0.946085
0.938131
0.945438
0.946502
0.951204
0.954913
0.954172
0.960884
0.943649
0.943506
0.94929
0.949948
0.9468
0.946378
0.94624
0.946558
0.938104
0.937865
0.938046
0.938474
0.938712
0.941207
0.948385
0.938195
0.940244
0.945436
0.947877
0.940929
0.944515
0.930735
0.948555
0.950117
0.946737
0.940103
0.944179
0.937175
0.953693
0.941301
0.940734
0.941843
0.934003
0.946324
0.938687
0.938213
0.938
0.938225
0.929041
0.928895
0.929114
0.9295
0.929882
0.938556
0.930885
0.937657
0.934246
0.930703
0.933514
0.934569
0.928853
0.933575
0.926853
0.931459
0.940562
0.954967
0.923876
0.933927
0.923894
0.930665
0.933132
0.926024
0.940118
0.909692
0.929724
0.929334
0.929038
0.929162
0.919289
0.919236
0.919519
0.919915
0.920113
0.929361
0.93174
0.920523
0.925363
0.924497
0.930513
0.924213
0.927375
0.915426
0.932223
0.924352
0.922736
0.923738
0.923071
0.913639
0.92564
0.911141
0.918723
0.936591
0.904589
0.924244
0.920242
0.919682
0.919352
0.919391
0.908875
0.908923
0.909289
0.909858
0.913543
0.895197
0.8944
0.908604
0.905102
0.911297
0.907427
0.907646
0.914246
0.925405
0.898578
0.918687
0.915263
0.88569
0.912863
0.918259
0.90979
0.921631
0.906589
0.882389
0.910074
0.916751
0.909959
0.909356
0.908991
0.908943
0.89782
0.897954
0.898388
0.898942
0.895829
0.898449
0.900005
0.891934
0.898907
0.897698
0.89379
0.905387
0.899551
0.898659
0.907799
0.897746
0.902933
0.91044
0.902237
0.897548
0.902142
0.90166
0.905268
0.905949
0.902101
0.898962
0.898876
0.898381
0.897973
0.89785
0.886154
0.886361
0.886849
0.887499
0.888444
0.890408
0.891461
0.88255
0.890169
0.887004
0.883854
0.896826
0.888339
0.887958
0.894171
0.887734
0.889996
0.892015
0.891327
0.892154
0.89175
0.890013
0.894257
0.896792
0.889717
0.888031
0.887395
0.88681
0.886349
0.886152
0.87393
0.87417
0.874692
0.875359
0.877435
0.876937
0.877694
0.878959
0.878746
0.875627
0.879424
0.881011
0.876286
0.878782
0.882283
0.881936
0.87972
0.878456
0.878471
0.873319
0.877801
0.874244
0.88046
0.889214
0.87861
0.876661
0.87526
0.874639
0.874138
0.873897
0.861102
0.861434
0.861983
0.862624
0.863461
0.865713
0.867977
0.866504
0.865947
0.868601
0.867746
0.858117
0.866387
0.86665
0.868917
0.860934
0.861347
0.867222
0.865376
0.869417
0.862497
0.864546
0.860206
0.840749
0.866529
0.863599
0.862521
0.861915
0.861384
0.861069
0.847791
0.848179
0.848742
0.849498
0.848858
0.853115
0.847897
0.856724
0.854101
0.858198
0.870536
0.842502
0.847969
0.858319
0.85049
0.862886
0.851628
0.849574
0.852282
0.837923
0.851396
0.840494
0.838624
0.857809
0.84625
0.848179
0.849247
0.848657
0.848117
0.84774
0.834004
0.834434
0.834994
0.835415
0.831063
0.841938
0.8383
0.838063
0.834731
0.837423
0.835584
0.853752
0.852619
0.837008
0.834473
0.835938
0.835729
0.851755
0.835916
0.857104
0.830583
0.853919
0.84049
0.83946
0.839426
0.837754
0.835398
0.834888
0.834357
0.83394
0.819782
0.820245
0.820802
0.821381
0.826149
0.820343
0.827443
0.815214
0.824795
0.812091
0.81528
0.823905
0.824206
0.817347
0.829667
0.817296
0.831175
0.816428
0.832986
0.803104
0.829459
0.814409
0.826842
0.829277
0.822272
0.813654
0.821106
0.820687
0.820154
0.819704
0.805158
0.805662
0.80623
0.806686
0.804643
0.809167
0.811829
0.81716
0.805675
0.81509
0.801958
0.805641
0.810067
0.811447
0.808672
0.806202
0.802986
0.811411
0.80631
0.820803
0.805777
0.815794
0.807698
0.788949
0.799987
0.812924
0.806664
0.806088
0.805555
0.805069
0.790171
0.790718
0.791329
0.791948
0.796521
0.784445
0.794598
0.791229
0.803222
0.796093
0.788225
0.785449
0.77043
0.800731
0.79192
0.805191
0.791309
0.77778
0.787735
0.80511
0.807551
0.792541
0.797483
0.80985
0.804792
0.793522
0.791614
0.791157
0.790605
0.790079
0.774853
0.775438
0.776099
0.777454
0.772949
0.772239
0.760159
0.789159
0.769541
0.788086
0.791833
0.788987
0.79344
0.78052
0.777715
0.781963
0.783326
0.791379
0.778561
0.783169
0.765669
0.777006
0.772907
0.780678
0.777435
0.781025
0.776532
0.775917
0.775333
0.774772
0.75924
0.759856
0.760534
0.761148
0.761294
0.759653
0.761903
0.758358
0.763206
0.766029
0.767601
0.76671
0.763644
0.763511
0.764226
0.766535
0.772762
0.766585
0.768393
0.767167
0.763868
0.764261
0.764792
0.763994
0.764469
0.761663
0.761129
0.760406
0.759777
0.759179
0.743356
0.743989
0.744675
0.745276
0.745523
0.747178
0.74864
0.743165
0.747738
0.747064
0.747734
0.751269
0.749897
0.748569
0.75048
0.748391
0.746142
0.749964
0.746209
0.748437
0.749027
0.748055
0.748946
0.746818
0.744109
0.745528
0.745363
0.744616
0.743951
0.743326
0.727227
0.727874
0.728558
0.729202
0.732259
0.733708
0.73065
0.731841
0.730689
0.729618
0.732236
0.728468
0.73377
0.732103
0.733857
0.732842
0.730987
0.731164
0.732826
0.726159
0.730318
0.730435
0.735059
0.730315
0.729758
0.730769
0.729343
0.728569
0.727878
0.727228
0.710877
0.711548
0.712249
0.712517
0.711987
0.711604
0.715228
0.71509
0.71389
0.71151
0.700589
0.710446
0.718188
0.712755
0.714996
0.709474
0.701395
0.713691
0.704727
0.709054
0.713228
0.712575
0.708978
0.712667
0.706666
0.711551
0.713218
0.712289
0.71159
0.710911
0.694355
0.695028
0.695678
0.696207
0.695994
0.704521
0.697314
0.706303
0.697916
0.698835
0.708483
0.696227
0.701262
0.696788
0.694427
0.696304
0.703971
0.689955
0.705088
0.69186
0.695683
0.700585
0.69999
0.690861
0.699315
0.694035
0.695865
0.695752
0.695098
0.694415
0.677687
0.678352
0.678957
0.68023
0.684602
0.675103
0.683171
0.677413
0.681137
0.678453
0.691245
0.683988
0.678876
0.685598
0.683368
0.680614
0.674138
0.683912
0.67686
0.686512
0.67806
0.681236
0.681955
0.682361
0.678577
0.676627
0.67917
0.679056
0.678441
0.677762
0.660908
0.661573
0.662149
0.662853
0.662989
0.666858
0.664007
0.668403
0.662947
0.66401
0.664798
0.667714
0.667246
0.668389
0.666123
0.666385
0.666471
0.663843
0.667432
0.659961
0.66778
0.662216
0.668599
0.665778
0.667719
0.667796
0.662913
0.66227
0.661667
0.66099
0.64406
0.644733
0.645257
0.645039
0.650614
0.648394
0.64922
0.64937
0.649831
0.646167
0.639299
0.645155
0.648892
0.638621
0.646137
0.64727
0.653466
0.64935
0.645242
0.648876
0.647971
0.652623
0.64168
0.651648
0.648941
0.641393
0.645889
0.645445
0.644827
0.64414
0.627168
0.627859
0.628468
0.628757
0.627493
0.634856
0.622368
0.624902
0.625731
0.631449
0.628568
0.629574
0.621829
0.636905
0.628467
0.631448
0.634456
0.632188
0.638928
0.635291
0.634619
0.626837
0.629186
0.624355
0.628539
0.631978
0.629408
0.628568
0.627937
0.62724
0.610259
0.610955
0.611565
0.611893
0.610747
0.607351
0.616134
0.609031
0.616697
0.610506
0.617227
0.608957
0.618047
0.605134
0.617892
0.613307
0.617402
0.613723
0.61835
0.617203
0.61821
0.610722
0.617435
0.608078
0.614247
0.610946
0.612089
0.611642
0.611015
0.610317
0.593353
0.594049
0.594673
0.595303
0.594933
0.595015
0.596327
0.59278
0.59718
0.593697
0.596987
0.592474
0.598423
0.590931
0.598345
0.596392
0.600017
0.596802
0.59829
0.599747
0.597629
0.594122
0.599995
0.591762
0.596873
0.595774
0.595208
0.594726
0.594096
0.593398
0.576467
0.577159
0.577771
0.577747
0.578224
0.578483
0.580199
0.578727
0.580427
0.579122
0.581993
0.579554
0.582789
0.580593
0.581419
0.578173
0.57878
0.577606
0.577578
0.57739
0.578066
0.577799
0.580662
0.577824
0.581404
0.579183
0.578327
0.577817
0.577192
0.576498
0.559618
0.560302
0.560919
0.561972
0.562349
0.562829
0.563693
0.56242
0.562786
0.56786
0.563601
0.568481
0.562939
0.571588
0.561904
0.567937
0.558488
0.565768
0.556232
0.561577
0.560503
0.570463
0.55899
0.56627
0.560377
0.559138
0.561395
0.560939
0.560324
0.559636
0.542828
0.543502
0.54411
0.54552
0.545597
0.546789
0.549132
0.553433
0.549267
0.549386
0.540159
0.550551
0.540782
0.557241
0.544684
0.545104
0.547065
0.54072
0.547511
0.536432
0.54243
0.547476
0.54305
0.54965
0.54687
0.543726
0.544254
0.544098
0.543506
0.54283
0.526113
0.526781
0.527399
0.532528
0.525227
0.527048
0.527588
0.528674
0.527341
0.526682
0.525035
0.528958
0.523087
0.525588
0.526298
0.530871
0.527863
0.535055
0.527809
0.536763
0.526119
0.527419
0.527022
0.531137
0.524812
0.529985
0.527539
0.527329
0.526763
0.526099
0.509498
0.510159
0.510675
0.506519
0.513487
0.511128
0.513728
0.51346
0.511074
0.509491
0.513092
0.506033
0.514393
0.504824
0.51377
0.507421
0.513386
0.511446
0.515342
0.513483
0.509782
0.50653
0.508554
0.508416
0.514608
0.515346
0.510558
0.510638
0.510117
0.509469
0.492987
0.493627
0.49411
0.493829
0.493077
0.493403
0.495011
0.490678
0.493979
0.495578
0.499269
0.500816
0.49433
0.496326
0.491944
0.499403
0.486743
0.498799
0.490973
0.496153
0.492082
0.494654
0.488942
0.495513
0.493225
0.496823
0.494583
0.494117
0.493592
0.492956
0.476606
0.477231
0.477727
0.478113
0.484432
0.481135
0.48032
0.476646
0.476945
0.478092
0.484599
0.48208
0.484377
0.480937
0.481574
0.47651
0.484839
0.474258
0.483726
0.469828
0.481843
0.480081
0.482719
0.480004
0.481371
0.47657
0.479165
0.477759
0.477209
0.476577
0.460376
0.460993
0.461496
0.461771
0.457645
0.46232
0.458156
0.468794
0.46531
0.469
0.461351
0.463568
0.468938
0.465489
0.468641
0.468907
0.462471
0.459484
0.451609
0.472551
0.469699
0.469674
0.472068
0.46636
0.460458
0.462259
0.461901
0.461473
0.460962
0.460344
0.444307
0.444909
0.445399
0.445756
0.445971
0.446273
0.446461
0.446655
0.446768
0.446844
0.446827
0.446812
0.447101
0.449333
0.447186
0.447065
0.452267
0.455919
0.459483
0.447547
0.448752
0.446311
0.447325
0.446431
0.446336
0.446041
0.445752
0.445372
0.444876
0.444273
0.428409
0.428997
0.429476
0.429837
0.430121
0.430325
0.430486
0.43059
0.430685
0.430756
0.430838
0.430895
0.430936
0.43098
0.430988
0.430997
0.431099
0.431147
0.431186
0.43086
0.430788
0.430635
0.430549
0.430428
0.430278
0.430071
0.4298
0.429439
0.428961
0.428373
0.412691
0.413264
0.413727
0.414075
0.414339
0.414534
0.414684
0.414799
0.414892
0.414969
0.415036
0.415084
0.415122
0.41514
0.415167
0.415167
0.41515
0.415114
0.41507
0.415014
0.414937
0.414844
0.414742
0.414625
0.414481
0.414288
0.414033
0.413688
0.413226
0.412653
0.397157
0.397715
0.398164
0.398499
0.398749
0.398937
0.399082
0.399198
0.399292
0.39937
0.399434
0.399483
0.399519
0.399544
0.399557
0.399556
0.39954
0.399508
0.399464
0.399406
0.399336
0.39925
0.39915
0.399031
0.398887
0.398702
0.398457
0.398124
0.397677
0.39712
0.381814
0.382357
0.382792
0.383114
0.383354
0.383535
0.383676
0.38379
0.383884
0.383961
0.384024
0.384073
0.384109
0.384133
0.384144
0.384141
0.384125
0.384095
0.384052
0.383996
0.383928
0.383845
0.383747
0.383632
0.38349
0.383311
0.383074
0.382754
0.38232
0.381777
0.366665
0.367193
0.367614
0.367925
0.368155
0.368329
0.368466
0.368578
0.36867
0.368746
0.368808
0.368856
0.368891
0.368914
0.368924
0.368921
0.368905
0.368877
0.368836
0.368782
0.368715
0.368635
0.36854
0.368427
0.36829
0.368117
0.367888
0.367579
0.367159
0.366631
0.351714
0.352227
0.352634
0.352933
0.353154
0.353321
0.353454
0.353562
0.353651
0.353726
0.353786
0.353833
0.353868
0.35389
0.353899
0.353897
0.353882
0.353854
0.353815
0.353763
0.353699
0.353621
0.353529
0.35342
0.353288
0.35312
0.3529
0.352602
0.352196
0.351684
0.336963
0.33746
0.337853
0.338141
0.338353
0.338514
0.338641
0.338745
0.338831
0.338903
0.338962
0.339008
0.339041
0.339063
0.339072
0.33907
0.339055
0.339029
0.338992
0.338942
0.33888
0.338806
0.338717
0.338612
0.338484
0.338324
0.338112
0.337825
0.337433
0.336936
0.322413
0.322894
0.323273
0.323549
0.323753
0.323906
0.324028
0.324128
0.324211
0.32428
0.324336
0.324381
0.324413
0.324434
0.324443
0.324441
0.324428
0.324403
0.324367
0.324319
0.32426
0.324189
0.324104
0.324004
0.323881
0.323728
0.323525
0.323249
0.32287
0.322389
0.308063
0.308529
0.308894
0.309159
0.309353
0.309499
0.309616
0.309711
0.30979
0.309856
0.30991
0.309952
0.309984
0.310004
0.310013
0.310011
0.309998
0.309975
0.309941
0.309896
0.30984
0.309772
0.309691
0.309595
0.309478
0.309331
0.309137
0.308872
0.308508
0.308042
0.293912
0.294362
0.294713
0.294967
0.295152
0.295292
0.295402
0.295492
0.295568
0.29563
0.295682
0.295722
0.295752
0.295771
0.29578
0.295778
0.295766
0.295744
0.295712
0.29567
0.295617
0.295552
0.295476
0.295385
0.295274
0.295134
0.294949
0.294695
0.294344
0.293894
0.279958
0.280392
0.28073
0.280972
0.281149
0.281281
0.281385
0.28147
0.281542
0.281601
0.281649
0.281687
0.281715
0.281733
0.281741
0.28174
0.281729
0.281709
0.281679
0.281639
0.281589
0.281529
0.281457
0.281371
0.281266
0.281134
0.280957
0.280715
0.280377
0.279943
0.266199
0.266617
0.266941
0.267173
0.26734
0.267465
0.267563
0.267643
0.26771
0.267765
0.267811
0.267846
0.267872
0.267889
0.267897
0.267896
0.267886
0.267868
0.26784
0.267803
0.267756
0.2677
0.267632
0.267552
0.267453
0.267328
0.26716
0.266928
0.266605
0.266186
0.252631
0.253033
0.253344
0.253565
0.253724
0.253842
0.253934
0.254008
0.25407
0.254122
0.254164
0.254196
0.254221
0.254236
0.254244
0.254243
0.254234
0.254217
0.254191
0.254157
0.254114
0.254062
0.254
0.253924
0.253832
0.253713
0.253555
0.253334
0.253023
0.25262
0.23925
0.239638
0.239936
0.240146
0.240296
0.240406
0.240492
0.240561
0.240618
0.240665
0.240704
0.240734
0.240756
0.24077
0.240777
0.240776
0.240768
0.240753
0.24073
0.240699
0.24066
0.240612
0.240554
0.240484
0.240398
0.240288
0.240138
0.239927
0.239629
0.239241
0.226053
0.226427
0.226712
0.226912
0.227052
0.227155
0.227234
0.227298
0.227349
0.227392
0.227426
0.227453
0.227473
0.227486
0.227492
0.227491
0.227484
0.22747
0.22745
0.227422
0.227387
0.227344
0.227292
0.227228
0.227149
0.227046
0.226905
0.226705
0.22642
0.226046
0.213037
0.213397
0.213669
0.213858
0.213989
0.214084
0.214156
0.214213
0.21426
0.214297
0.214327
0.214351
0.214368
0.214379
0.214385
0.214384
0.214378
0.214366
0.214348
0.214324
0.214294
0.214255
0.214209
0.214151
0.214079
0.213984
0.213852
0.213663
0.213391
0.213032
0.200198
0.200544
0.200803
0.20098
0.201103
0.20119
0.201255
0.201305
0.201345
0.201377
0.201403
0.201423
0.201437
0.201446
0.201451
0.20145
0.201445
0.201436
0.201421
0.2014
0.201374
0.201342
0.201301
0.201251
0.201186
0.201098
0.200976
0.200798
0.200539
0.200194
0.187533
0.187864
0.18811
0.188277
0.18839
0.188468
0.188525
0.188568
0.188602
0.188628
0.188649
0.188665
0.188676
0.188683
0.188686
0.188686
0.188682
0.188675
0.188663
0.188647
0.188626
0.188599
0.188566
0.188522
0.188465
0.188386
0.188273
0.188107
0.187861
0.187529
0.175039
0.175357
0.175589
0.175744
0.175848
0.175917
0.175966
0.176001
0.176027
0.176047
0.176062
0.176073
0.176081
0.176086
0.176088
0.176088
0.176085
0.17608
0.176072
0.17606
0.176045
0.176025
0.175999
0.175963
0.175915
0.175845
0.175742
0.175586
0.175354
0.175037
0.162716
0.163018
0.163238
0.163382
0.163475
0.163534
0.163573
0.1636
0.163618
0.16363
0.163639
0.163645
0.163648
0.163651
0.163651
0.163651
0.16365
0.163648
0.163644
0.163638
0.163629
0.163616
0.163598
0.163571
0.163532
0.163472
0.163379
0.163235
0.163016
0.162714
0.150562
0.150851
0.151056
0.151187
0.151269
0.151317
0.151345
0.151362
0.15137
0.151375
0.151376
0.151376
0.151375
0.151375
0.151374
0.151374
0.151374
0.151375
0.151375
0.151375
0.151374
0.151369
0.15136
0.151344
0.151316
0.151267
0.151186
0.151054
0.150849
0.150561
0.13858
0.138854
0.139044
0.139163
0.139231
0.139266
0.139282
0.139287
0.139285
0.13928
0.139273
0.139267
0.139261
0.139257
0.139254
0.139254
0.139256
0.139261
0.139266
0.139273
0.139279
0.139284
0.139286
0.139281
0.139265
0.139229
0.139161
0.139043
0.138852
0.138579
0.126772
0.12703
0.127207
0.127311
0.127365
0.127386
0.127387
0.127378
0.127364
0.127348
0.127332
0.127318
0.127306
0.127298
0.127294
0.127294
0.127298
0.127306
0.127317
0.127331
0.127347
0.127363
0.127377
0.127386
0.127385
0.127364
0.12731
0.127206
0.127029
0.126771
0.115141
0.115387
0.11555
0.115638
0.115675
0.115679
0.115663
0.115638
0.115608
0.115579
0.115553
0.11553
0.115512
0.1155
0.115494
0.115494
0.1155
0.115512
0.11553
0.115552
0.115579
0.115608
0.115637
0.115662
0.115678
0.115674
0.115638
0.115549
0.115386
0.11514
0.103697
0.103934
0.104081
0.104153
0.104169
0.104151
0.104114
0.104069
0.104022
0.103978
0.10394
0.103907
0.103883
0.103866
0.103857
0.103857
0.103866
0.103882
0.103907
0.103939
0.103978
0.104022
0.104068
0.104114
0.10415
0.104169
0.104152
0.104081
0.103933
0.103696
0.092449
0.0926827
0.0928184
0.0928715
0.0928646
0.0928201
0.0927568
0.0926875
0.0926199
0.0925586
0.0925059
0.0924632
0.0924309
0.0924093
0.0923985
0.0923985
0.0924092
0.0924307
0.092463
0.0925057
0.0925583
0.0926196
0.0926871
0.0927565
0.0928197
0.0928642
0.0928711
0.0928179
0.0926823
0.0924485
0.0814121
0.0816582
0.0817898
0.0818281
0.0817958
0.0817202
0.0816248
0.081526
0.0814334
0.0813521
0.081284
0.0812299
0.0811896
0.081163
0.0811497
0.0811497
0.0811629
0.0811895
0.0812297
0.0812838
0.0813519
0.0814332
0.0815257
0.0816246
0.0817199
0.0817955
0.0818278
0.0817895
0.0816578
0.0814117
0.070611
0.0709002
0.0710451
0.0710778
0.0710219
0.0709108
0.0707766
0.0706423
0.0705204
0.0704165
0.0703318
0.0702658
0.0702174
0.0701858
0.0701702
0.0701702
0.0701858
0.0702174
0.0702657
0.0703317
0.0704164
0.0705203
0.0706421
0.0707764
0.0709106
0.0710217
0.0710776
0.0710449
0.0709
0.0706108
0.0600874
0.0604699
0.0606583
0.0607047
0.0606316
0.0604825
0.0603035
0.060128
0.059973
0.0598446
0.0597427
0.059665
0.0596091
0.059573
0.0595553
0.0595552
0.059573
0.059609
0.0596649
0.0597426
0.0598445
0.0599729
0.0601278
0.0603034
0.0604823
0.0606315
0.0607046
0.0606581
0.0604698
0.0600873
0.0499038
0.0504483
0.0507247
0.050814
0.0507353
0.050548
0.0503196
0.0500987
0.0499087
0.0497557
0.0496376
0.0495497
0.0494877
0.0494482
0.0494289
0.0494289
0.0494481
0.0494877
0.0495497
0.0496376
0.0497557
0.0499086
0.0500986
0.0503195
0.0505479
0.0507352
0.0508139
0.0507247
0.0504482
0.0499038
0.040139
0.0409219
0.0413414
0.0415078
0.0414361
0.0412105
0.0409297
0.0406625
0.040439
0.0402646
0.0401339
0.0400392
0.0399736
0.0399323
0.0399124
0.0399124
0.0399323
0.0399736
0.0400392
0.0401339
0.0402646
0.0404389
0.0406624
0.0409297
0.0412104
0.0414361
0.0415077
0.0413414
0.0409219
0.040139
0.0308681
0.0319642
0.0325818
0.0328538
0.0327935
0.0325243
0.0321894
0.0318797
0.03163
0.0314422
0.0313061
0.03121
0.0311449
0.0311045
0.0310851
0.0310851
0.0311045
0.0311449
0.03121
0.0313061
0.0314422
0.03163
0.0318797
0.0321894
0.0325243
0.0327935
0.0328539
0.0325818
0.0319643
0.0308682
0.0221705
0.023635
0.0244956
0.0248707
0.0247976
0.0244684
0.0240806
0.0237416
0.0234821
0.0232957
0.0231656
0.0230766
0.0230175
0.0229813
0.0229641
0.0229641
0.0229813
0.0230175
0.0230766
0.0231656
0.0232957
0.0234821
0.0237416
0.0240806
0.0244685
0.0247976
0.0248707
0.0244956
0.0236351
0.0221707
0.0140134
0.0159189
0.0170685
0.0174982
0.0173494
0.0169433
0.0165244
0.0161921
0.0159567
0.0157979
0.0156924
0.0156227
0.0155774
0.0155499
0.0155369
0.0155369
0.0155499
0.0155774
0.0156227
0.0156924
0.0157979
0.0159567
0.0161921
0.0165244
0.0169433
0.0173495
0.0174983
0.0170686
0.015919
0.0140136
0.00723097
0.0100974
0.0113866
0.0113481
0.0108491
0.0103308
0.00995324
0.00972175
0.00959061
0.00951921
0.0094809
0.00945996
0.00944715
0.00943835
0.00943364
0.00943364
0.00943835
0.00944716
0.00945996
0.00948091
0.00951921
0.00959062
0.00972176
0.00995325
0.0103308
0.0108491
0.011348
0.0113866
0.0100976
0.00723133
-0.000258119
0.00639938
0.0037452
0.000692879
-0.000798738
-0.00127082
-0.00134928
-0.00131084
-0.00125047
-0.00119691
-0.00115611
-0.00112715
-0.00110783
-0.0010962
-0.00109077
-0.00109077
-0.0010962
-0.00110781
-0.00112712
-0.00115607
-0.00119685
-0.00125038
-0.00131073
-0.00134914
-0.00127067
-0.000798579
0.000693004
0.00374513
0.00639891
-0.000257291
-0.00281959
-0.00538794
-0.0134673
-0.0177999
-0.019968
-0.0210225
-0.0215715
-0.0219178
-0.0221743
-0.0223733
-0.0225246
-0.0226349
-0.0227108
-0.0227583
-0.0227811
-0.022781
-0.0227583
-0.0227108
-0.0226348
-0.0225245
-0.0223732
-0.0221741
-0.0219175
-0.0215711
-0.0210217
-0.0199666
-0.0177978
-0.0134651
-0.00538742
-0.00282572
-0.130085
-0.102323
-0.0884523
-0.0801858
-0.076044
-0.0742565
-0.0736363
-0.0734842
-0.0734733
-0.0734865
-0.0734956
-0.0734993
-0.0735004
-0.0735006
-0.0735006
-0.0735006
-0.0735005
-0.0735003
-0.0734991
-0.0734953
-0.0734861
-0.0734728
-0.0734834
-0.0736351
-0.0742546
-0.0760408
-0.0801807
-0.0884447
-0.102313
-0.130083
0.000113793
-0.000340186
-0.00054233
-0.000600818
-0.000623181
-0.000636844
-0.000646129
-0.000652048
-0.000655471
-0.000657347
-0.000658397
-0.000659031
-0.000659437
-0.000659688
-0.00065981
-0.000659809
-0.000659686
-0.000659432
-0.000659023
-0.000658384
-0.000657328
-0.000655444
-0.000652013
-0.000646088
-0.0006368
-0.000623132
-0.000600746
-0.000542192
-0.000340017
0.00011374
2.18918e-08
8.52536e-08
1.24146e-08
-3.74702e-08
-6.22141e-08
-7.38606e-08
-7.89154e-08
-8.08778e-08
-8.15379e-08
-8.17406e-08
-8.18199e-08
-8.18764e-08
-8.19269e-08
-8.19658e-08
-8.19869e-08
-8.19866e-08
-8.19648e-08
-8.19249e-08
-8.18731e-08
-8.18145e-08
-8.17324e-08
-8.15257e-08
-8.08608e-08
-7.88935e-08
-7.38359e-08
-6.21897e-08
-3.74512e-08
1.2402e-08
8.5126e-08
2.1871e-08
2.89859e-14
8.246e-13
1.13589e-12
1.08161e-12
9.77719e-13
9.25423e-13
9.12186e-13
9.17944e-13
9.29192e-13
9.39935e-13
9.485e-13
9.54863e-13
9.59343e-13
9.622e-13
9.63591e-13
9.63585e-13
9.62181e-13
9.59305e-13
9.54801e-13
9.48402e-13
9.39789e-13
9.28986e-13
9.17664e-13
9.1182e-13
9.24952e-13
9.7706e-13
1.08056e-12
1.13412e-12
8.22528e-13
2.89311e-14
-1.25785e-19
2.29241e-18
6.35808e-18
9.21174e-18
1.09111e-17
1.20461e-17
1.28464e-17
1.34069e-17
1.37852e-17
1.40345e-17
1.41995e-17
1.43103e-17
1.43842e-17
1.44301e-17
1.44521e-17
1.44521e-17
1.44299e-17
1.43839e-17
1.43097e-17
1.41985e-17
1.40329e-17
1.37826e-17
1.34032e-17
1.28414e-17
1.20399e-17
1.09037e-17
9.20287e-18
6.34858e-18
2.28706e-18
-1.25418e-19
-1.26456e-24
-3.56164e-25
1.57313e-23
3.60425e-23
5.36385e-23
6.71042e-23
7.6604e-23
8.28954e-23
8.68439e-23
8.92563e-23
9.07424e-23
9.16824e-23
9.22825e-23
9.26448e-23
9.28168e-23
9.28172e-23
9.26458e-23
9.22837e-23
9.16833e-23
9.07419e-23
8.9253e-23
8.6836e-23
8.28815e-23
7.65836e-23
6.70792e-23
5.36117e-23
3.60172e-23
1.57143e-23
-3.53191e-25
-1.26036e-24
-6.93887e-30
-3.95551e-29
-2.14273e-29
4.02226e-29
1.15252e-28
1.82517e-28
2.33342e-28
2.67437e-28
2.88402e-28
3.00676e-28
3.07819e-28
3.12078e-28
3.14668e-28
3.16182e-28
3.16889e-28
3.16893e-28
3.16195e-28
3.1469e-28
3.12107e-28
3.07853e-28
3.00712e-28
2.88435e-28
2.67461e-28
2.33356e-28
1.82523e-28
1.15258e-28
4.0237e-29
-2.13864e-29
-3.94729e-29
-6.91334e-30
-3.06826e-35
-2.5763e-34
-4.09694e-34
-4.0322e-34
-2.81926e-34
-1.2813e-34
3.56063e-36
9.37397e-35
1.46318e-34
1.73531e-34
1.86581e-34
1.92671e-34
1.95561e-34
1.9695e-34
1.9753e-34
1.97538e-34
1.96973e-34
1.95601e-34
1.9273e-34
1.86658e-34
1.73625e-34
1.46426e-34
9.38512e-35
3.66123e-36
-1.28059e-34
-2.81896e-34
-4.03196e-34
-4.09535e-34
-2.57274e-34
-3.05601e-35
-1.18716e-40
-1.17019e-39
-2.3622e-39
-3.23683e-39
-3.67917e-39
-3.84009e-39
-3.88964e-39
-3.92776e-39
-3.98166e-39
-4.04431e-39
-4.10324e-39
-4.15114e-39
-4.18595e-39
-4.20821e-39
-4.21906e-39
-4.21924e-39
-4.20874e-39
-4.18687e-39
-4.1525e-39
-4.10508e-39
-4.04666e-39
-3.98453e-39
-3.93111e-39
-3.8934e-39
-3.84415e-39
-3.68322e-39
-3.24012e-39
-2.36352e-39
-1.16944e-39
-1.18209e-40
-4.14148e-46
-4.38923e-45
-9.72639e-45
-1.48332e-44
-1.87919e-44
-2.15837e-44
-2.3524e-44
-2.49199e-44
-2.59482e-44
-2.67023e-44
-2.72429e-44
-2.76182e-44
-2.78674e-44
-2.80191e-44
-2.80914e-44
-2.80933e-44
-2.80247e-44
-2.78772e-44
-2.76327e-44
-2.72628e-44
-2.67282e-44
-2.59802e-44
-2.49575e-44
-2.35657e-44
-2.16269e-44
-1.88321e-44
-1.48639e-44
-9.74125e-45
-4.38973e-45
-4.1225e-46
-1.32109e-51
-1.42753e-50
-3.25591e-50
-5.14782e-50
-6.76573e-50
-8.01284e-50
-8.92438e-50
-9.57562e-50
-1.00317e-49
-1.0344e-49
-1.05529e-49
-1.06894e-49
-1.07757e-49
-1.08264e-49
-1.08503e-49
-1.08513e-49
-1.08295e-49
-1.0781e-49
-1.06974e-49
-1.05639e-49
-1.03584e-49
-1.00497e-49
-9.59681e-50
-8.94782e-50
-8.03675e-50
-6.78742e-50
-5.16394e-50
-3.26392e-50
-1.4287e-50
-1.31457e-51
-3.88855e-57
-4.10384e-56
-9.22454e-56
-1.45055e-55
-1.90658e-55
-2.26006e-55
-2.516e-55
-2.69308e-55
-2.81055e-55
-2.88529e-55
-2.93106e-55
-2.95814e-55
-2.97361e-55
-2.98195e-55
-2.98573e-55
-2.98609e-55
-2.98306e-55
-2.97556e-55
-2.96106e-55
-2.93512e-55
-2.89063e-55
-2.81723e-55
-2.70101e-55
-2.52479e-55
-2.26902e-55
-1.91465e-55
-1.45651e-55
-9.25471e-56
-4.10967e-56
-3.86775e-57
-1.06384e-62
-1.05379e-61
-2.24828e-61
-3.39572e-61
-4.33059e-61
-5.01348e-61
-5.47373e-61
-5.76255e-61
-5.92859e-61
-6.01305e-61
-6.04802e-61
-6.05642e-61
-6.05324e-61
-6.04747e-61
-6.044e-61
-6.04493e-61
-6.05034e-61
-6.05829e-61
-6.064e-61
-6.05859e-61
-6.02703e-61
-5.94623e-61
-5.78365e-61
-5.4974e-61
-5.03784e-61
-4.35278e-61
-3.41239e-61
-2.25705e-61
-1.05577e-61
-1.05765e-62
-2.72344e-68
-2.43865e-67
-4.76085e-67
-6.66525e-67
-7.98445e-67
-8.77945e-67
-9.18676e-67
-9.33691e-67
-9.33023e-67
-9.24033e-67
-9.11848e-67
-8.99762e-67
-8.89699e-67
-8.82671e-67
-8.79153e-67
-8.79324e-67
-8.83197e-67
-8.90623e-67
-9.01155e-67
-9.138e-67
-9.26638e-67
-9.36351e-67
-9.37744e-67
-9.23324e-67
-8.82865e-67
-8.03085e-67
-6.70168e-67
-4.78129e-67
-2.44399e-67
-2.70615e-68
-6.56405e-74
-5.13349e-73
-8.84517e-73
-1.10438e-72
-1.19523e-72
-1.20318e-72
-1.16725e-72
-1.11256e-72
-1.05343e-72
-9.97838e-73
-9.49914e-73
-9.11475e-73
-8.83008e-73
-8.64375e-73
-8.55268e-73
-8.5548e-73
-8.65027e-73
-8.84158e-73
-9.13218e-73
-9.52381e-73
-1.00118e-72
-1.05781e-72
-1.11807e-72
-1.17386e-72
-1.21056e-72
-1.20268e-72
-1.11073e-72
-8.8848e-73
-5.14573e-73
-6.51873e-74
-1.49797e-79
-9.9255e-79
-1.45851e-78
-1.55853e-78
-1.45335e-78
-1.27258e-78
-1.08643e-78
-9.22882e-79
-7.89149e-79
-6.84293e-79
-6.04726e-79
-5.46444e-79
-5.05921e-79
-4.80453e-79
-4.68242e-79
-4.68403e-79
-4.8095e-79
-5.06804e-79
-5.478e-79
-6.0669e-79
-6.87051e-79
-7.92943e-79
-9.27982e-79
-1.09306e-78
-1.28076e-78
-1.46262e-78
-1.56758e-78
-1.46508e-78
-9.95021e-79
-1.4867e-79
-3.25241e-85
-1.77935e-84
-2.16226e-84
-1.89733e-84
-1.44226e-84
-1.02319e-84
-7.04627e-85
-4.81299e-85
-3.30225e-85
-2.40775e-85
-1.88857e-85
-1.60374e-85
-1.42007e-85
-1.3169e-85
-1.27587e-85
-1.27629e-85
-1.31819e-85
-1.42279e-85
-1.60807e-85
-1.89548e-85
-2.41903e-85
-3.32141e-85
-4.84259e-85
-7.09138e-85
-1.02982e-84
-1.45134e-84
-1.90812e-84
-2.17186e-84
-1.78392e-84
-3.22609e-85
-6.74855e-91
-2.98379e-90
-2.92133e-90
-2.0259e-90
-1.18258e-90
-6.18539e-91
-2.9821e-91
-1.64971e-91
-1.06981e-91
-8.10908e-92
-6.82553e-92
-5.95981e-92
-5.49409e-92
-5.22138e-92
-5.09352e-92
-5.09482e-92
-5.22543e-92
-5.50135e-92
-5.97256e-92
-6.84454e-92
-8.13709e-92
-1.07487e-91
-1.65945e-91
-3.00158e-91
-6.22503e-91
-1.18979e-90
-2.03706e-90
-2.93406e-90
-2.99163e-90
-6.68999e-91
-1.34309e-96
-4.71746e-96
-3.64478e-96
-1.93516e-96
-8.20044e-97
-2.88181e-97
-1.19981e-97
-6.85077e-98
-4.74809e-98
-3.56928e-98
-2.81406e-98
-2.34417e-98
-2.10508e-98
-1.96393e-98
-1.89865e-98
-1.89926e-98
-1.96583e-98
-2.10847e-98
-2.3495e-98
-2.8234e-98
-3.58343e-98
-4.76987e-98
-6.88783e-98
-1.20744e-97
-2.90021e-97
-8.24908e-97
-1.94554e-96
-3.66043e-96
-4.73012e-96
-1.33067e-96
-2.57287e-102
-7.08141e-102
-4.25145e-102
-1.68945e-102
-4.98667e-103
-1.3881e-103
-5.82238e-104
-3.29493e-104
-1.98971e-104
-1.37239e-104
-1.01244e-104
-7.94942e-105
-6.64621e-105
-5.93146e-105
-5.67891e-105
-5.68127e-105
-5.9388e-105
-6.66286e-105
-7.97596e-105
-1.01654e-104
-1.37879e-104
-2.00105e-104
-3.31465e-104
-5.85989e-104
-1.39724e-103
-5.01636e-103
-1.69842e-102
-4.26958e-102
-7.1008e-102
-2.54763e-102
-4.75868e-108
-1.01548e-107
-4.68765e-108
-1.37695e-108
-2.82983e-109
-7.47492e-110
-3.03756e-110
-1.43237e-110
-7.90179e-111
-4.61345e-111
-3.07952e-111
-2.29776e-111
-1.84833e-111
-1.6015e-111
-1.49217e-111
-1.4932e-111
-1.60473e-111
-1.85422e-111
-2.3073e-111
-3.09456e-111
-4.64255e-111
-7.95291e-111
-1.44251e-110
-3.0586e-110
-7.52686e-110
-2.84754e-109
-1.38434e-108
-4.70768e-108
-1.01832e-107
-4.70955e-108
-8.52454e-114
-1.3989e-113
-4.93295e-114
-1.068e-114
-1.68547e-115
-4.20157e-116
-1.51816e-116
-6.22494e-117
-2.79383e-117
-1.47518e-117
-8.71572e-118
-5.63127e-118
-4.07391e-118
-3.45362e-118
-3.18341e-118
-3.18614e-118
-3.46219e-118
-4.08967e-118
-5.66665e-118
-8.77563e-118
-1.48563e-117
-2.81622e-117
-6.2722e-117
-1.52975e-116
-4.23269e-116
-1.69671e-115
-1.07387e-114
-4.95418e-114
-1.40287e-113
-8.432e-114
-1.48328e-119
-1.86082e-119
-4.99632e-120
-8.01134e-121
-1.05555e-121
-2.37456e-122
-7.28581e-123
-2.56881e-123
-9.88061e-124
-4.49699e-124
-2.21687e-124
-1.3668e-124
-9.63038e-125
-7.60961e-125
-6.76427e-125
-6.77313e-125
-7.6379e-125
-9.6842e-125
-1.37606e-124
-2.23706e-124
-4.53661e-124
-9.96264e-124
-2.59063e-123
-7.34564e-123
-2.39249e-122
-1.06292e-121
-8.05664e-121
-5.01804e-120
-1.86619e-119
-1.46646e-119
-2.51463e-125
-2.40251e-125
-4.90885e-126
-5.89086e-127
-6.79479e-128
-1.38244e-128
-3.59334e-129
-1.05981e-129
-3.64632e-130
-1.4247e-130
-6.76048e-131
-3.91259e-131
-2.58765e-131
-1.96793e-131
-1.71901e-131
-1.72172e-131
-1.97671e-131
-2.60491e-131
-3.94374e-131
-6.8173e-131
-1.43863e-130
-3.67928e-130
-1.06935e-129
-3.62255e-129
-1.3931e-128
-6.84308e-128
-5.92495e-127
-4.93041e-126
-2.40957e-125
-2.48503e-125
-4.16625e-131
-3.02693e-131
-4.71597e-132
-4.30191e-133
-4.49348e-134
-8.1119e-135
-1.84174e-135
-4.73743e-136
-1.54399e-136
-5.82908e-137
-2.93638e-137
-1.73859e-137
-1.1964e-137
-9.67368e-138
-8.82069e-138
-8.83094e-138
-9.70516e-138
-1.20348e-137
-1.75117e-137
-2.9593e-137
-5.88133e-137
-1.55742e-136
-4.77902e-136
-1.85659e-135
-8.17409e-135
-4.52544e-134
-4.32715e-133
-4.73689e-132
-3.03602e-131
-4.11565e-131
-6.76765e-137
-3.74386e-137
-4.47173e-138
-3.17089e-139
-3.06123e-140
-5.00886e-141
-1.04423e-141
-2.6001e-142
-8.83744e-143
-3.71477e-143
-2.02956e-143
-1.27576e-143
-9.27776e-144
-7.71039e-144
-7.0244e-144
-7.03256e-144
-7.73463e-144
-9.31901e-144
-1.28332e-143
-2.04242e-143
-3.73844e-143
-8.90076e-143
-2.61895e-142
-1.05206e-141
-5.04566e-141
-3.08268e-140
-3.18961e-139
-4.4918e-138
-3.7554e-137
-6.68303e-137
-1.08115e-142
-4.57649e-143
-4.2345e-144
-2.459e-145
-2.2469e-146
-3.45944e-147
-7.16248e-148
-1.93472e-148
-7.43185e-149
-3.62698e-149
-2.20236e-149
-1.52424e-149
-1.20801e-149
-1.04973e-149
-9.78864e-150
-9.79632e-150
-1.05194e-149
-1.2116e-149
-1.53022e-149
-2.2121e-149
-3.64353e-149
-7.47033e-149
-1.94571e-148
-7.20849e-148
-3.48271e-147
-2.26211e-146
-2.47377e-145
-4.25388e-144
-4.59118e-143
-1.06734e-142
-1.70464e-148
-5.57719e-149
-4.10445e-150
-2.32401e-151
-4.07592e-152
-2.26054e-152
-1.91399e-152
-1.81373e-152
-1.77835e-152
-1.7592e-152
-1.74797e-152
-1.74153e-152
-1.73795e-152
-1.73608e-152
-1.73528e-152
-1.73528e-152
-1.73607e-152
-1.73794e-152
-1.74152e-152
-1.74797e-152
-1.75921e-152
-1.77839e-152
-1.81389e-152
-1.91464e-152
-2.26309e-152
-4.09019e-152
-2.3372e-151
-4.12381e-150
-5.59609e-149
-1.68249e-148
-4.07148e-154
-1.81995e-154
-7.6159e-155
-5.61054e-155
-4.78692e-155
-4.4051e-155
-4.21796e-155
-4.12663e-155
-4.07877e-155
-4.04948e-155
-4.03174e-155
-4.02121e-155
-4.01516e-155
-4.0119e-155
-4.01047e-155
-4.01047e-155
-4.01189e-155
-4.01514e-155
-4.02119e-155
-4.03172e-155
-4.04947e-155
-4.07878e-155
-4.12671e-155
-4.21835e-155
-4.40619e-155
-4.79014e-155
-5.62031e-155
-7.64166e-155
-1.8307e-154
-4.02324e-154
-2.36592e-157
-1.85739e-157
-1.2272e-157
-9.76404e-158
-8.62549e-158
-8.09796e-158
-7.83655e-158
-7.70742e-158
-7.63885e-158
-7.59522e-158
-7.56789e-158
-7.55112e-158
-7.54115e-158
-7.5356e-158
-7.53313e-158
-7.53312e-158
-7.53558e-158
-7.54112e-158
-7.55108e-158
-7.56785e-158
-7.59518e-158
-7.63881e-158
-7.70745e-158
-7.83696e-158
-8.09922e-158
-8.62947e-158
-9.777e-158
-1.23043e-157
-1.87046e-157
-2.34408e-157
-3.59563e-160
-2.75065e-160
-1.87261e-160
-1.54526e-160
-1.39543e-160
-1.3259e-160
-1.2911e-160
-1.27365e-160
-1.26415e-160
-1.25788e-160
-1.25383e-160
-1.25127e-160
-1.24971e-160
-1.24882e-160
-1.24842e-160
-1.24842e-160
-1.24882e-160
-1.2497e-160
-1.25126e-160
-1.25382e-160
-1.25787e-160
-1.26414e-160
-1.27364e-160
-1.29114e-160
-1.32604e-160
-1.3959e-160
-1.54691e-160
-1.87676e-160
-2.76994e-160
-3.5626e-160
-5.13632e-163
-3.8399e-163
-2.67963e-163
-2.27231e-163
-2.08341e-163
-1.99548e-163
-1.95108e-163
-1.92844e-163
-1.9157e-163
-1.90699e-163
-1.90121e-163
-1.89748e-163
-1.89517e-163
-1.89382e-163
-1.89321e-163
-1.89321e-163
-1.89382e-163
-1.89516e-163
-1.89747e-163
-1.9012e-163
-1.90697e-163
-1.91568e-163
-1.92842e-163
-1.95111e-163
-1.99562e-163
-2.08393e-163
-2.27429e-163
-2.68472e-163
-3.86672e-163
-5.08918e-163
-6.96824e-166
-5.10096e-166
-3.63432e-166
-3.14737e-166
-2.91757e-166
-2.81015e-166
-2.75552e-166
-2.72713e-166
-2.71054e-166
-2.69882e-166
-2.69088e-166
-2.68567e-166
-2.68239e-166
-2.68047e-166
-2.67958e-166
-2.67958e-166
-2.68046e-166
-2.68238e-166
-2.68566e-166
-2.69086e-166
-2.69879e-166
-2.7105e-166
-2.72709e-166
-2.75554e-166
-2.81029e-166
-2.91814e-166
-3.14969e-166
-3.64035e-166
-5.13648e-166
-6.90428e-166
-9.04819e-169
-6.49504e-169
-4.70992e-169
-4.14709e-169
-3.87579e-169
-3.74834e-169
-3.6832e-169
-3.64864e-169
-3.62758e-169
-3.6123e-169
-3.60178e-169
-3.59478e-169
-3.59033e-169
-3.58771e-169
-3.58649e-169
-3.58649e-169
-3.5877e-169
-3.59031e-169
-3.59476e-169
-3.60175e-169
-3.61226e-169
-3.62753e-169
-3.64858e-169
-3.68321e-169
-3.74847e-169
-3.87639e-169
-4.14971e-169
-4.71682e-169
-6.54017e-169
-8.96531e-169
-1.1306e-171
-7.96671e-172
-5.86556e-172
-5.23432e-172
-4.92247e-172
-4.77513e-172
-4.69963e-172
-4.65866e-172
-4.63259e-172
-4.61325e-172
-4.59976e-172
-4.5907e-172
-4.5849e-172
-4.58146e-172
-4.57986e-172
-4.57985e-172
-4.58145e-172
-4.58487e-172
-4.59067e-172
-4.59972e-172
-4.61319e-172
-4.63252e-172
-4.65858e-172
-4.69961e-172
-4.77524e-172
-4.92307e-172
-5.2372e-172
-5.87325e-172
-8.02196e-172
-1.12026e-171
-1.36422e-174
-9.44375e-175
-7.04554e-175
-6.35681e-175
-6.00707e-175
-5.84082e-175
-5.75556e-175
-5.70816e-175
-5.6767e-175
-5.65291e-175
-5.63615e-175
-5.62481e-175
-5.61752e-175
-5.61319e-175
-5.61116e-175
-5.61115e-175
-5.61316e-175
-5.61748e-175
-5.62477e-175
-5.63609e-175
-5.65284e-175
-5.67661e-175
-5.70805e-175
-5.75552e-175
-5.84089e-175
-6.00765e-175
-6.35988e-175
-7.05385e-175
-9.50909e-175
-1.35173e-174
-1.59328e-177
-1.08416e-177
-8.18214e-178
-7.44971e-178
-7.06645e-178
-6.88308e-178
-6.78915e-178
-6.73559e-178
-6.69854e-178
-6.67009e-178
-6.64989e-178
-6.63616e-178
-6.6273e-178
-6.62203e-178
-6.61956e-178
-6.61955e-178
-6.622e-178
-6.62725e-178
-6.6361e-178
-6.64981e-178
-6.67e-178
-6.69842e-178
-6.73545e-178
-6.78907e-178
-6.88312e-178
-7.06698e-178
-7.45289e-178
-8.19093e-178
-1.09165e-177
-1.5787e-177
-1.80374e-180
-1.20702e-180
-9.20134e-181
-8.44084e-181
-8.03006e-181
-7.83223e-181
-7.73116e-181
-7.672e-181
-7.62944e-181
-7.59636e-181
-7.57273e-181
-7.55661e-181
-7.54619e-181
-7.53999e-181
-7.53709e-181
-7.53708e-181
-7.53995e-181
-7.54613e-181
-7.55654e-181
-7.57263e-181
-7.59624e-181
-7.6293e-181
-7.67182e-181
-7.73105e-181
-7.83222e-181
-8.03052e-181
-8.44404e-181
-9.21038e-181
-1.21535e-180
-1.78725e-180
-1.98114e-183
-1.30417e-183
-1.00289e-183
-9.25701e-184
-8.82623e-184
-8.61742e-184
-8.51115e-184
-8.44724e-184
-8.39959e-184
-8.3622e-184
-8.33536e-184
-8.31702e-184
-8.30515e-184
-8.29808e-184
-8.29478e-184
-8.29477e-184
-8.29805e-184
-8.30508e-184
-8.31693e-184
-8.33525e-184
-8.36206e-184
-8.39942e-184
-8.44704e-184
-8.511e-184
-8.61735e-184
-8.8266e-184
-9.26016e-184
-1.0038e-183
-1.31315e-183
-1.963e-183
-2.1117e-186
-1.36782e-186
-1.05974e-186
-9.83097e-187
-9.38896e-187
-9.17335e-187
-9.06417e-187
-8.9967e-187
-8.94474e-187
-8.90365e-187
-8.87407e-187
-8.85384e-187
-8.84074e-187
-8.83295e-187
-8.82931e-187
-8.82929e-187
-8.8329e-187
-8.84067e-187
-8.85374e-187
-8.87395e-187
-8.90349e-187
-8.94454e-187
-8.99647e-187
-9.06399e-187
-9.17323e-187
-9.38925e-187
-9.83399e-187
-1.06063e-186
-1.37723e-186
-2.09237e-186
-2.18406e-189
-1.39219e-189
-1.08544e-189
-1.01095e-189
-9.66595e-190
-9.44829e-190
-9.3387e-190
-9.26913e-190
-9.21399e-190
-9.17017e-190
-9.13855e-190
-9.11691e-190
-9.1029e-190
-9.09458e-190
-9.0907e-190
-9.09068e-190
-9.09453e-190
-9.10282e-190
-9.1168e-190
-9.1384e-190
-9.16999e-190
-9.21378e-190
-9.26888e-190
-9.33849e-190
-9.44814e-190
-9.66617e-190
-1.01123e-189
-1.08631e-189
-1.40175e-189
-2.16409e-189
-2.1908e-192
-1.37437e-192
-1.0771e-192
-1.00617e-192
-9.62665e-193
-9.412e-193
-9.30459e-193
-9.23461e-193
-9.17776e-193
-9.13242e-193
-9.09966e-193
-9.07725e-193
-9.06276e-193
-9.05415e-193
-9.05014e-193
-9.05012e-193
-9.05409e-193
-9.06266e-193
-9.07712e-193
-9.0995e-193
-9.13223e-193
-9.17753e-193
-9.23434e-193
-9.30437e-193
-9.41182e-193
-9.6268e-193
-1.00643e-192
-1.07792e-192
-1.3838e-192
-2.17075e-192
-2.12969e-195
-1.31486e-195
-1.03461e-195
-9.68441e-196
-9.26777e-196
-9.06123e-196
-8.95853e-196
-8.88994e-196
-8.83309e-196
-8.78765e-196
-8.7548e-196
-8.73234e-196
-8.71783e-196
-8.70923e-196
-8.70522e-196
-8.7052e-196
-8.70917e-196
-8.71773e-196
-8.7322e-196
-8.75463e-196
-8.78745e-196
-8.83286e-196
-8.88968e-196
-8.9583e-196
-9.06104e-196
-9.26787e-196
-9.68678e-196
-1.03537e-195
-1.32387e-195
-2.11019e-195
-2.00419e-198
-1.21771e-198
-9.60918e-199
-9.00431e-199
-8.61514e-199
-8.42149e-199
-8.32579e-199
-8.26042e-199
-8.20536e-199
-8.1613e-199
-8.12946e-199
-8.10771e-199
-8.09369e-199
-8.08539e-199
-8.08152e-199
-8.0815e-199
-8.08533e-199
-8.09359e-199
-8.10758e-199
-8.12929e-199
-8.1611e-199
-8.20513e-199
-8.26016e-199
-8.32557e-199
-8.4213e-199
-8.6152e-199
-9.00639e-199
-9.61601e-199
-1.22605e-198
-1.98586e-198
-1.82357e-201
-1.0902e-201
-8.61716e-202
-8.07569e-202
-7.72172e-202
-7.5451e-202
-7.45834e-202
-7.39786e-202
-7.3463e-202
-7.30507e-202
-7.27527e-202
-7.25496e-202
-7.24189e-202
-7.23416e-202
-7.23057e-202
-7.23055e-202
-7.23411e-202
-7.2418e-202
-7.25484e-202
-7.27511e-202
-7.30488e-202
-7.34608e-202
-7.39762e-202
-7.45813e-202
-7.54492e-202
-7.72175e-202
-8.07749e-202
-8.62324e-202
-1.09766e-201
-1.80688e-201
-1.6017e-204
-9.42068e-205
-7.44909e-205
-6.97474e-205
-6.66175e-205
-6.50535e-205
-6.42894e-205
-6.37476e-205
-6.32819e-205
-6.29099e-205
-6.26414e-205
-6.24588e-205
-6.23415e-205
-6.22723e-205
-6.22402e-205
-6.224e-205
-6.22718e-205
-6.23407e-205
-6.24577e-205
-6.264e-205
-6.29082e-205
-6.32799e-205
-6.37454e-205
-6.42875e-205
-6.50518e-205
-6.66177e-205
-6.97626e-205
-7.45436e-205
-9.48509e-205
-1.58704e-204
-1.35575e-207
-7.84325e-208
-6.19568e-208
-5.78967e-208
-5.5212e-208
-5.38701e-208
-5.32178e-208
-5.27489e-208
-5.23441e-208
-5.20215e-208
-5.1789e-208
-5.16312e-208
-5.15301e-208
-5.14706e-208
-5.1443e-208
-5.14428e-208
-5.14702e-208
-5.15294e-208
-5.16303e-208
-5.17877e-208
-5.202e-208
-5.23424e-208
-5.27471e-208
-5.32162e-208
-5.38687e-208
-5.52122e-208
-5.79093e-208
-6.20016e-208
-7.89686e-208
-1.34334e-207
-1.10372e-210
-6.27902e-211
-4.94792e-211
-4.60906e-211
-4.38614e-211
-4.27485e-211
-4.22102e-211
-4.18192e-211
-4.14814e-211
-4.1213e-211
-4.102e-211
-4.08893e-211
-4.08058e-211
-4.07568e-211
-4.0734e-211
-4.07339e-211
-4.07564e-211
-4.08052e-211
-4.08885e-211
-4.10189e-211
-4.12117e-211
-4.14799e-211
-4.18177e-211
-4.22088e-211
-4.27474e-211
-4.38616e-211
-4.61009e-211
-4.95162e-211
-6.32191e-211
-1.09361e-210
-8.62362e-214
-4.82303e-214
-3.78525e-214
-3.51028e-214
-3.33155e-214
-3.24257e-214
-3.19973e-214
-3.16842e-214
-3.14143e-214
-3.12007e-214
-3.10474e-214
-3.0944e-214
-3.08781e-214
-3.08395e-214
-3.08216e-214
-3.08215e-214
-3.08392e-214
-3.08776e-214
-3.09434e-214
-3.10466e-214
-3.11997e-214
-3.14131e-214
-3.1683e-214
-3.19962e-214
-3.24249e-214
-3.33159e-214
-3.51109e-214
-3.78823e-214
-4.85597e-214
-8.54461e-214
-6.45141e-217
-3.54605e-217
-2.76697e-217
-2.5507e-217
-2.41271e-217
-2.3443e-217
-2.31153e-217
-2.28753e-217
-2.26694e-217
-2.25072e-217
-2.23912e-217
-2.23132e-217
-2.22636e-217
-2.22347e-217
-2.22213e-217
-2.22212e-217
-2.22344e-217
-2.22633e-217
-2.23127e-217
-2.23906e-217
-2.25064e-217
-2.26685e-217
-2.28744e-217
-2.31145e-217
-2.34425e-217
-2.41275e-217
-2.55133e-217
-2.76928e-217
-3.57025e-217
-6.39235e-217
-4.60932e-220
-2.48886e-220
-1.92709e-220
-1.76287e-220
-1.66057e-220
-1.61015e-220
-1.58613e-220
-1.56857e-220
-1.55362e-220
-1.54192e-220
-1.53358e-220
-1.52799e-220
-1.52445e-220
-1.52238e-220
-1.52143e-220
-1.52143e-220
-1.52237e-220
-1.52442e-220
-1.52795e-220
-1.53353e-220
-1.54186e-220
-1.55356e-220
-1.56851e-220
-1.58608e-220
-1.61012e-220
-1.6606e-220
-1.76335e-220
-1.92883e-220
-2.50584e-220
-4.56706e-220
-3.13559e-223
-1.66242e-223
-1.27445e-223
-1.15456e-223
-1.09066e-223
-1.0605e-223
-1.04572e-223
-1.03412e-223
-1.02389e-223
-1.01578e-223
-1.00997e-223
-1.00607e-223
-1.0036e-223
-1.00216e-223
-1.0015e-223
-1.00149e-223
-1.00215e-223
-1.00358e-223
-1.00604e-223
-1.00993e-223
-1.01574e-223
-1.02385e-223
-1.03408e-223
-1.04568e-223
-1.06048e-223
-1.09069e-223
-1.15491e-223
-1.2757e-223
-1.67376e-223
-3.10686e-223
-2.02371e-226
-1.05271e-226
-7.99957e-227
-7.29443e-227
-6.87668e-227
-6.67052e-227
-6.57014e-227
-6.49202e-227
-6.42392e-227
-6.37029e-227
-6.33203e-227
-6.30648e-227
-6.29037e-227
-6.28102e-227
-6.27672e-227
-6.2767e-227
-6.28094e-227
-6.29024e-227
-6.30629e-227
-6.33179e-227
-6.37001e-227
-6.4236e-227
-6.49171e-227
-6.5699e-227
-6.67038e-227
-6.87698e-227
-7.29684e-227
-8.00826e-227
-1.05989e-226
-2.00516e-226
-1.26274e-229
-6.35339e-230
-4.83134e-230
-4.35184e-230
-4.07815e-230
-3.94449e-230
-3.87989e-230
-3.8302e-230
-3.78747e-230
-3.7541e-230
-3.73041e-230
-3.71468e-230
-3.70481e-230
-3.6991e-230
-3.69649e-230
-3.69648e-230
-3.69905e-230
-3.70473e-230
-3.71457e-230
-3.73027e-230
-3.75393e-230
-3.78728e-230
-3.83001e-230
-3.87975e-230
-3.94442e-230
-4.07838e-230
-4.35347e-230
-4.83714e-230
-6.39679e-230
-1.25119e-229
-7.42285e-233
-3.65767e-233
-2.7384e-233
-2.43014e-233
-2.26085e-233
-2.17919e-233
-2.14006e-233
-2.11039e-233
-2.08527e-233
-2.06584e-233
-2.05213e-233
-2.04308e-233
-2.03743e-233
-2.03418e-233
-2.0327e-233
-2.03269e-233
-2.03415e-233
-2.03738e-233
-2.04301e-233
-2.05204e-233
-2.06574e-233
-2.08516e-233
-2.11028e-233
-2.13998e-233
-2.17916e-233
-2.26103e-233
-2.43119e-233
-2.74207e-233
-3.68268e-233
-7.35493e-233
-4.0857e-236
-1.9689e-236
-1.44721e-236
-1.26166e-236
-1.1637e-236
-1.11707e-236
-1.09494e-236
-1.07843e-236
-1.06469e-236
-1.05417e-236
-1.0468e-236
-1.04197e-236
-1.03898e-236
-1.03726e-236
-1.03649e-236
-1.03648e-236
-1.03725e-236
-1.03895e-236
-1.04193e-236
-1.04676e-236
-1.05412e-236
-1.06463e-236
-1.07837e-236
-1.0949e-236
-1.11706e-236
-1.16382e-236
-1.26229e-236
-1.44938e-236
-1.98236e-236
-4.04834e-236
-2.08925e-239
-9.83571e-240
-7.08123e-240
-6.04781e-240
-5.52303e-240
-5.27661e-240
-5.16086e-240
-5.07596e-240
-5.00655e-240
-4.954e-240
-4.9175e-240
-4.89376e-240
-4.87916e-240
-4.87087e-240
-4.86712e-240
-4.86709e-240
-4.87079e-240
-4.87902e-240
-4.89358e-240
-4.91727e-240
-4.95372e-240
-5.00625e-240
-5.07568e-240
-5.1607e-240
-5.27663e-240
-5.52378e-240
-6.05135e-240
-7.09324e-240
-9.90303e-240
-2.07014e-239
-9.8386e-243
-4.52255e-243
-3.18548e-243
-2.65987e-243
-2.40261e-243
-2.28334e-243
-2.22789e-243
-2.18786e-243
-2.15571e-243
-2.13167e-243
-2.11512e-243
-2.10446e-243
-2.09796e-243
-2.09431e-243
-2.09266e-243
-2.09265e-243
-2.09427e-243
-2.0979e-243
-2.10438e-243
-2.11502e-243
-2.13154e-243
-2.15557e-243
-2.18773e-243
-2.22783e-243
-2.28338e-243
-2.40303e-243
-2.6617e-243
-3.19157e-243
-4.55352e-243
-9.74862e-243
-4.22678e-246
-1.89788e-246
-1.30917e-246
-1.06838e-246
-9.54309e-247
-9.01976e-247
-8.77865e-247
-8.60684e-247
-8.47121e-247
-8.37104e-247
-8.30283e-247
-8.25932e-247
-8.23311e-247
-8.21852e-247
-8.21202e-247
-8.21197e-247
-8.21837e-247
-8.23286e-247
-8.25898e-247
-8.30239e-247
-8.37052e-247
-8.47065e-247
-8.60634e-247
-8.77841e-247
-9.02002e-247
-9.54518e-247
-1.06925e-246
-1.31199e-246
-1.9109e-246
-4.18814e-246
-1.64151e-249
-7.21343e-250
-4.89481e-250
-3.91373e-250
-3.46069e-250
-3.2541e-250
-3.15957e-250
-3.0928e-250
-3.04086e-250
-3.00298e-250
-2.97748e-250
-2.96142e-250
-2.95188e-250
-2.94665e-250
-2.94434e-250
-2.94432e-250
-2.94659e-250
-2.95179e-250
-2.96129e-250
-2.97731e-250
-3.00278e-250
-3.04065e-250
-3.09261e-250
-3.15949e-250
-3.25424e-250
-3.46161e-250
-3.9174e-250
-4.9066e-250
-7.26297e-250
-1.62651e-249
-5.72135e-253
-2.47065e-253
-1.66446e-253
-1.31223e-253
-1.15192e-253
-1.07874e-253
-1.04536e-253
-1.02186e-253
-1.00379e-253
-9.90775e-254
-9.82124e-254
-9.7676e-254
-9.73633e-254
-9.71949e-254
-9.71218e-254
-9.71211e-254
-9.71929e-254
-9.73599e-254
-9.76714e-254
-9.82065e-254
-9.90705e-254
-1.00372e-253
-1.02179e-253
-1.04533e-253
-1.0788e-253
-1.15229e-253
-1.31364e-253
-1.66888e-253
-2.48767e-253
-5.66917e-253
-1.78556e-256
-7.63139e-257
-5.17902e-257
-4.06655e-257
-3.55877e-257
-3.32432e-257
-3.21727e-257
-3.1418e-257
-3.08432e-257
-3.04338e-257
-3.01658e-257
-3.00029e-257
-2.99104e-257
-2.98619e-257
-2.98413e-257
-2.98411e-257
-2.98612e-257
-2.99093e-257
-3.00014e-257
-3.01639e-257
-3.04315e-257
-3.08407e-257
-3.1416e-257
-3.21721e-257
-3.32456e-257
-3.56007e-257
-4.07141e-257
-5.19394e-257
-7.68409e-257
-1.76929e-256
-5.02516e-260
-2.14796e-260
-1.49464e-260
-1.18108e-260
-1.03396e-260
-9.64498e-261
-9.32667e-261
-9.10188e-261
-8.9322e-261
-8.81296e-261
-8.73633e-261
-8.69098e-261
-8.66611e-261
-8.65364e-261
-8.64854e-261
-8.64847e-261
-8.65344e-261
-8.66578e-261
-8.69052e-261
-8.73575e-261
-8.81226e-261
-8.93146e-261
-9.10126e-261
-9.32651e-261
-9.64577e-261
-1.03438e-260
-1.18262e-260
-1.49923e-260
-2.16286e-260
-4.97955e-260
-1.30185e-263
-5.62831e-264
-4.06816e-264
-3.2472e-264
-2.84141e-264
-2.64453e-264
-2.55426e-264
-2.49094e-264
-2.44382e-264
-2.41129e-264
-2.39087e-264
-2.37921e-264
-2.37314e-264
-2.37029e-264
-2.3692e-264
-2.36918e-264
-2.37024e-264
-2.37305e-264
-2.37908e-264
-2.39071e-264
-2.41109e-264
-2.44361e-264
-2.49076e-264
-2.55423e-264
-2.64478e-264
-2.84269e-264
-3.25174e-264
-4.08122e-264
-5.66749e-264
-1.29007e-263
-3.19556e-267
-1.40473e-267
-1.05167e-267
-8.40443e-268
-7.29986e-268
-6.75438e-268
-6.50656e-268
-6.33665e-268
-6.21336e-268
-6.13027e-268
-6.07972e-268
-6.05214e-268
-6.0388e-268
-6.03321e-268
-6.03133e-268
-6.03128e-268
-6.03306e-268
-6.03855e-268
-6.0518e-268
-6.07929e-268
-6.12976e-268
-6.21282e-268
-6.33622e-268
-6.50652e-268
-6.75515e-268
-7.30353e-268
-8.41712e-268
-1.0552e-267
-1.41456e-267
-3.16683e-267
-7.53901e-271
-3.34573e-271
-2.54086e-271
-1.99506e-271
-1.701e-271
-1.55607e-271
-1.49151e-271
-1.44892e-271
-1.41912e-271
-1.39966e-271
-1.38826e-271
-1.3824e-271
-1.37985e-271
-1.37897e-271
-1.37877e-271
-1.37875e-271
-1.37894e-271
-1.37979e-271
-1.38232e-271
-1.38816e-271
-1.39954e-271
-1.41899e-271
-1.44882e-271
-1.49152e-271
-1.55629e-271
-1.70198e-271
-1.99838e-271
-2.54987e-271
-3.36919e-271
-7.47133e-271
-1.66602e-274
-7.3505e-275
-5.51665e-275
-4.17286e-275
-3.45165e-275
-3.10237e-275
-2.95071e-275
-2.85509e-275
-2.79106e-275
-2.75082e-275
-2.72827e-275
-2.71747e-275
-2.71345e-275
-2.71259e-275
-2.71267e-275
-2.71265e-275
-2.71252e-275
-2.71333e-275
-2.71731e-275
-2.72806e-275
-2.75058e-275
-2.79081e-275
-2.85491e-275
-2.95077e-275
-3.10294e-275
-3.45402e-275
-4.1807e-275
-5.53762e-275
-7.40219e-275
-1.65109e-274
-3.24731e-278
-1.40556e-278
-1.02384e-278
-7.35408e-279
-5.84021e-279
-5.12386e-279
-4.82073e-279
-4.63799e-279
-4.52117e-279
-4.45075e-279
-4.41318e-279
-4.39673e-279
-4.39196e-279
-4.39215e-279
-4.39319e-279
-4.39315e-279
-4.39204e-279
-4.39176e-279
-4.39646e-279
-4.41284e-279
-4.45034e-279
-4.52076e-279
-4.63773e-279
-4.82094e-279
-5.1251e-279
-5.84505e-279
-7.36992e-279
-1.02805e-278
-1.41547e-278
-3.21814e-278
-5.20621e-282
-2.19665e-282
-1.54168e-282
-1.04269e-282
-7.87469e-283
-6.6938e-283
-6.20548e-283
-5.92267e-283
-5.74985e-283
-5.65001e-283
-5.59947e-283
-5.57953e-283
-5.57585e-283
-5.57841e-283
-5.58108e-283
-5.58102e-283
-5.57826e-283
-5.5756e-283
-5.57917e-283
-5.59901e-283
-5.64948e-283
-5.74931e-283
-5.92236e-283
-6.20593e-283
-6.69592e-283
-7.88268e-283
-1.04528e-282
-1.54855e-282
-2.21218e-282
-5.15943e-282
-6.40864e-286
-2.63302e-286
-1.77986e-286
-1.12817e-286
-8.02244e-287
-6.54286e-287
-5.94264e-287
-5.6065e-287
-5.40936e-287
-5.29989e-287
-5.24709e-287
-5.22835e-287
-5.22708e-287
-5.23187e-287
-5.23581e-287
-5.23576e-287
-5.23172e-287
-5.22683e-287
-5.22799e-287
-5.24663e-287
-5.29935e-287
-5.40884e-287
-5.60625e-287
-5.94331e-287
-6.54559e-287
-8.0325e-287
-1.13141e-286
-1.78845e-286
-2.65174e-286
-6.35075e-286
-5.59273e-290
-2.24129e-290
-1.46273e-290
-8.66306e-291
-5.73129e-291
-4.42023e-291
-3.89604e-291
-3.60998e-291
-3.44777e-291
-3.36037e-291
-3.31948e-291
-3.3058e-291
-3.30575e-291
-3.31019e-291
-3.31361e-291
-3.31358e-291
-3.31008e-291
-3.30558e-291
-3.30555e-291
-3.31916e-291
-3.35999e-291
-3.4474e-291
-3.60985e-291
-3.8967e-291
-4.42271e-291
-5.74027e-291
-8.69183e-291
-1.47035e-290
-2.25737e-290
-5.54207e-290
-3.06062e-294
-1.19877e-294
-7.56218e-295
-4.17385e-295
-2.53007e-295
-1.8031e-295
-1.51505e-295
-1.36042e-295
-1.27459e-295
-1.22888e-295
-1.2073e-295
-1.19961e-295
-1.19889e-295
-1.20061e-295
-1.20205e-295
-1.20204e-295
-1.20057e-295
-1.19882e-295
-1.1995e-295
-1.20716e-295
-1.22871e-295
-1.27443e-295
-1.36038e-295
-1.51544e-295
-1.8045e-295
-2.53508e-295
-4.18986e-295
-7.60461e-295
-1.20753e-294
-3.03262e-294
-8.0652e-299
-3.08117e-299
-1.85328e-299
-9.46656e-300
-5.15049e-300
-3.26114e-300
-2.51475e-300
-2.116e-300
-1.89541e-300
-1.7759e-300
-1.71576e-300
-1.68979e-300
-1.6818e-300
-1.6814e-300
-1.68253e-300
-1.6825e-300
-1.68131e-300
-1.68165e-300
-1.68957e-300
-1.71547e-300
-1.77555e-300
-1.89509e-300
-2.11597e-300
-2.5158e-300
-3.26478e-300
-5.16353e-300
-9.50846e-300
-1.86453e-299
-3.1048e-299
-7.99002e-299
-2.40971e-304
-7.79134e-305
-2.02848e-305
-4.59829e-306
-1.27676e-306
-4.9892e-307
-2.84342e-307
-1.94518e-307
-1.52104e-307
-1.30851e-307
-1.20148e-307
-1.15009e-307
-1.12788e-307
-1.11981e-307
-1.11757e-307
-1.11754e-307
-1.11969e-307
-1.12767e-307
-1.14977e-307
-1.20103e-307
-1.30793e-307
-1.52039e-307
-1.94488e-307
-2.84522e-307
-5.00081e-307
-1.28276e-306
-4.63698e-306
-2.05164e-305
-7.89715e-305
-2.38054e-304
-2.91209e-316
-5.77937e-317
-2.53351e-318
-1.08566e-319
-7.94458e-321
-1.31421e-321
-4.10074e-322
-1.87745e-322
-1.18576e-322
-8.89318e-323
-7.41098e-323
-5.92879e-323
-5.92879e-323
-5.92879e-323
-4.44659e-323
-5.92879e-323
-5.92879e-323
-5.92879e-323
-5.92879e-323
-7.41098e-323
-7.41098e-323
-1.03754e-322
-1.87745e-322
-3.95253e-322
-1.31421e-321
-8.00386e-321
-1.10404e-319
-2.5909e-318
-5.92484e-317
-2.8324e-316
0
0
0
0
0
0
0
0
0
0
0
0
0
0
0
0
0
0
0
0
0
0
0
0
0
0
0
0
0
0
0
0
0
0
0
0
0
0
0
0
0
0
0
0
0
0
0
0
0
0
0
0
0
0
0
0
0
0
0
0
0
0
0
0
0
0
0
0
0
0
0
0
0
0
0
0
0
0
0
0
0
0
0
0
0
0
0
0
0
0
0
0
0
0
0
0
0
0
0
0
0
0
0
0
0
0
0
0
0
0
0
0
0
0
0
0
0
0
0
0
0
0
0
0
0
0
0
0
0
0
0
0
0
0
0
0
0
0
0
0
0
0
0
0
0
0
0
0
0
0
0
0
0
0
0
0
0
0
0
0
0
0
0
0
0
0
0
0
0
0
0
0
0
0
0
0
0
0
0
0
0
0
0
0
0
0
0
0
0
0
0
0
0
0
0
0
0
0
0
0
0
0
0
0
0
0
0
0
0
0
0
0
0
0
0
0
0
0
0
0
0
0
0
0
0
0
0
0
0
0
0
0
0
0
0
0
0
0
0
0
0
0
0
0
0
0
0
0
0
0
0
0
0
0
0
0
0
0
0
0
0
0
0
0
0
0
0
0
0
0
0
0
0
0
0
0
0
0
0
0
0
0
0
0
0
0
0
0
0
0
0
0
0
0
0
0
0
0
0
0
0
0
0
0
0
0
0
0
0
0
0
0
0
0
0
0
0
0
0
0
0
0
0
0
0
0
0
0
0
0
0
0
0
0
0
0
0
0
0
0
0
0
0
0
0
0
0
0
0
0
0
0
0
0
0
0
0
0
0
0
0
0
0
0
0
0
0
0
0
0
0
0
0
0
0
0
0
0
0
0
0
0
0
0
0
0
0
0
0
0
0
0
0
0
0
0
0
0
0
0
0
0
0
0
0
0
0
0
0
0
0
0
0
0
0
0
0
0
0
0
0
0
0
0
0
0
0
0
0
0
0
0
0
0
0
0
0
0
0
0
0
0
0
0
0
0
0
0
0
0
0
0
0
0
0
0
0
0
0
0
0
0
0
0
0
0
0
0
0
0
0
0
0
0
0
0
0
0
0
0
0
0
0
0
0
0
0
0
0
0
0
0
0
0
0
0
0
0
0
0
0
0
0
0
0
0
0
0
0
0
0
0
0
0
0
0
0
0
0
0
0
0
0
0
0
0
0
0
0
0
0
0
0
0
0
0
0
0
0
0
0
0
0
0
0
0
0
0
0
0
0
0
0
0
0
0
0
0
0
0
0
0
0
0
0
0
0
0
0
0
0
0
0
0
0
0
0
0
0
0
0
0
0
0
0
0
0
0
0
0
0
0
0
0
0
0
0
0
0
0
0
0
0
0
0
0
0
0
0
0
0
0
0
0
0
0
0
0
0
0
0
0
0
0
0
0
0
0
0
0
0
0
0
0
0
0
0
0
0
0
0
0
0
0
0
0
0
0
0
0
0
0
0
0
0
0
0
0
0
0
0
0
0
0
0
0
0
0
0
0
0
0
0
0
0
0
0
0
0
0
0
0
0
0
0
0
0
0
0
0
0
0
0
0
0
0
0
0
0
0
0
0
0
0
0
0
0
0
0
0
0
0
0
0
0
0
0
0
0
0
0
0
0
0
0
0
0
0
0
0
0
0
0
0
0
0
0
0
0
0
0
0
0
0
0
0
0
0
0
0
)
;

boundaryField
{
    inlet
    {
        type            calculated;
        value           nonuniform List<scalar> 
30
(
-22.9124
-22.3693
-22.223
-22.1745
-22.1324
-22.1057
-22.0889
-22.0776
-22.0696
-22.0638
-22.0597
-22.0568
-22.0548
-22.0536
-22.053
-22.053
-22.0536
-22.0548
-22.0567
-22.0596
-22.0637
-22.0694
-22.0774
-22.0887
-22.1056
-22.1323
-22.1743
-22.2228
-22.3692
-22.9123
)
;
    }
    outlet
    {
        type            calculated;
        value           uniform 0;
    }
    walls
    {
        type            calculated;
        value           nonuniform List<scalar> 
400
(
-22.9124
-0.884202
0.848451
0.877564
0.890679
0.903234
0.914821
0.925314
0.935135
0.94424
0.952082
0.95933
0.965732
0.971254
0.975881
0.979665
0.98231
0.984114
0.985019
0.985049
0.984209
0.982499
0.979908
0.976434
0.972092
0.966946
0.960903
0.954066
0.946455
0.938104
0.929041
0.919289
0.908875
0.89782
0.886154
0.87393
0.861102
0.847791
0.834004
0.819782
0.805158
0.790171
0.774853
0.75924
0.743356
0.727227
0.710877
0.694355
0.677687
0.660908
0.64406
0.627168
0.610259
0.593353
0.576467
0.559618
0.542828
0.526113
0.509498
0.492987
0.476606
0.460376
0.444307
0.428409
0.412691
0.397157
0.381814
0.366665
0.351714
0.336963
0.322413
0.308063
0.293912
0.279958
0.266199
0.252631
0.23925
0.226053
0.213037
0.200198
0.187533
0.175039
0.162716
0.150562
0.13858
0.126772
0.115141
0.103697
0.092449
0.0814121
0.070611
0.0600874
0.0499038
0.040139
0.0308681
0.0221705
0.0140134
0.00723097
-0.000258119
-0.00281959
-0.130085
0.000113793
2.18918e-08
2.89859e-14
-1.25785e-19
-1.26456e-24
-6.93887e-30
-3.06826e-35
-1.18716e-40
-4.14148e-46
-1.32109e-51
-3.88855e-57
-1.06384e-62
-2.72344e-68
-6.56405e-74
-1.49797e-79
-3.25241e-85
-6.74855e-91
-1.34309e-96
-2.57287e-102
-4.75868e-108
-8.52454e-114
-1.48328e-119
-2.51463e-125
-4.16625e-131
-6.76765e-137
-1.08115e-142
-1.70464e-148
-4.07148e-154
-2.36592e-157
-3.59563e-160
-5.13632e-163
-6.96824e-166
-9.04819e-169
-1.1306e-171
-1.36422e-174
-1.59328e-177
-1.80374e-180
-1.98114e-183
-2.1117e-186
-2.18406e-189
-2.1908e-192
-2.12969e-195
-2.00419e-198
-1.82357e-201
-1.6017e-204
-1.35575e-207
-1.10372e-210
-8.62362e-214
-6.45141e-217
-4.60932e-220
-3.13559e-223
-2.02371e-226
-1.26274e-229
-7.42285e-233
-4.0857e-236
-2.08925e-239
-9.8386e-243
-4.22678e-246
-1.64151e-249
-5.72135e-253
-1.78556e-256
-5.02516e-260
-1.30185e-263
-3.19556e-267
-7.53901e-271
-1.66602e-274
-3.24731e-278
-5.20621e-282
-6.40864e-286
-5.59273e-290
-3.06062e-294
-8.0652e-299
-2.40971e-304
-2.91209e-316
0
0
0
0
0
0
0
0
0
0
0
0
0
0
0
0
0
0
0
0
0
0
0
0
0
-22.9123
-0.88413
0.848536
0.877662
0.89079
0.903349
0.914931
0.925397
0.935137
0.944208
0.951938
0.959105
0.965494
0.971063
0.975763
0.979601
0.982309
0.984125
0.985026
0.985047
0.984198
0.982484
0.979898
0.976436
0.97211
0.966982
0.960955
0.954144
0.946558
0.938225
0.929162
0.919391
0.908943
0.89785
0.886152
0.873897
0.861069
0.84774
0.83394
0.819704
0.805069
0.790079
0.774772
0.759179
0.743326
0.727228
0.710911
0.694415
0.677762
0.66099
0.64414
0.62724
0.610317
0.593398
0.576498
0.559636
0.54283
0.526099
0.509469
0.492956
0.476577
0.460344
0.444273
0.428373
0.412653
0.39712
0.381777
0.366631
0.351684
0.336936
0.322389
0.308042
0.293894
0.279943
0.266186
0.25262
0.239241
0.226046
0.213032
0.200194
0.187529
0.175037
0.162714
0.150561
0.138579
0.126771
0.11514
0.103696
0.0924485
0.0814117
0.0706108
0.0600873
0.0499038
0.040139
0.0308682
0.0221707
0.0140136
0.00723133
-0.000257291
-0.00282572
-0.130083
0.00011374
2.1871e-08
2.89311e-14
-1.25418e-19
-1.26036e-24
-6.91334e-30
-3.05601e-35
-1.18209e-40
-4.1225e-46
-1.31457e-51
-3.86775e-57
-1.05765e-62
-2.70615e-68
-6.51873e-74
-1.4867e-79
-3.22609e-85
-6.68999e-91
-1.33067e-96
-2.54763e-102
-4.70955e-108
-8.432e-114
-1.46646e-119
-2.48503e-125
-4.11565e-131
-6.68303e-137
-1.06734e-142
-1.68249e-148
-4.02324e-154
-2.34408e-157
-3.5626e-160
-5.08918e-163
-6.90428e-166
-8.96531e-169
-1.12026e-171
-1.35173e-174
-1.5787e-177
-1.78725e-180
-1.963e-183
-2.09237e-186
-2.16409e-189
-2.17075e-192
-2.11019e-195
-1.98586e-198
-1.80688e-201
-1.58704e-204
-1.34334e-207
-1.09361e-210
-8.54461e-214
-6.39235e-217
-4.56706e-220
-3.10686e-223
-2.00516e-226
-1.25119e-229
-7.35493e-233
-4.04834e-236
-2.07014e-239
-9.74862e-243
-4.18814e-246
-1.62651e-249
-5.66917e-253
-1.76929e-256
-4.97955e-260
-1.29007e-263
-3.16683e-267
-7.47133e-271
-1.65109e-274
-3.21814e-278
-5.15943e-282
-6.35075e-286
-5.54207e-290
-3.03262e-294
-7.99002e-299
-2.38054e-304
-2.8324e-316
0
0
0
0
0
0
0
0
0
0
0
0
0
0
0
0
0
0
0
0
0
0
0
0
0
)
;
    }
    frontAndBackPlanes
    {
        type            empty;
    }
}


// ************************************************************************* //
