/*--------------------------------*- C++ -*----------------------------------*\
| =========                 |                                                 |
| \\      /  F ield         | OpenFOAM: The Open Source CFD Toolbox           |
|  \\    /   O peration     | Version:  2312                                  |
|   \\  /    A nd           | Website:  www.openfoam.com                      |
|    \\/     M anipulation  |                                                 |
\*---------------------------------------------------------------------------*/
FoamFile
{
    version     2.0;
    format      ascii;
    arch        "LSB;label=32;scalar=64";
    class       volScalarField;
    location    "350";
    object      p;
}
// * * * * * * * * * * * * * * * * * * * * * * * * * * * * * * * * * * * * * //

dimensions      [0 2 -2 0 0 0 0];

internalField   nonuniform List<scalar> 
10720
(
-62.2949
-133.583
-217.433
-300.071
-376.433
-454.221
-523.236
-581.179
-631.515
-670.9
-700.888
-722.972
-738.28
-747.539
-750.925
-747.79
-739.04
-723.626
-702.972
-677.143
-649.498
-623.093
-600.492
-573.531
-533.288
-482.206
-429.831
-384.234
-344.99
-308.073
-271.58
-235.418
-199.63
-163.847
-127.667
-90.0551
-51.5549
-6.92001
25.9979
9.07417
74.1172
143.457
208.194
263.515
305.433
330.177
338.464
336.065
323.162
302.133
278.59
255.045
232.262
210.881
190.768
171.979
154.082
136.808
119.664
102.599
85.3042
67.8707
50.711
35.6927
23.8566
14.1419
6.26043
0.397104
-3.48274
-5.62737
-6.18504
-5.23842
-2.79377
1.15751
6.96907
15.2149
29.138
52.8269
43.197
-10.9585
-71.6317
-136.072
-202.291
-270.068
-335.847
-397.551
-454.498
-504.929
-548.636
-585.624
-615.8
-639.161
-655.525
-664.59
-667.107
-662.961
-653.203
-638.381
-621.143
-603.851
-587.583
-565.175
-528.418
-479.366
-428.222
-383.165
-344.109
-307.269
-270.804
-234.679
-198.964
-163.276
-127.202
-89.6873
-51.266
-6.61565
25.6883
91.9282
138.38
184.715
229.409
268.796
300.263
320.674
329.369
327.943
317.254
300.072
279.875
258.612
237.226
216.422
196.448
177.434
159.199
141.545
124.144
106.894
89.5925
72.3195
55.5006
40.6083
28.5698
18.7022
10.5913
4.201
-0.368498
-3.13007
-4.17826
-3.61658
-1.47783
2.23666
7.87131
15.9845
29.8289
52.587
56.9766
8.31918
-46.468
-106.959
-169.677
-233.96
-298.242
-359.865
-417.245
-469.383
-515.028
-553.626
-584.87
-608.951
-626.105
-636.748
-640.908
-638.649
-630.618
-617.538
-601.272
-583.85
-566.431
-544.549
-511.369
-467.266
-420.369
-377.838
-340.19
-304.377
-268.76
-233.281
-197.985
-162.55
-126.644
-89.2619
-50.9458
-6.36604
25.8105
100.884
143.542
185.97
226.14
260.842
288.455
306.874
315.793
315.952
308.016
294.063
276.447
256.95
236.738
216.622
197.039
178.188
160.034
142.433
125.143
108.031
90.9556
73.9806
57.4881
42.6407
30.3419
20.2207
11.9221
5.43203
0.837996
-1.92344
-3.01017
-2.54011
-0.527533
3.05821
8.57937
16.6042
30.3143
52.1907
79.5867
38.7976
-7.79919
-59.0425
-112.842
-169.128
-226.237
-282.409
-336.318
-386.809
-432.761
-473.444
-508.393
-537.46
-560.518
-577.691
-588.529
-592.988
-591.382
-584.326
-573.106
-559.271
-543.655
-523.391
-493.55
-454.085
-411.21
-371.133
-334.902
-300.204
-265.576
-230.924
-196.303
-161.407
-125.891
-88.7816
-50.6468
-6.26669
26.0166
116.122
151.209
186.403
220.357
250.076
274.297
291.206
300.32
301.884
296.362
285.35
270.59
253.544
235.313
216.683
198.141
179.958
162.222
144.875
127.773
110.814
93.9257
77.178
60.9303
46.1418
33.6625
23.3249
14.8059
8.06151
3.15364
0.0261302
-1.42547
-1.27704
0.476635
3.87035
9.25568
17.1818
30.7187
51.7463
85.7133
49.3967
7.71405
-38.459
-87.0685
-138.526
-191.457
-244.251
-295.898
-345.239
-391.129
-432.758
-469.446
-500.696
-526.207
-545.669
-558.831
-565.7
-566.513
-561.892
-552.854
-540.688
-526.038
-506.862
-479.35
-443.152
-403.158
-364.867
-329.687
-295.867
-262.08
-228.185
-194.223
-159.895
-124.87
-88.1824
-50.3557
-6.30866
26.0806
118.324
149.474
180.804
211.026
237.498
259.348
275.181
284.417
287.083
283.601
275.123
262.961
248.261
231.981
214.873
197.446
180.035
162.818
145.829
129.011
112.307
95.6884
79.2391
63.2906
48.6351
36.0459
25.5147
16.7845
9.81671
4.67908
1.34503
-0.27108
-0.251165
1.39445
4.69375
9.99222
17.8263
31.1539
51.2933
89.5062
57.3535
20.2561
-20.8056
-64.0466
-110.167
-157.886
-205.923
-253.54
-299.676
-343.366
-383.84
-420.362
-452.333
-479.327
-500.968
-517.136
-527.635
-532.472
-532.01
-526.925
-518.11
-505.969
-489.026
-464.374
-431.59
-394.631
-358.374
-324.451
-291.582
-258.613
-225.424
-192.081
-158.306
-123.769
-87.5303
-50.0939
-6.52196
25.9663
118.38
145.857
173.693
200.744
224.568
244.521
259.471
268.741
272.237
270.375
264.001
254.128
241.65
227.367
211.954
195.89
179.527
163.094
146.694
130.339
114.023
97.7597
81.6508
66.0115
51.5169
38.87
28.1831
19.2764
12.1162
6.76678
3.2141
1.37473
1.17167
2.60156
5.70635
10.8364
18.5154
31.5741
50.8007
89.4264
60.4083
26.8394
-10.3506
-49.4372
-91.354
-134.965
-179.148
-223.41
-266.812
-308.515
-347.834
-384.018
-416.421
-444.523
-467.874
-486.065
-498.831
-506.022
-507.918
-505.062
-498.159
-487.527
-472.159
-449.876
-420.177
-386.122
-351.907
-319.275
-287.376
-255.235
-222.735
-189.965
-156.698
-122.651
-86.9005
-49.9246
-6.94398
25.6477
115.512
140.257
165.453
190.04
211.777
230.209
244.407
253.629
257.738
257.145
252.493
244.576
234.098
221.704
207.97
193.323
178.101
162.562
146.854
131.05
115.192
99.3366
83.6042
68.2967
53.9999
41.3526
30.5512
21.491
14.1494
8.58995
4.81305
2.75382
2.34714
3.59846
6.55426
11.5585
19.1119
31.8969
50.2336
87.747
61.4072
30.8729
-2.92488
-38.3505
-76.4625
-116.214
-156.63
-197.386
-237.684
-276.798
-314.155
-349.068
-380.898
-409.086
-433.124
-452.547
-467.118
-476.633
-481.158
-480.992
-476.566
-468.039
-454.681
-434.895
-408.217
-377.023
-344.914
-313.682
-282.851
-251.629
-219.904
-187.775
-155.049
-121.494
-86.2533
-49.8296
-7.55866
25.073
111.461
133.907
156.89
179.428
199.431
216.601
230.124
239.226
243.785
244.172
240.908
234.636
225.913
215.257
203.147
189.939
175.945
161.42
146.536
131.407
116.116
100.752
85.4567
70.5199
56.4664
43.8793
33.0122
23.8327
16.3361
10.5883
6.60575
4.3394
3.73226
4.79359
7.57609
12.4189
19.8021
32.2459
49.6646
84.8518
60.7332
32.7411
1.78041
-30.5698
-65.4322
-101.861
-138.975
-176.595
-214.024
-250.658
-286.034
-319.53
-350.549
-378.543
-402.974
-423.348
-439.298
-450.538
-456.964
-458.74
-456.161
-449.317
-437.689
-420.11
-396.159
-367.648
-337.613
-307.82
-278.099
-247.829
-216.918
-185.471
-153.33
-120.294
-85.5716
-49.7463
-8.27131
24.2232
106.597
127.15
148.295
169.115
187.653
203.755
216.661
225.599
230.471
231.612
229.462
224.555
217.347
208.25
197.654
185.85
173.104
159.652
145.67
131.297
116.646
101.836
87.0209
72.487
58.7131
46.2362
35.3468
26.0774
18.4462
12.5242
8.34213
5.86839
5.05785
5.92769
8.53749
13.2196
20.4285
32.513
49.0359
81.3043
59.0924
33.295
4.79677
-24.8846
-56.8969
-90.3603
-124.48
-159.179
-193.844
-227.981
-261.22
-293.01
-322.831
-350.157
-374.447
-395.195
-411.992
-424.534
-432.609
-436.22
-435.497
-430.428
-420.613
-405.205
-383.846
-357.92
-329.966
-301.67
-273.108
-243.83
-213.768
-183.037
-151.517
-119.037
-84.8596
-49.6463
-9.02406
23.1476
101.366
120.302
139.878
159.226
176.508
191.675
204.014
212.754
217.832
219.55
218.289
214.507
208.589
200.867
191.657
181.186
169.674
157.325
144.305
130.761
116.823
102.63
88.35
74.2613
60.8111
48.4994
37.639
28.3178
20.5811
14.507
10.1415
7.47124
6.46283
7.13984
9.56921
14.0744
21.0832
32.761
48.3768
77.3715
56.8055
32.9095
6.54691
-20.8142
-50.3347
-81.1879
-112.651
-144.704
-176.819
-208.591
-239.738
-269.776
-298.254
-324.694
-348.583
-369.415
-386.756
-400.244
-409.589
-414.653
-415.463
-411.951
-403.799
-390.387
-371.419
-347.933
-322.021
-295.252
-267.889
-239.638
-210.46
-180.48
-149.612
-117.723
-84.1257
-49.5251
-9.82613
21.9121
95.9784
113.526
131.745
149.816
166.002
180.341
192.148
200.671
205.872
208.027
207.472
204.616
199.787
193.263
185.299
176.069
165.745
154.495
142.465
129.796
116.627
103.105
89.4047
75.7984
62.7117
50.614
39.8299
30.4932
22.6778
16.4721
11.9366
9.07643
7.87257
8.35588
10.6014
14.9219
21.7162
32.9609
47.6823
73.2569
54.1336
31.9087
7.42445
-17.8998
-45.2185
-73.7492
-102.825
-132.477
-162.235
-191.771
-220.871
-249.123
-276.144
-301.506
-324.731
-345.337
-362.878
-376.964
-387.279
-393.558
-395.735
-393.683
-387.126
-375.603
-358.866
-337.69
-313.782
-288.568
-262.442
-235.254
-206.995
-177.801
-147.62
-116.355
-83.3785
-49.4011
-10.6934
20.5431
90.5929
106.928
123.958
140.901
156.124
169.714
181.02
189.317
194.573
197.054
197.062
194.963
191.05
185.56
178.702
170.608
161.405
151.227
140.192
128.427
116.068
103.263
90.1851
77.1007
64.4182
52.5832
41.9247
32.6127
24.75
18.4374
13.75
10.7118
9.31886
9.60888
11.6653
15.7885
22.3472
33.1253
46.9573
69.09
51.2396
30.4955
7.67512
-15.8476
-41.2111
-67.672
-94.6061
-122.085
-149.691
-177.145
-204.299
-230.798
-256.324
-280.506
-302.91
-323.084
-340.588
-355.006
-366.012
-373.249
-376.568
-375.803
-370.707
-360.925
-346.247
-327.239
-305.277
-281.628
-256.772
-230.678
-203.373
-175
-145.541
-114.934
-82.6175
-49.2957
-11.6265
19.0464
85.2989
100.569
116.541
132.48
146.845
159.753
170.585
178.647
183.91
186.63
187.083
185.602
182.458
177.855
171.969
164.9
156.74
147.587
137.532
126.681
115.157
103.101
90.6813
78.1551
65.915
54.3876
43.9014
34.6543
26.7761
20.3818
15.5611
12.3568
10.7808
10.8785
12.742
16.6583
22.9641
33.2497
46.2042
64.9569
48.2407
28.8204
7.48656
-14.4293
-38.0454
-62.6527
-87.6592
-113.171
-138.807
-164.332
-189.646
-214.451
-238.481
-261.423
-282.891
-302.461
-319.718
-334.234
-345.681
-353.655
-357.928
-358.302
-354.544
-346.368
-333.59
-316.614
-296.53
-274.445
-250.883
-225.911
-199.591
-172.074
-143.371
-113.458
-81.8393
-49.216
-12.6224
17.4365
80.1594
94.4788
109.507
124.541
138.133
150.414
160.796
168.62
173.853
176.745
177.547
176.571
174.068
170.222
165.186
159.033
151.829
143.642
134.535
124.589
113.91
102.626
90.8941
78.9581
67.1961
56.0187
45.7505
36.6092
28.7492
22.3007
17.368
14.0119
12.2614
12.1692
13.8362
17.5348
23.5693
33.3382
45.427
60.9135
45.2174
26.9882
6.99226
-13.4828
-35.5295
-58.4657
-81.7352
-105.46
-129.293
-153.037
-176.63
-199.819
-222.39
-244.074
-264.534
-283.384
-300.235
-314.669
-326.349
-334.857
-339.898
-341.251
-338.692
-331.979
-320.942
-305.855
-287.572
-267.037
-244.783
-220.956
-195.649
-169.021
-141.111
-111.926
-81.0426
-49.1575
-13.6786
15.7261
75.2114
88.676
102.851
117.066
129.954
141.654
151.61
159.194
164.368
167.376
168.453
167.887
165.92
162.719
158.42
153.081
146.745
139.456
131.252
122.188
112.351
101.85
90.8264
79.5068
68.2543
57.4657
47.4585
38.4635
30.6562
24.182
19.1597
15.6676
13.7519
13.4732
14.9411
18.4122
24.1586
33.3909
44.6295
56.9968
42.2257
25.0752
6.29105
-12.8843
-33.511
-54.9352
-76.6312
-98.7313
-120.916
-143.02
-165.01
-186.67
-207.829
-228.263
-247.677
-265.727
-282.052
-296.254
-307.987
-316.852
-322.495
-324.676
-323.177
-317.785
-308.336
-295.001
-278.433
-259.421
-238.483
-215.819
-191.55
-165.843
-138.758
-110.338
-80.2268
-49.1169
-14.7883
13.9213
70.4757
83.1669
96.5648
110.033
122.274
133.434
142.987
150.33
155.424
158.505
159.795
159.563
158.042
155.389
151.729
147.107
141.552
135.087
127.732
119.517
110.506
100.788
90.484
79.8016
69.087
58.7217
49.0153
40.2061
32.4863
26.0162
20.9283
17.3177
15.248
14.7875
16.0542
19.2888
24.7309
33.4103
43.8156
53.2317
39.3023
23.1345
5.45531
-12.5411
-31.8768
-51.9287
-72.1929
-92.8116
-113.49
-134.085
-154.583
-174.806
-194.614
-213.826
-232.185
-249.385
-265.098
-278.949
-290.592
-299.658
-305.75
-308.615
-308.038
-303.826
-295.814
-284.092
-269.146
-251.62
-231.995
-210.506
-187.297
-162.538
-136.314
-108.693
-79.3917
-49.092
-15.9437
12.0286
65.963
77.9508
90.6372
103.417
115.064
125.718
134.887
141.991
146.988
150.109
151.561
151.6
150.45
148.263
145.154
141.161
136.304
130.592
124.025
116.616
108.405
99.4601
89.8789
79.8472
69.6922
59.7807
50.4115
41.8256
34.2281
27.7923
22.664
18.954
16.7424
16.1062
17.1708
20.1608
25.284
33.3985
42.9895
49.6323
36.4732
21.2084
4.53794
-12.3803
-30.5402
-49.3382
-68.2973
-87.5615
-106.859
-126.062
-145.179
-164.056
-182.585
-200.615
-217.926
-234.252
-249.292
-262.701
-274.14
-283.268
-289.676
-293.09
-293.302
-290.131
-283.414
-273.17
-259.747
-243.658
-225.335
-205.027
-182.894
-159.11
-133.777
-106.991
-78.5358
-49.0819
-17.1356
10.059
61.6772
73.0203
85.0514
97.1966
108.29
118.471
127.274
134.141
139.03
142.163
143.738
143.996
143.156
141.364
138.729
135.287
131.05
126.019
120.179
113.526
106.081
97.8892
89.0256
79.6509
70.0719
60.6393
51.6396
43.3123
35.8709
29.5
24.3573
20.5681
18.2285
17.4241
18.2864
21.025
25.8164
33.3581
42.1559
46.2055
33.7562
19.3216
3.58135
-12.3507
-29.4308
-47.0809
-64.8434
-82.8682
-100.896
-118.819
-136.656
-154.277
-171.597
-188.495
-204.781
-220.223
-234.554
-247.455
-258.602
-267.678
-274.281
-278.122
-278.995
-276.733
-271.171
-262.272
-250.272
-235.564
-218.521
-199.393
-178.348
-155.562
-131.15
-105.232
-77.658
-49.0848
-18.3555
8.02453
57.6177
68.3664
79.7913
91.3482
101.924
111.659
120.114
126.749
131.52
134.645
136.31
136.745
136.163
134.706
132.479
129.518
125.83
121.41
116.234
110.285
103.566
96.0997
87.9399
79.2224
70.2306
61.2968
52.6941
44.6576
37.4047
31.1289
25.9984
22.1513
19.6985
18.7348
19.3961
21.8776
26.3263
33.2915
41.3193
42.955
31.1622
17.4952
2.61348
-12.4094
-28.497
-45.0903
-61.7551
-78.6401
-95.5011
-112.24
-128.893
-145.342
-161.524
-177.344
-192.638
-207.205
-220.807
-233.155
-243.943
-252.872
-259.567
-263.723
-265.139
-263.659
-259.119
-251.438
-240.756
-227.365
-211.573
-193.617
-173.667
-151.897
-128.433
-103.415
-76.7564
-49.0978
-19.5945
5.93815
53.7804
63.9793
74.8411
85.8501
95.9415
105.254
113.376
119.784
124.432
127.532
129.261
129.838
129.471
128.3
126.424
123.881
120.677
116.803
112.231
106.931
100.892
94.1186
86.6427
78.5754
70.1749
61.7539
53.5713
45.854
38.8202
32.6691
27.5773
23.6946
21.1447
20.0318
20.4946
22.7151
26.8124
33.2014
40.4841
39.88
28.6968
15.7432
1.65765
-12.5256
-27.6957
-43.315
-58.9679
-74.8025
-90.5871
-106.236
-121.789
-137.149
-152.265
-167.061
-181.403
-195.112
-207.98
-219.743
-230.122
-238.829
-245.527
-249.899
-251.749
-250.934
-247.29
-240.703
-231.237
-219.092
-204.513
-187.714
-168.861
-148.122
-125.629
-101.542
-75.8287
-49.1165
-20.8432
3.8142
50.1606
59.8477
70.1842
80.6804
90.3165
99.2307
107.034
113.22
117.741
120.803
122.576
123.266
123.078
122.148
120.575
118.396
115.618
112.231
108.203
103.497
98.0906
91.9733
85.1558
77.7248
69.9134
62.0141
54.2694
46.8961
40.1093
34.1111
29.0845
25.1886
22.5587
21.308
21.5762
23.5336
27.2733
33.0907
39.655
36.9785
26.3634
14.0738
0.729608
-12.6745
-26.9947
-41.7119
-56.4302
-71.2927
-86.0836
-100.723
-115.26
-129.605
-143.723
-157.556
-170.986
-183.863
-196.001
-207.166
-217.099
-225.527
-232.153
-236.654
-238.84
-238.58
-235.714
-230.104
-221.75
-210.775
-197.366
-181.703
-163.942
-144.242
-122.742
-99.611
-74.873
-49.1365
-22.0915
1.66758
46.7505
55.9599
65.8044
75.8193
85.0265
93.5634
101.063
107.031
111.424
114.438
116.237
117.017
116.979
116.254
114.941
113.078
110.676
107.721
104.181
100.016
95.1937
89.6908
83.5007
76.6869
69.4577
62.0834
54.7892
47.7801
41.2651
35.4462
30.5104
26.6241
23.9322
22.556
22.6352
24.3293
27.7077
32.9619
38.8364
34.2466
24.1619
12.4935
-0.158493
-12.8393
-26.368
-40.2484
-54.0998
-68.0636
-81.933
-95.6388
-109.231
-122.632
-135.817
-148.743
-161.308
-173.384
-184.807
-195.367
-204.831
-212.938
-219.428
-223.984
-226.42
-226.614
-224.417
-219.671
-212.329
-202.447
-190.155
-175.601
-158.922
-140.267
-119.775
-97.6247
-73.8866
-49.1523
-23.3303
-0.487597
43.5415
52.3051
61.6876
71.2487
80.0513
88.2301
95.4373
101.195
105.457
108.417
110.228
111.08
111.165
110.616
109.527
107.94
105.866
103.293
100.19
96.5153
92.2288
87.2978
81.7009
75.4809
68.821
61.9692
55.1333
48.5038
42.282
36.6666
31.8461
27.992
25.2565
23.7682
23.6655
25.098
28.1147
32.8177
38.0326
31.679
22.0914
11.0051
-0.998745
-13.0041
-25.7957
-38.897
-51.9433
-65.0719
-78.0884
-90.9275
-103.643
-116.165
-128.479
-140.553
-152.299
-163.608
-174.335
-184.295
-193.275
-201.032
-207.336
-211.882
-214.491
-215.05
-213.421
-209.435
-203.007
-194.139
-182.909
-169.429
-153.815
-136.205
-116.734
-95.5834
-72.8673
-49.1574
-24.5487
-2.63581
40.5261
48.8706
57.8187
66.9522
75.3718
83.2092
90.1365
95.6894
99.8218
102.722
104.535
105.441
105.63
105.231
104.335
102.988
101.201
98.9667
96.2538
93.0198
89.222
84.8198
79.7797
74.1259
68.0178
61.6812
55.3056
49.0672
43.1561
37.7656
33.0834
29.2833
26.5228
24.9367
24.661
25.836
28.493
32.6604
37.2473
29.2694
20.1495
9.61018
-1.78574
-13.1587
-25.2616
-37.6355
-49.9317
-62.2843
-74.5075
-86.5416
-98.4416
-110.147
-121.648
-132.921
-143.895
-154.473
-164.53
-173.899
-182.389
-189.777
-195.855
-200.339
-203.055
-203.899
-202.746
-199.423
-193.815
-185.882
-175.653
-163.207
-148.64
-132.068
-113.623
-93.4891
-71.8118
-49.1457
-25.7365
-4.76213
37.6954
45.6459
54.1838
62.9123
70.9687
78.4812
85.1405
90.4953
94.4994
97.3351
99.1408
100.089
100.365
100.093
99.3645
98.2256
96.6914
94.7553
92.3888
89.5508
86.1965
82.28
77.7586
72.641
67.0634
61.2303
55.3127
49.4716
43.8849
38.7379
34.2147
30.4896
27.7229
26.0539
25.6153
26.5391
28.8418
32.4921
36.4841
27.012
18.3327
8.30831
-2.51607
-13.296
-24.7538
-36.4474
-48.0436
-59.6726
-71.157
-82.4426
-93.5839
-104.527
-115.27
-125.794
-136.039
-145.924
-155.337
-164.131
-172.134
-179.142
-184.963
-189.344
-192.109
-193.169
-192.409
-189.659
-184.781
-177.703
-168.415
-156.961
-143.41
-127.866
-110.45
-91.3424
-70.7185
-49.1093
-26.8829
-6.85131
35.0409
42.6196
50.7697
59.1139
66.8256
74.0286
80.4302
85.5938
89.4714
92.2402
94.032
95.012
95.3595
95.1964
94.6129
93.6556
92.3424
90.6691
88.6103
86.1266
83.173
79.7001
75.659
71.0448
65.9739
60.6285
55.1622
49.7203
44.4674
39.5791
35.2336
31.6031
28.8487
27.1121
26.5223
27.2033
29.1599
32.3148
35.746
24.9004
16.6365
7.09859
-3.18753
-13.4099
-24.2621
-35.3185
-46.2599
-57.2131
-68.0082
-78.5966
-89.0314
-99.2653
-109.3
-119.123
-128.684
-137.912
-146.711
-154.948
-162.471
-169.093
-174.638
-178.879
-181.647
-182.862
-182.423
-180.164
-175.933
-169.632
-161.22
-150.71
-138.147
-123.613
-107.222
-89.1475
-69.5839
-49.0413
-27.9792
-8.88809
32.5537
39.7812
47.5638
55.5439
62.9272
69.8353
75.9895
80.9676
84.7212
87.4215
89.1942
90.1969
90.6038
90.5342
90.0764
89.2778
88.1584
86.7167
84.9303
82.7626
80.1693
77.1
73.501
69.3574
64.766
59.889
54.863
49.8182
44.9046
40.2866
36.1345
32.6167
29.8924
28.1039
27.3758
27.8248
29.4464
32.1298
35.0354
22.9278
15.0571
5.97823
-3.79899
-13.4971
-23.7794
-34.2374
-44.5662
-54.8867
-65.0384
-74.9761
-84.7529
-94.3246
-103.698
-112.866
-121.783
-130.391
-138.606
-146.308
-153.362
-159.599
-164.853
-168.93
-171.662
-172.979
-172.796
-170.954
-167.293
-161.696
-154.096
-144.479
-132.867
-119.323
-103.946
-86.9054
-68.4062
-48.9354
-29.0144
-10.8587
30.2254
37.1204
44.5548
52.1882
59.2589
65.8857
71.8022
76.601
80.2331
82.8642
84.6139
85.6323
86.0889
86.0993
85.7505
85.0904
84.1408
82.903
81.3577
79.471
77.2008
74.4971
71.3034
67.596
63.4555
59.0252
54.4254
49.7712
45.1984
40.859
36.9137
33.5242
30.8468
29.0224
28.17
28.3996
29.7002
31.9382
34.3541
21.0874
13.5891
4.94504
-4.35102
-13.5547
-23.3007
-33.1955
-42.9491
-52.6772
-62.2272
-71.5565
-80.7189
-89.6737
-98.4296
-106.984
-115.298
-123.323
-130.983
-138.174
-144.773
-150.628
-155.587
-159.477
-162.142
-163.519
-163.536
-162.045
-158.882
-153.918
-147.067
-138.291
-127.59
-115.008
-100.633
-84.6201
-67.1831
-48.7821
-29.98
-12.7497
28.0479
34.6274
41.7311
49.0342
55.807
62.1647
67.8535
72.4789
75.9926
78.5543
80.2777
81.3061
81.8039
81.8835
81.629
81.09
80.2895
79.2311
77.8988
76.2619
74.2809
71.9068
69.0822
65.7774
62.0583
58.0507
53.86
49.5869
45.3528
41.2964
37.5677
34.3208
31.7058
29.861
28.8994
28.9242
29.9203
31.7408
33.7031
19.3729
12.2275
3.99595
-4.84473
-13.5812
-22.8208
-32.1856
-41.3983
-50.5705
-59.5567
-68.3175
-76.9056
-85.2841
-93.4635
-101.444
-109.193
-116.669
-123.805
-130.509
-136.67
-142.152
-146.812
-150.504
-153.076
-154.476
-154.647
-153.448
-150.718
-146.321
-140.156
-132.167
-122.334
-110.684
-97.2898
-82.2956
-65.9126
-48.5764
-30.8662
-14.5487
26.0131
32.2928
39.0822
46.0708
52.5589
58.6594
64.1295
68.5875
71.9859
74.4784
76.1733
77.2072
77.7386
77.8778
77.7059
77.2729
76.6034
75.7026
74.5582
73.1429
71.4197
69.3418
66.8523
63.9173
60.5895
56.9794
53.1783
49.2735
45.3724
41.6003
38.0955
35.0023
32.4639
30.6138
29.5588
29.3949
30.1052
31.5376
33.0828
17.7777
10.9674
3.12731
-5.28141
-13.5762
-22.3375
-31.2024
-39.9062
-48.5561
-57.0139
-65.2423
-73.2932
-81.1332
-88.7736
-96.2176
-103.438
-110.398
-117.04
-123.281
-129.022
-134.141
-138.506
-141.99
-144.452
-145.846
-146.127
-145.17
-142.816
-138.923
-133.385
-126.128
-117.119
-106.366
-93.9283
-79.9354
-64.5941
-48.3112
-31.6658
-16.2449
24.1134
30.1082
36.598
43.2867
49.5028
55.357
60.6168
64.914
68.2003
70.6244
72.2888
73.3241
73.8835
74.0738
73.9739
73.6338
73.0794
72.3175
71.3389
70.1196
68.626
66.8135
64.627
62.0295
59.0635
55.8247
52.3919
48.8401
45.2634
41.7735
38.4965
35.5661
33.1169
31.276
30.1435
29.8087
30.254
31.3285
32.4928
16.2955
9.80377
2.33566
-5.66316
-13.5399
-21.8487
-30.2417
-38.4663
-46.6252
-54.5865
-62.3161
-69.8642
-77.2004
-84.3368
-91.2796
-98.0049
-104.481
-110.658
-116.461
-121.802
-126.57
-130.646
-133.917
-136.253
-137.619
-137.978
-137.218
-135.185
-131.741
-126.772
-120.195
-111.963
-102.068
-90.5575
-77.5446
-63.2271
-47.9808
-32.3712
-17.8285
22.3412
28.0651
34.2692
40.6712
46.6276
52.2458
57.3037
61.4457
64.6232
66.9798
68.6128
69.6467
70.2289
70.463
70.4259
70.1675
69.7139
69.0745
68.2421
67.1961
65.9063
64.331
62.4175
60.1273
57.4935
54.5994
51.5124
48.2963
45.0326
41.82
38.7721
36.011
33.6616
31.8433
30.6498
30.1624
30.365
31.1129
31.932
14.92
8.73139
1.61725
-5.99218
-13.4725
-21.3529
-29.2998
-37.0721
-44.7688
-52.2635
-59.5256
-66.6028
-73.4677
-80.1336
-86.6072
-92.8692
-98.892
-104.631
-110.021
-114.981
-119.414
-123.207
-126.264
-128.467
-129.786
-130.195
-129.593
-127.837
-124.79
-120.336
-114.386
-106.882
-97.8054
-87.1879
-75.1285
-61.8108
-47.5808
-32.9762
-19.2906
20.6895
26.1552
32.0868
38.2149
43.9226
49.3149
54.179
58.171
61.2433
63.5337
65.1344
66.1639
66.7646
67.0368
67.0545
66.8676
66.5029
65.9709
65.2674
64.3746
63.2655
61.9017
60.2332
58.2213
55.8915
53.3155
50.5512
47.652
44.6878
41.745
38.9245
36.3367
34.0959
32.3126
31.0741
30.4534
30.4371
30.8896
31.3986
13.6452
7.74537
0.96824
-6.27092
-13.3751
-20.8498
-28.3744
-35.72
-42.9806
-50.0367
-56.8596
-63.4955
-69.9191
-76.1447
-82.1802
-88.0089
-93.6071
-98.9358
-103.936
-108.536
-112.647
-116.169
-119.014
-121.078
-122.337
-122.774
-122.298
-120.777
-118.079
-114.09
-108.716
-101.893
-93.5912
-83.83
-72.6927
-60.3472
-47.1066
-33.4753
-20.6244
19.1515
24.371
30.0424
35.9085
41.3783
46.5539
51.2314
55.0792
58.0496
60.2749
61.8428
62.8659
63.4813
63.7862
63.852
63.7279
63.4412
63.004
62.4139
61.6562
60.7069
59.5311
58.0819
56.3212
54.2683
51.9847
49.5194
46.9172
44.2373
41.5544
38.9572
36.5444
34.419
32.6821
31.414
30.6797
30.4686
30.6572
30.8904
12.4656
6.84079
0.384807
-6.50207
-13.2492
-20.339
-27.4641
-34.4063
-41.256
-47.8991
-54.3093
-60.5314
-66.542
-72.3556
-77.9811
-83.4045
-88.6053
-93.5491
-98.1831
-102.444
-106.249
-109.51
-112.148
-114.072
-115.26
-115.706
-115.33
-114.009
-111.618
-108.046
-103.201
-97.0111
-89.4392
-80.4939
-70.2431
-58.8372
-46.5566
-33.8651
-21.8241
17.7205
22.7051
28.1278
33.7433
38.9851
43.9529
48.4512
52.16
55.0316
57.1931
58.7282
59.7429
60.3701
60.7032
60.811
60.7419
60.5239
60.1699
59.6795
59.0409
58.2327
57.2238
55.9703
54.4355
52.6337
50.6171
48.4275
46.1017
43.6896
41.255
38.875
36.6365
34.6315
32.9507
31.6677
30.8395
30.4584
30.4141
30.4043
11.3753
6.01297
-0.136913
-6.68831
-13.0961
-19.8206
-26.5669
-33.1279
-39.59
-45.844
-51.8665
-57.7001
-63.3235
-68.7518
-73.9942
-79.0388
-83.8678
-88.4513
-92.7418
-96.6821
-100.199
-103.211
-105.648
-107.431
-108.544
-108.985
-108.686
-107.534
-105.413
-102.216
-97.8526
-92.2489
-85.3616
-77.1895
-67.7864
-57.2834
-45.9293
-34.1423
-22.8859
16.3904
21.1506
26.3354
31.7111
36.7345
41.5028
45.8287
49.4033
52.1795
54.2789
55.781
56.786
57.422
57.7789
57.9234
57.9028
57.7452
57.4643
57.0616
56.5276
55.8439
54.9825
53.9034
52.5714
50.996
49.2224
47.2854
45.2153
43.0536
40.8543
38.6834
36.6166
34.7349
33.1188
31.8344
30.9316
30.4051
30.1582
29.9371
10.3691
5.2573
-0.600674
-6.83255
-12.9176
-19.2954
-25.6828
-31.8832
-37.9789
-43.8664
-49.5239
-54.993
-60.2535
-65.3209
-70.2051
-74.8958
-79.3776
-83.624
-87.5928
-91.2326
-94.4771
-97.2523
-99.4967
-101.142
-102.175
-102.601
-102.361
-101.352
-99.467
-96.6063
-92.6811
-87.6179
-81.3695
-73.9264
-65.3288
-55.689
-45.224
-34.3059
-23.8072
15.1552
19.701
24.6583
29.8041
34.6182
39.1948
43.3549
46.8002
49.4839
51.5226
52.9918
53.986
54.6284
55.0058
55.1821
55.2039
55.0993
54.8826
54.5568
54.1148
53.5407
52.8097
51.8853
50.7343
49.3627
47.809
46.1025
44.2675
42.3383
40.3599
38.3886
36.4892
34.732
33.1875
31.9144
30.9554
30.3075
29.8874
29.4851
9.44195
4.56936
-1.01013
-6.93735
-12.7156
-18.7638
-24.811
-30.6699
-36.4193
-41.9615
-47.2758
-52.4025
-57.3229
-62.0525
-66.6018
-70.9616
-75.1192
-79.0508
-82.7186
-86.0764
-89.0651
-91.6172
-93.6778
-95.1888
-96.141
-96.5443
-96.3479
-95.4601
-93.7824
-91.222
-87.6944
-83.128
-77.4731
-70.7133
-62.8772
-54.0583
-44.4423
-34.3554
-24.5869
14.009
18.35
23.0892
28.0149
32.6282
37.0209
41.0213
44.3421
46.9362
48.9158
50.3518
51.3341
51.9809
52.3755
52.5795
52.6385
52.5802
52.4198
52.1615
51.8
51.3223
50.706
49.9186
48.9289
47.7401
46.3847
44.8871
43.267
41.5523
39.7801
37.9976
36.2598
34.6267
33.1592
31.9084
30.9108
30.1648
29.5994
29.0444
8.58891
3.94465
-1.36881
-7.00557
-12.492
-18.2268
-23.9512
-29.4868
-34.9093
-40.1255
-45.1169
-49.9217
-54.5232
-58.937
-63.1729
-67.2238
-71.0787
-74.7165
-78.1034
-81.1976
-83.9461
-86.2883
-88.1749
-89.557
-90.4288
-90.8042
-90.6401
-89.8549
-88.3586
-86.0662
-82.8986
-78.7872
-73.681
-67.5588
-60.4385
-52.3955
-43.5865
-34.2925
-25.2256
12.9465
17.0915
21.622
26.3365
30.7573
34.9731
38.8199
42.0203
44.5279
46.4497
47.8529
48.8224
49.4715
49.8805
50.1084
50.1997
50.1822
50.0709
49.8716
49.5807
49.1873
48.672
48.0057
47.1591
46.1334
44.956
43.6471
42.2225
40.7043
39.1232
37.518
35.9346
34.4238
33.0371
31.8185
30.7984
29.9762
29.2922
28.6112
7.80525
3.37923
-1.68031
-7.04001
-12.2485
-17.6855
-23.1034
-28.3328
-33.4461
-38.3549
-43.042
-47.5446
-51.8472
-55.965
-59.9082
-63.6708
-67.2434
-70.6072
-73.732
-76.5804
-79.1044
-81.2499
-82.9728
-84.2321
-85.0254
-85.3695
-85.2288
-84.5303
-83.1933
-81.1402
-78.2979
-74.6014
-70.0007
-64.4704
-58.0192
-50.7061
-42.6601
-34.1196
-25.7252
11.9625
15.92
20.2506
24.7627
28.9984
33.0444
36.7432
39.8274
42.2512
44.1165
45.487
46.4428
47.0925
47.5133
47.7617
47.8812
47.8991
47.8308
47.6829
47.4537
47.134
46.7074
46.1475
45.4277
44.5472
43.5289
42.3897
41.1417
39.8028
38.3974
36.9573
35.5205
34.1288
32.8254
31.6473
30.6194
29.7415
28.9637
28.1814
7.08651
2.86904
-1.94791
-7.04333
-11.9873
-17.1411
-22.2679
-27.2074
-32.0281
-36.6468
-41.0477
-45.2663
-49.2884
-53.1291
-56.7988
-60.2921
-63.6016
-66.7102
-69.5911
-72.2104
-74.5252
-76.487
-78.0566
-79.1998
-79.9176
-80.229
-80.1046
-79.4798
-78.2828
-76.443
-73.8941
-70.5753
-66.4381
-61.4546
-55.6258
-48.9956
-41.6677
-33.8406
-26.0886
11.0522
14.8301
18.9693
23.2869
27.3452
31.2276
34.7837
37.7559
40.0984
41.9086
43.2466
44.188
44.8367
45.2669
45.5329
45.6766
45.7252
45.6943
45.5913
45.4156
45.1603
44.8111
44.3447
43.7368
42.9851
42.1085
41.121
40.0321
38.8555
37.6109
36.3237
35.0247
33.748
32.529
31.3983
30.3756
29.4607
28.6119
27.7512
6.42835
2.41035
-2.17486
-7.01811
-11.7101
-16.5945
-21.4449
-26.1097
-30.6539
-34.9988
-39.13
-43.0817
-46.8408
-50.4221
-53.8362
-57.0786
-60.1427
-63.0138
-65.6678
-68.0742
-70.1945
-71.9852
-73.412
-74.4465
-75.0925
-75.3708
-75.2576
-74.6957
-73.6217
-71.9723
-69.6875
-66.7115
-62.998
-58.5174
-53.2646
-47.2703
-40.6148
-33.4604
-26.3206
10.2107
13.8168
17.7722
21.9035
25.7911
29.5163
32.935
35.7988
38.0624
39.8188
41.1245
42.0508
42.697
43.1345
43.4151
43.5797
43.6548
43.6563
43.5922
43.463
43.2637
42.9819
42.5974
42.0879
41.45
40.6991
39.8469
38.9003
37.8702
36.7718
35.6251
34.4548
33.2881
32.1535
31.0755
30.0694
29.1342
28.2352
27.317
5.82682
1.99942
-2.3642
-6.96693
-11.4187
-16.047
-20.6352
-25.0394
-29.322
-33.4084
-37.2856
-40.9865
-44.499
-47.8377
-51.0129
-54.0212
-56.8571
-59.5075
-61.9507
-64.1595
-66.0992
-67.7313
-69.0255
-69.9588
-70.5371
-70.7828
-70.6771
-70.1695
-69.2038
-67.7243
-65.6772
-63.0115
-59.6836
-55.6638
-50.9415
-45.536
-39.5075
-32.9852
-26.4266
9.43358
12.8752
16.6544
20.6068
24.3305
27.9044
31.1905
33.9494
36.1365
37.8402
39.1139
40.0242
40.6668
41.1095
41.4022
41.5845
41.6825
41.7118
41.6812
41.5925
41.4415
41.2183
40.9052
40.482
39.9443
39.3046
38.5723
37.7527
36.854
35.8877
34.8695
33.8185
32.7562
31.7049
30.6836
29.7036
28.763
27.8325
26.8756
5.27798
1.63292
-2.519
-6.8921
-11.1153
-15.4998
-19.8387
-23.9961
-28.0313
-31.8738
-35.5119
-38.9769
-42.2583
-45.3698
-48.322
-51.1121
-53.7356
-56.1809
-58.4287
-60.4543
-62.227
-63.7124
-64.884
-65.7237
-66.239
-66.4535
-66.3524
-65.8918
-65.0221
-63.6943
-61.8606
-59.4751
-56.4972
-52.8976
-48.6618
-43.7994
-38.3527
-32.4218
-26.4131
8.7167
12.0006
15.611
19.3914
22.9576
26.3857
29.5439
32.2016
34.3143
35.9664
37.2081
38.102
38.7395
39.1857
39.4881
39.6854
39.8028
39.856
39.8542
39.8001
39.691
39.5185
39.2676
38.9197
38.4699
37.9281
37.3017
36.5949
35.8135
34.9661
34.0646
33.1237
32.1597
31.1896
30.2277
29.2817
28.3485
27.4029
26.4241
4.77818
1.30753
-2.64208
-6.79598
-10.8014
-14.9538
-19.0561
-22.9796
-26.7807
-30.393
-33.8058
-37.0493
-40.1138
-43.013
-45.7572
-48.344
-50.7701
-53.025
-55.0915
-56.9479
-58.5664
-59.9164
-60.9751
-61.7284
-62.1856
-62.3707
-62.2726
-61.853
-61.0684
-59.876
-58.2339
-56.1009
-53.4399
-50.2221
-46.4305
-42.0665
-37.1575
-31.7778
-26.2874
8.05602
11.1889
14.6372
18.2526
21.6673
24.9551
27.9898
30.5494
32.5898
34.1914
35.4012
36.2781
36.9092
37.3572
37.6672
37.8769
38.0108
38.0842
38.107
38.0826
38.0094
37.8807
37.6834
37.4011
37.0282
36.5722
36.0392
35.4321
34.7549
34.0139
33.2179
32.3779
31.5059
30.6142
29.7132
28.8074
27.8924
26.946
25.96
4.32393
1.02013
-2.73608
-6.68077
-10.4786
-14.4103
-18.2879
-21.9896
-25.5694
-28.9643
-32.165
-35.2004
-38.0617
-40.7623
-43.3123
-45.7098
-47.9525
-50.0309
-51.9298
-53.6297
-55.106
-56.3316
-57.2867
-57.9609
-58.3648
-58.5228
-58.4265
-58.0429
-57.3341
-56.2627
-54.7925
-52.8867
-50.5114
-47.6396
-44.2519
-40.3436
-35.929
-31.0611
-26.0575
7.44769
10.4358
13.7286
17.1856
20.4545
23.607
26.5225
28.9871
30.9572
32.5093
33.6873
34.5466
35.1703
35.6185
35.9342
36.1539
36.3013
36.3919
36.4355
36.4364
36.3939
36.3027
36.1517
35.9263
35.6203
35.2394
34.7882
34.2687
33.6838
33.0377
32.3367
31.5887
30.8021
29.9857
29.146
28.2849
27.3969
26.4619
25.4814
3.91195
0.767771
-2.80361
-6.5486
-10.1487
-13.8704
-17.5345
-21.0261
-24.3964
-27.5863
-30.5873
-33.4271
-36.098
-38.6129
-40.9817
-43.2031
-45.2754
-47.1904
-48.9344
-50.4902
-51.8356
-52.947
-53.8073
-54.4093
-54.7648
-54.8979
-54.803
-54.4513
-53.81
-52.8471
-51.5308
-49.829
-47.7111
-45.1515
-42.1298
-38.6363
-34.675
-30.2803
-25.7321
6.88818
9.73754
12.8811
16.1858
19.3145
22.3367
25.137
27.5096
29.4112
30.9146
32.0609
32.9021
33.5174
33.9643
34.2839
34.5113
34.67
34.7748
34.8359
34.8581
34.8416
34.7825
34.6713
34.495
34.247
33.9314
33.5516
33.1091
32.6055
32.0437
31.4278
30.7632
30.0556
29.3105
28.5317
27.7187
26.8647
25.9511
24.9869
3.53913
0.547647
-2.84703
-6.40143
-9.81308
-13.3351
-16.7965
-20.0889
-23.2612
-26.2574
-29.0704
-31.7266
-34.2191
-36.5605
-38.7603
-40.818
-42.7322
-44.4959
-46.0969
-47.5198
-48.745
-49.7519
-50.5259
-51.0624
-51.3739
-51.4847
-51.3909
-51.0677
-50.487
-49.6211
-48.4428
-46.9238
-45.037
-42.7584
-40.0673
-36.9502
-33.4026
-29.4437
-25.3197
6.37406
9.09043
12.0908
15.2491
18.2429
21.1394
23.8284
26.1117
27.9466
29.4022
30.517
31.3394
31.9454
32.3896
32.7115
32.9448
33.1123
33.2288
33.3045
33.3445
33.35
33.318
33.2408
33.1067
32.9089
32.6498
32.3323
31.9569
31.5248
31.0374
30.4975
29.9083
29.2733
28.5955
27.8763
27.1133
26.2986
25.4144
24.4756
3.20255
0.357119
-2.86864
-6.24109
-9.47324
-12.8052
-16.0742
-19.1779
-22.1627
-24.9764
-27.6124
-30.0962
-32.4215
-34.6007
-36.643
-38.5485
-40.3162
-41.9399
-43.409
-44.7097
-45.8249
-46.7362
-47.4317
-47.909
-48.1811
-48.2719
-48.1792
-47.8817
-47.3554
-46.5765
-45.5217
-44.1665
-42.4869
-40.4605
-38.0669
-35.2901
-32.1187
-28.5598
-24.8296
5.90208
8.491
11.3538
14.3716
17.2355
20.0108
22.5922
24.7888
26.5586
27.9673
29.0506
29.8538
30.4495
30.8898
31.2124
31.4499
31.6243
31.7502
31.8377
31.8926
31.9164
31.9073
31.8589
31.7609
31.6062
31.396
31.1323
30.8155
30.4459
30.0241
29.5517
29.0304
28.4617
27.847
27.1855
26.4734
25.7018
24.8535
23.9472
2.89938
0.193718
-2.87057
-6.06943
-9.13054
-12.2816
-15.3678
-18.2927
-21.1005
-23.7419
-26.2113
-28.5331
-30.7018
-32.7296
-34.6253
-36.3893
-38.0211
-39.5155
-40.863
-42.0516
-43.066
-43.8904
-44.5146
-44.9385
-45.1754
-45.2486
-45.1572
-44.883
-44.4056
-43.7048
-42.7606
-41.5519
-40.0575
-38.2571
-36.1307
-33.6604
-30.8301
-27.6371
-24.2708
5.46925
7.93601
10.6668
13.5494
16.2882
18.9467
21.4238
23.5365
25.2429
26.6053
27.6572
28.4408
29.0252
29.4605
29.7824
30.0225
30.2021
30.3353
30.4324
30.4993
30.5383
30.5483
30.5242
30.4569
30.3391
30.1709
29.9538
29.6878
29.3727
29.0085
28.5959
28.1354
27.6272
27.0712
26.465
25.8037
25.0776
24.2699
23.4017
2.62704
0.0550757
-2.85484
-5.88802
-8.78619
-11.7653
-14.6779
-17.4334
-20.0737
-22.5525
-24.8652
-27.035
-29.0572
-30.9433
-32.7024
-34.335
-35.841
-37.216
-38.4517
-39.5374
-40.4597
-41.2049
-41.7648
-42.1407
-42.3463
-42.4041
-42.3143
-42.0616
-41.6283
-40.9975
-40.1523
-39.0745
-37.7455
-36.147
-34.2598
-32.065
-29.543
-26.6833
-23.6524
5.07274
7.42233
10.0264
12.779
15.3975
17.9431
20.3195
22.3505
23.995
25.3119
26.3324
27.096
27.6685
28.0977
28.4177
28.6589
28.8419
28.9807
29.0853
29.162
29.2134
29.2392
29.2355
29.194
29.1077
28.9755
28.7984
28.5762
28.3085
27.9949
27.6351
27.2289
26.7756
26.2738
25.7202
25.109
24.4297
23.6657
22.8399
2.38306
-0.0609598
-2.82341
-5.69843
-8.44136
-11.2568
-14.0047
-16.5996
-19.0815
-21.407
-23.5723
-25.5993
-27.4843
-29.2384
-30.8703
-32.3807
-33.7704
-35.0352
-36.1679
-37.1593
-37.9976
-38.6709
-39.1727
-39.5056
-39.6836
-39.7282
-39.6404
-39.4072
-39.0139
-38.446
-37.6894
-36.7285
-35.5471
-34.1288
-32.4553
-30.5073
-28.2631
-25.7063
-22.9829
4.70979
6.9471
9.42948
12.0571
14.5596
16.9964
19.2752
21.2268
22.8109
24.083
25.0722
25.8155
26.3753
26.7975
27.1145
27.3555
27.5406
27.6833
27.7936
27.8779
27.9394
27.9781
27.9912
27.9716
27.9118
27.8103
27.6675
27.4831
27.2565
26.9869
26.6737
26.3159
25.9122
25.4603
24.9563
24.3936
23.7614
23.0432
22.2626
2.16514
-0.156493
-2.77795
-5.50208
-8.09715
-10.757
-13.3484
-15.7912
-18.1234
-20.3043
-22.3307
-24.2238
-25.9804
-27.6111
-29.1246
-30.5218
-31.8036
-32.9668
-34.0051
-34.9101
-35.6718
-36.2799
-36.7294
-37.024
-37.1776
-37.2109
-37.1254
-36.9104
-36.5532
-36.0419
-35.3645
-34.5079
-33.4581
-32.2002
-30.7172
-28.9901
-26.9954
-24.7129
-22.2708
4.37794
6.50756
8.87311
11.3805
13.7714
16.103
18.2873
20.1619
21.6869
22.9149
23.873
24.5955
25.1421
25.5564
25.8693
26.109
26.295
26.4401
26.5546
26.6448
26.714
26.7632
26.7902
26.7887
26.7514
26.6758
26.5622
26.4103
26.2192
25.988
25.7157
25.4009
25.0419
24.6358
24.1782
23.6621
23.0765
22.405
21.6713
1.97109
-0.233447
-2.72015
-5.30032
-7.75451
-10.2662
-12.7092
-15.0079
-17.1985
-19.2429
-21.1388
-22.9062
-24.5425
-26.0581
-27.4613
-28.7535
-29.9356
-31.0051
-31.9565
-32.7826
-33.4745
-34.0237
-34.4263
-34.6867
-34.8189
-34.8426
-34.7599
-34.5617
-34.2374
-33.7769
-33.1705
-32.4069
-31.4742
-30.359
-29.0456
-27.5155
-25.7446
-23.7099
-21.524
4.07479
6.10112
8.35454
10.7464
13.0295
15.2597
17.3524
19.1521
20.6194
21.8039
22.731
23.4325
23.9654
24.371
24.679
24.9164
25.102
25.2485
25.3657
25.4601
25.5355
25.5929
25.6311
25.6446
25.626
25.5724
25.4837
25.3595
25.199
25.0012
24.7647
24.4881
24.1691
23.8049
23.3905
22.9187
22.3785
21.7537
21.0677
1.79889
-0.293622
-2.65157
-5.09437
-7.41436
-9.78526
-12.0872
-14.2493
-16.3061
-18.2218
-19.9948
-21.6442
-23.1679
-24.5761
-25.8767
-27.0714
-28.1613
-29.1445
-30.0161
-30.77
-31.3986
-31.8944
-32.2548
-32.4851
-32.5986
-32.6143
-32.5347
-32.352
-32.0575
-31.6429
-31.0999
-30.4194
-29.5908
-28.6024
-27.4398
-26.0852
-24.5145
-22.703
-20.7499
3.79809
5.72542
7.87115
10.1518
12.3313
14.4633
16.4673
18.1943
19.605
20.7468
21.643
22.3234
22.8419
23.2382
23.5405
23.7748
23.9591
24.1058
24.2246
24.3219
24.4017
24.4655
24.5127
24.5384
24.5354
24.5002
24.4325
24.332
24.1979
24.0289
23.8238
23.5809
23.2979
22.9717
22.5972
22.1672
21.6708
21.0919
20.4535
1.64663
-0.338713
-2.57363
-4.88533
-7.07748
-9.31447
-11.4825
-13.5152
-15.4454
-17.2397
-18.897
-20.4356
-21.854
-23.1618
-24.367
-25.4712
-26.4759
-27.3795
-28.1778
-28.8659
-29.4368
-29.8845
-30.2072
-30.4106
-30.508
-30.5172
-30.4409
-30.2727
-30.0054
-29.632
-29.1459
-28.5393
-27.8033
-26.9275
-25.8989
-24.7005
-23.3086
-21.6977
-19.9553
3.54578
5.37813
7.42049
9.59423
11.6737
13.711
15.629
17.2851
18.6405
19.7402
20.6059
21.2649
21.7688
22.1553
22.4511
22.6815
22.8637
23.0096
23.1289
23.2281
23.311
23.3796
23.4338
23.4694
23.4791
23.4593
23.4093
23.329
23.2174
23.0735
22.8958
22.6827
22.4318
22.14
21.8022
21.4114
20.9567
20.4225
19.8309
1.51255
-0.370314
-2.48768
-4.6743
-6.74469
-8.85424
-10.8952
-12.8052
-14.6156
-16.2954
-17.8437
-19.2783
-20.598
-21.8122
-22.9284
-23.9487
-24.8746
-25.7048
-26.4361
-27.0639
-27.5825
-27.9867
-28.2757
-28.4555
-28.5389
-28.5427
-28.4701
-28.3155
-28.0729
-27.7368
-27.3016
-26.7609
-26.1072
-25.3314
-24.4216
-23.3618
-22.1294
-20.6984
-19.1465
3.31587
5.05717
7.00029
9.07116
11.0541
13
14.8346
16.4218
17.7231
18.7813
19.6166
20.2543
20.7432
21.1193
21.4082
21.634
21.8133
21.9578
22.0768
22.1767
22.2616
22.3337
22.3933
22.4367
22.4568
22.4497
22.4146
22.3514
22.2591
22.1368
21.983
21.7962
21.574
21.3132
21.0091
20.6547
20.2394
19.7481
19.2019
1.39497
-0.38988
-2.39494
-4.46226
-6.41665
-8.40498
-10.3251
-12.1189
-13.816
-15.3875
-16.8333
-18.1702
-19.3974
-20.5241
-21.5576
-22.4999
-23.3529
-24.1156
-24.7853
-25.3581
-25.8292
-26.1943
-26.4531
-26.612
-26.6834
-26.6831
-26.6142
-26.4723
-26.2523
-25.9498
-25.5603
-25.0785
-24.4979
-23.8108
-23.0063
-22.0697
-20.9792
-19.7094
-18.3291
3.10656
4.76054
6.60842
8.58033
10.4703
12.3277
14.0814
15.6016
16.8496
17.8672
18.6726
19.2889
19.7625
20.1279
20.4094
20.63
20.8059
20.9483
21.0662
21.166
21.252
21.3264
21.3899
21.4395
21.468
21.4714
21.4487
21.3999
21.3242
21.2205
21.0875
20.9238
20.7271
20.4943
20.2209
19.9001
19.5219
19.0713
18.5688
1.29232
-0.39881
-2.29657
-4.25011
-6.09399
-7.96697
-9.77238
-11.4559
-13.0457
-14.515
-15.8641
-17.1092
-18.2497
-19.2947
-20.251
-21.121
-21.9064
-22.6069
-23.2201
-23.7427
-24.1706
-24.5005
-24.7325
-24.873
-24.9342
-24.9307
-24.8657
-24.7356
-24.5363
-24.2642
-23.9156
-23.4864
-22.9709
-22.3625
-21.6514
-20.824
-19.8598
-18.734
-17.5079
2.91611
4.48641
6.24288
8.11958
9.91988
11.6918
13.3668
14.8217
16.0176
16.9952
17.7712
18.3662
18.8244
19.1788
19.4524
19.6674
19.8394
19.979
20.0953
20.1944
20.2806
20.3563
20.4227
20.4769
20.5122
20.5241
20.5118
20.4751
20.4134
20.3258
20.211
20.0677
19.8936
19.686
19.4405
19.1506
18.8069
18.3948
17.9338
1.20317
-0.398406
-2.1937
-4.0387
-5.77729
-7.54052
-9.23688
-10.8158
-12.304
-13.6766
-14.9345
-16.0931
-17.1524
-18.1209
-19.0053
-19.808
-20.531
-21.1741
-21.7353
-22.2121
-22.6009
-22.899
-23.1071
-23.2316
-23.284
-23.2782
-23.2173
-23.0983
-22.9179
-22.6733
-22.3615
-21.9792
-21.5217
-20.9831
-20.3548
-19.6243
-18.7722
-17.7752
-16.6874
2.74291
4.23301
5.90182
7.68692
9.40075
11.09
12.6887
14.0799
15.2243
16.1628
16.91
17.4839
17.9265
18.2696
18.535
18.7441
18.9117
19.0483
19.1625
19.2603
19.3461
19.4224
19.4906
19.5482
19.5888
19.6076
19.6038
19.5774
19.5277
19.4539
19.355
19.2295
19.0755
18.8905
18.6703
18.4088
18.097
17.7209
17.2991
1.12619
-0.389821
-2.08728
-3.82878
-5.46709
-7.12588
-8.71855
-10.1982
-11.5899
-12.8712
-14.0429
-15.12
-16.1029
-17
-17.8173
-18.5574
-19.2225
-19.8125
-20.3261
-20.761
-21.1143
-21.3838
-21.5706
-21.6811
-21.7261
-21.7187
-21.662
-21.5534
-21.3904
-21.1707
-20.8921
-20.5518
-20.1458
-19.6693
-19.1144
-18.4697
-17.7174
-16.8351
-15.8714
2.58552
3.99875
5.58347
7.28037
8.91082
10.5202
12.0446
13.3739
14.4674
15.3677
16.0868
16.6397
17.0667
17.3982
17.6554
17.8582
18.0212
18.1544
18.266
18.3621
18.447
18.5232
18.5925
18.6526
18.6971
18.7215
18.7248
18.7069
18.6675
18.6057
18.5205
18.4107
18.2746
18.1098
17.9124
17.6768
17.3944
17.0519
16.6668
1.06016
-0.374075
-1.9782
-3.62093
-5.16368
-6.72306
-8.21711
-9.60256
-10.9027
-12.0975
-13.1878
-14.1879
-15.0992
-15.9292
-16.6838
-17.3655
-17.9767
-18.5178
-18.9876
-19.3842
-19.7052
-19.949
-20.1169
-20.2151
-20.254
-20.2457
-20.1932
-20.0945
-19.9475
-19.7505
-19.5017
-19.199
-18.8391
-18.4177
-17.9279
-17.3595
-16.6957
-15.9158
-15.0631
2.44259
3.78211
5.28617
6.89811
8.44807
9.98004
11.432
12.7011
13.7444
14.608
15.2998
15.8317
16.2428
16.5628
16.8114
17.0079
17.1661
17.2955
17.4044
17.4985
17.582
17.6577
17.7273
17.789
17.8366
17.8654
17.8745
17.8639
17.8331
17.7816
17.7084
17.6125
17.4923
17.3455
17.1688
16.9568
16.7014
16.39
16.0391
1.0038
-0.352302
-1.86741
-3.41595
-4.86767
-6.33224
-7.73239
-9.02828
-10.2413
-11.3542
-12.3672
-13.2948
-14.1389
-14.9063
-15.6019
-16.2289
-16.7901
-17.2858
-17.7151
-18.0766
-18.3683
-18.589
-18.7401
-18.8277
-18.8616
-18.8529
-18.8047
-18.7154
-18.5832
-18.4068
-18.1851
-17.9161
-17.5973
-17.225
-16.7931
-16.2923
-15.7073
-15.0186
-14.2651
2.31273
3.58178
5.00867
6.53871
8.01103
9.4679
10.8491
12.0593
13.0525
13.8814
14.5472
15.058
15.4531
15.7615
16.0016
16.1916
16.3447
16.4703
16.5761
16.668
16.7498
16.8245
16.894
16.9567
17.0066
17.0389
17.0527
17.0482
17.0249
16.9823
16.9196
16.8359
16.7297
16.5992
16.4411
16.2505
16.0199
15.7371
15.418
0.955869
-0.325967
-1.75633
-3.21525
-4.58012
-5.95453
-7.26504
-8.47547
-9.60513
-10.6406
-11.5792
-12.4377
-13.2194
-13.9282
-14.5684
-15.1441
-15.6586
-16.1124
-16.5044
-16.8337
-17.0987
-17.2985
-17.4347
-17.5131
-17.5428
-17.5344
-17.4905
-17.41
-17.2915
-17.1341
-16.9369
-16.6983
-16.4164
-16.0879
-15.7074
-15.2667
-14.7517
-14.1444
-13.4796
2.19468
3.39656
4.74979
6.20136
7.59918
8.98345
10.2955
11.4475
12.3879
13.1845
13.8261
14.316
14.6951
14.9921
15.2239
15.4075
15.5555
15.6772
15.7799
15.8692
15.9492
16.0227
16.0916
16.1548
16.2062
16.2413
16.2591
16.2597
16.2428
16.2079
16.1545
16.0816
15.988
15.872
15.7307
15.5595
15.3514
15.095
14.8053
0.915446
-0.295779
-1.64559
-3.01937
-4.30172
-5.59051
-6.81556
-7.94466
-8.9946
-9.95717
-10.8226
-11.6142
-12.3376
-12.9917
-13.5793
-14.1068
-14.578
-14.9929
-15.3506
-15.6504
-15.8911
-16.0723
-16.1954
-16.266
-16.2925
-16.2847
-16.2453
-16.1732
-16.0675
-15.9275
-15.7525
-15.5415
-15.2926
-15.0033
-14.6687
-14.2815
-13.8289
-13.2941
-12.7087
2.08739
3.22515
4.50826
5.88443
7.21092
8.52519
9.77094
10.8658
11.7494
12.5152
13.1344
13.6033
13.9665
14.2525
14.4762
14.6534
14.7965
14.9142
15.0138
15.1007
15.1787
15.2508
15.319
15.3823
15.4349
15.4722
15.4933
15.4983
15.487
15.459
15.4137
15.3504
15.2681
15.1652
15.039
14.8854
14.6979
14.4657
14.203
0.882646
-0.260912
-1.53358
-2.8261
-4.02992
-5.23721
-6.38144
-7.4337
-8.40832
-9.30131
-10.0966
-10.8265
-11.4961
-12.0973
-12.6339
-13.1154
-13.5457
-13.9241
-14.2495
-14.5219
-14.7406
-14.9049
-15.0166
-15.0804
-15.1045
-15.0978
-15.0629
-14.999
-14.9052
-14.7814
-14.6268
-14.4406
-14.2217
-13.9675
-13.674
-13.3347
-12.9376
-12.4678
-11.9532
1.99037
3.06651
4.28127
5.58394
6.8409
8.08629
9.26825
10.3083
11.1405
11.8797
12.4751
12.9212
13.268
13.5429
13.7582
13.9288
14.0667
14.1803
14.2768
14.3611
14.437
14.5076
14.575
14.6382
14.6916
14.7308
14.7547
14.7636
14.7572
14.7352
14.6973
14.6426
14.5704
14.4792
14.3668
14.2292
14.0605
13.8503
13.6125
0.857048
-0.221564
-1.41966
-2.63423
-3.76244
-4.89131
-5.95785
-6.93743
-7.84068
-8.66699
-9.39455
-10.0754
-10.699
-11.2467
-11.7317
-12.1692
-12.561
-12.9045
-13.1992
-13.4459
-13.6439
-13.7929
-13.8941
-13.9524
-13.9748
-13.9697
-13.9395
-13.8835
-13.8011
-13.6923
-13.5565
-13.393
-13.201
-12.9786
-12.7218
-12.4251
-12.0778
-11.6661
-11.2153
1.90311
2.91962
4.06751
5.2973
6.48503
7.66036
8.77861
9.76147
10.5538
11.2814
11.8518
12.2696
12.5991
12.8635
13.0705
13.2342
13.3668
13.4764
13.5696
13.6512
13.7251
13.794
13.8603
13.9231
13.977
14.0177
14.0441
14.0563
14.0543
14.0378
14.0064
13.9595
13.8964
13.8159
13.7158
13.5927
13.4411
13.2511
13.0362
0.838088
-0.189699
-1.32996
-2.47867
-3.53945
-4.5928
-5.57439
-6.4662
-7.26993
-8.00644
-8.60866
-9.27602
-9.90693
-10.4334
-10.8946
-11.3174
-11.6984
-12.031
-12.3158
-12.5545
-12.7466
-12.8914
-12.9902
-13.0475
-13.0707
-13.0681
-13.0425
-12.9927
-12.919
-12.8217
-12.6976
-12.5494
-12.3763
-12.1758
-11.9446
-11.6776
-11.3651
-10.9945
-10.589
1.83644
2.80494
3.90036
5.06478
6.18508
7.28064
8.30714
9.17928
9.87923
10.6778
11.2644
11.6728
12.0017
12.2705
12.48
12.6446
12.778
12.8885
12.9825
13.0649
13.1396
13.2096
13.2772
13.3418
13.398
13.4412
13.4702
13.4856
13.4871
13.4746
13.4477
13.4062
13.3492
13.2758
13.184
13.0706
12.9303
12.754
12.5544
0.823692
-0.162254
-1.25323
-2.3443
-3.3423
-4.32041
-5.21368
-6.00725
-6.69377
-7.32114
-7.75845
-8.44655
-9.12066
-9.648
-10.1043
-10.5316
-10.9199
-11.258
-11.547
-11.7896
-11.9855
-12.1339
-12.2362
-12.2967
-12.3233
-12.3245
-12.3035
-12.2589
-12.1921
-12.1039
-11.9864
-11.8483
-11.6881
-11.5028
-11.2891
-11.0427
-10.7547
-10.4131
-10.0395
1.78247
2.71088
3.75921
4.86231
5.91404
6.9206
7.83729
8.57756
9.16148
10.0707
10.704
11.1179
11.4566
11.7389
11.9584
12.1296
12.268
12.3829
12.4805
12.5661
12.6438
12.7167
12.7874
12.8554
12.9152
12.9617
12.9938
13.0122
13.0168
13.0074
12.984
12.946
12.8931
12.8244
12.7381
12.6311
12.4984
12.3309
12.1415
0.811007
-0.132687
-1.17391
-2.20696
-3.14231
-4.04548
-4.85257
-5.55037
-6.1265
-6.64781
-6.93179
-7.62739
-8.3355
-8.86144
-9.30898
-9.73632
-10.1288
-10.4704
-10.7621
-11.0077
-11.207
-11.3586
-11.4644
-11.5281
-11.5583
-11.5635
-11.5477
-11.5087
-11.4494
-11.3712
-11.2611
-11.1338
-10.9875
-10.818
-10.6222
-10.3965
-10.1331
-9.82045
-9.48094
1.72958
2.6177
3.6183
4.65985
5.64405
6.56143
7.37242
7.98894
8.45885
9.45592
10.1375
10.5576
10.9024
11.1961
11.4251
11.6027
11.7458
11.8646
11.9658
12.0544
12.1349
12.2106
12.2845
12.3559
12.4191
12.469
12.5044
12.526
12.5337
12.5277
12.5078
12.4736
12.425
12.3611
12.2803
12.1797
12.0546
11.8961
11.717
0.799806
-0.101627
-1.09298
-2.06833
-2.9416
-3.77073
-4.49436
-5.09874
-5.572
-5.98618
-6.13429
-6.82219
-7.55077
-8.07375
-8.51064
-8.93361
-9.32695
-9.67004
-9.96301
-10.2103
-10.4121
-10.5669
-10.676
-10.7429
-10.7766
-10.7858
-10.7749
-10.7412
-10.6889
-10.6199
-10.5165
-10.399
-10.2657
-10.1111
-9.93241
-9.72693
-9.48735
-9.20206
-8.88994
1.67795
2.52601
3.47864
4.45911
5.37718
6.20527
6.91589
7.41319
7.77591
8.83417
9.56324
9.99289
10.3416
10.6438
10.8815
11.0652
11.213
11.3356
11.44
11.5316
11.6148
11.6932
11.7701
11.8448
11.9116
11.9648
12.0036
12.0284
12.0395
12.037
12.0208
11.9908
11.9467
11.8879
11.8129
11.7191
11.6017
11.4523
11.2834
0.79018
-0.0693939
-1.01124
-1.9297
-2.74207
-3.49869
-4.14197
-4.65546
-5.03335
-5.33796
-5.3693
-6.03463
-6.76783
-7.28452
-7.70932
-8.12416
-8.51463
-8.85706
-9.1499
-9.39791
-9.60151
-9.75913
-9.87159
-9.94276
-9.98152
-9.99655
-9.99289
-9.96711
-9.92487
-9.86796
-9.77472
-9.66996
-9.55198
-9.41413
-9.25379
-9.06886
-8.85334
-8.59791
-8.32699
1.62807
2.43656
3.34142
4.2618
5.11549
5.85412
6.46997
6.84824
7.11162
8.2064
8.97897
9.42225
9.7749
10.0842
10.3292
10.5181
10.6697
10.7959
10.9038
10.9985
11.0846
11.166
11.2459
11.3242
11.3947
11.4517
11.4941
11.5225
11.5372
11.5384
11.526
11.5001
11.4606
11.4069
11.3378
11.2507
11.1415
11.0014
10.8432
0.78205
-0.0365881
-0.930037
-1.79296
-2.54625
-3.23251
-3.79911
-4.22475
-4.51441
-4.70613
-4.63874
-5.267
-5.98785
-6.49345
-6.90477
-7.30823
-7.69212
-8.03148
-8.32293
-8.57091
-8.77589
-8.93591
-9.05097
-9.12458
-9.16528
-9.18245
-9.1817
-9.1592
-9.12172
-9.07114
-8.98292
-8.8862
-8.77931
-8.65499
-8.51093
-8.34543
-8.15184
-7.9176
-7.65326
1.58056
2.35057
3.20819
4.0703
4.861
5.51001
6.03652
6.29207
6.46182
7.57328
8.38328
8.84238
9.20029
9.51759
9.77118
9.96566
10.12
10.2481
10.3581
10.4553
10.5441
10.6283
10.7115
10.7935
10.8681
10.9293
10.976
11.0089
11.0284
11.0345
11.0272
11.0066
10.9726
10.9246
10.8617
10.7815
10.6799
10.5484
10.3985
0.775288
-0.00452923
-0.851803
-1.66154
-2.35781
-2.97625
-3.46948
-3.81017
-4.01742
-4.09271
-3.94352
-4.52067
-5.21228
-5.70068
-6.09633
-6.4852
-6.85893
-7.19245
-7.48075
-7.72785
-7.93461
-8.09916
-8.22182
-8.30614
-8.35972
-8.39069
-8.40496
-8.39853
-8.37913
-8.34845
-8.27808
-8.20024
-8.11334
-8.00904
-7.88504
-7.74088
-7.574
-7.38109
-7.19635
1.53655
2.27008
3.08188
3.88813
4.61562
5.1729
5.61327
5.7381
5.81673
6.93396
7.7783
8.25314
8.61345
8.93619
9.20019
9.4052
9.56727
9.69975
9.8119
9.91038
10.0005
10.0865
10.1721
10.2573
10.3355
10.4002
10.4503
10.4867
10.5099
10.5202
10.5179
10.5031
10.4759
10.4358
10.3818
10.3114
10.2212
10.1039
9.97389
0.76952
0.0251195
-0.779703
-1.53979
-2.18176
-2.73501
-3.15661
-3.41327
-3.54198
-3.49866
-3.28295
-3.796
-4.44235
-4.90613
-5.28254
-5.65344
-6.01373
-6.33906
-6.62239
-6.86606
-7.06991
-7.23088
-7.34757
-7.42195
-7.46364
-7.48429
-7.48993
-7.47598
-7.4504
-7.41425
-7.34
-7.26288
-7.18129
-7.08693
-6.97742
-6.85124
-6.6995
-6.5025
-6.2474
1.49681
2.19668
2.9653
3.71906
4.38136
4.84381
5.1991
5.17893
5.16004
6.27911
7.16479
7.6653
8.02963
8.34821
8.60909
8.81626
8.98617
9.12952
9.25226
9.35923
9.45554
9.54637
9.63645
9.72676
9.81141
9.88335
9.94059
9.98354
10.0124
10.0273
10.0283
10.016
9.99054
9.95214
9.90035
9.8333
9.7467
9.62886
9.48363
0.764423
0.0523773
-0.713844
-1.429
-2.02105
-2.514
-2.86651
-3.04135
-3.0958
-2.9317
-2.65657
-3.09234
-3.67932
-4.10994
-4.46203
-4.80989
-5.15167
-5.46653
-5.74811
-5.99805
-6.21615
-6.40056
-6.55157
-6.6715
-6.76174
-6.8263
-6.87359
-6.90064
-6.91902
-6.92894
-6.89417
-6.85226
-6.80291
-6.73684
-6.6526
-6.55284
-6.44397
-6.33883
-6.30256
1.46036
2.12899
2.8578
3.56427
4.16177
4.53568
4.81143
4.6175
4.47717
5.5865
6.51554
7.06334
7.46515
7.80515
8.06542
8.25444
8.40069
8.52605
8.6404
8.74698
8.84767
8.945
9.04212
9.13905
9.22985
9.30915
9.37645
9.4326
9.47775
9.51185
9.53468
9.54586
9.54477
9.53044
9.5017
9.45722
9.39746
9.32544
9.27396
0.760398
0.0784599
-0.65233
-1.32729
-1.87583
-2.31766
-2.60973
-2.71539
-2.70448
-2.4087
-2.06507
-2.41195
-2.925
-3.31148
-3.63513
-3.95663
-4.27038
-4.55673
-4.80964
-5.02956
-5.21393
-5.35582
-5.44883
-5.4931
-5.50855
-5.51593
-5.51697
-5.50293
-5.4787
-5.44427
-5.37818
-5.31696
-5.25813
-5.19341
-5.11959
-5.03196
-4.91085
-4.71476
-4.37558
1.42709
2.06682
2.75968
3.42475
3.96284
4.27064
4.4731
4.05355
3.76715
4.8537
5.78888
6.35285
6.79655
7.2085
7.55175
7.80682
7.98593
8.11122
8.2051
8.28451
8.36043
8.43993
8.52771
8.62195
8.71073
8.78327
8.83729
8.87406
8.89525
8.90225
8.8965
8.87985
8.85429
8.82134
8.78099
8.72909
8.65193
8.51479
8.27549
0.758015
0.0962531
-0.60856
-1.25067
-1.76159
-2.15738
-2.39222
-2.43857
-2.35789
-1.9095
-1.49859
-1.7632
-2.18615
-2.50676
-2.79141
-3.09425
-3.4088
-3.71672
-4.01103
-4.29171
-4.55969
-4.81705
-5.06457
-5.29528
-5.4818
-5.61538
-5.72244
-5.80983
-5.90067
-5.99138
-6.01842
-6.02096
-6.01691
-6.00004
-5.96681
-5.92506
-5.90376
-5.95466
-6.21301
1.4058
2.02611
2.69156
3.31845
3.79554
4.04101
4.11996
3.40732
3.0161
4.14771
5.09259
5.60995
5.96468
6.28582
6.59259
6.88929
7.17314
7.43026
7.64906
7.82744
7.97112
8.08952
8.19635
8.31109
8.44726
8.59326
8.73267
8.86028
8.97465
9.07488
9.15898
9.22416
9.26826
9.29019
9.29188
9.28107
9.28235
9.3503
9.59355
0.754893
0.0847918
-0.620976
-1.24801
-1.72592
-2.06366
-2.21226
-2.15962
-1.94143
-1.32321
-0.914326
-1.13956
-1.48477
-1.72088
-1.90565
-2.08554
-2.26306
-2.43024
-2.58199
-2.71311
-2.81155
-2.85801
-2.83852
-2.76165
-2.69048
-2.65834
-2.64235
-2.61082
-2.55562
-2.51577
-2.44835
-2.38994
-2.3478
-2.30936
-2.26777
-2.21456
-2.1047
-1.85696
-1.28998
1.41149
2.03623
2.69364
3.28483
3.6806
3.79964
3.58523
2.52695
2.12667
3.4434
4.61839
5.37622
5.85029
6.09769
6.14557
6.07022
5.95377
5.8625
5.82427
5.84154
5.90597
6.00889
6.1343
6.24232
6.28938
6.2934
6.28839
6.2795
6.26569
6.24665
6.22609
6.20896
6.19879
6.1966
6.19763
6.18388
6.10217
5.84449
5.23503
0.746261
0.0447282
-0.68622
-1.31879
-1.77368
-2.04877
-2.09083
-1.8958
-1.46832
-0.685427
-0.29124
-0.471007
-0.787296
-1.08496
-1.38565
-1.70006
-2.03095
-2.3799
-2.75178
-3.15543
-3.60304
-4.10086
-4.62574
-5.11833
-5.473
-5.68945
-5.90262
-6.07194
-6.35455
-6.76594
-6.64713
-6.66835
-6.7944
-6.88727
-6.93189
-6.97498
-7.09118
-7.38663
-8.06404
1.43222
2.07907
2.74612
3.3126
3.62623
3.57543
2.96712
1.60131
0.970269
2.14909
3.45654
4.74961
6.00731
7.19994
8.21248
8.98726
9.54259
9.8966
10.0969
10.1967
10.2423
10.2712
10.3384
10.5316
10.8843
11.2681
11.5834
11.8426
12.0675
12.262
12.4193
12.536
12.6142
12.6606
12.6913
12.739
12.8859
13.2569
14.0559
106.921
106.186
105.237
104.002
102.272
99.857
96.537
92.1325
86.67
80.5015
74.1454
67.9764
62.1143
56.5381
51.208
46.108
41.2376
36.5987
32.1893
28.003
24.0302
20.2619
16.6887
13.3025
10.0954
7.06027
4.18997
1.4778
-1.08075
-3.48924
-5.74952
-7.86217
-9.8277
-11.6454
-13.3144
-14.8342
-16.2044
-17.4251
-18.4972
-19.4221
-20.2022
-20.8407
-21.3421
-21.7112
-21.9541
-22.0776
-22.089
-21.9962
-21.8074
-21.5315
-21.177
-20.7528
-20.2673
-19.7291
-19.146
-18.5257
-17.8752
-17.2011
-16.5093
-15.8052
-15.0935
-14.3786
-13.6639
-12.9527
-12.2478
-11.5508
-10.8653
-10.2787
-9.75554
-9.22754
-8.65538
-8.13263
-7.45214
-7.0771
-6.04508
-6.30133
-4.11207
-6.40274
-0.929256
-8.53911
106.562
103.438
99.8984
96.1799
92.3732
88.5634
84.8134
81.1713
77.6204
74.1881
70.875
67.6912
64.6433
61.7368
58.9758
56.3627
53.8984
51.5828
49.4139
47.3884
45.5022
43.7498
42.1252
40.6217
39.2323
37.9497
36.7666
35.6757
34.6698
33.742
32.8858
32.0945
31.3618
30.6817
30.0481
29.4551
28.8972
28.3686
27.8641
27.3782
26.9062
26.4431
25.9848
25.5272
25.0668
24.6004
24.1257
23.6406
23.1436
22.6337
22.1106
21.5743
21.0253
20.4643
19.8926
19.3116
18.7231
18.1289
17.531
16.9313
16.3319
15.7347
15.1418
14.5549
13.9761
13.4069
12.8505
12.3824
11.9787
11.5639
11.1398
10.7098
10.2714
9.86601
9.35468
9.23402
8.06584
9.7661
4.82032
14.3925
47
46.4845
45.998
45.5484
45.1095
44.7202
44.4084
44.146
43.8381
43.3548
42.6127
41.6063
40.3421
38.8187
37.0536
35.0792
32.9302
30.6386
28.2338
25.7439
23.195
20.6122
18.0178
15.4316
12.8713
10.3525
7.89016
5.49756
3.18635
0.965399
-1.15797
-3.17752
-5.0887
-6.88707
-8.56881
-10.1309
-11.5707
-12.8861
-14.0754
-15.1378
-16.0729
-16.8816
-17.5654
-18.1263
-18.5678
-18.8941
-19.1098
-19.2207
-19.2329
-19.1532
-18.9889
-18.7472
-18.4359
-18.0623
-17.6341
-17.1585
-16.6425
-16.0926
-15.515
-14.9156
-14.2994
-13.6711
-13.0351
-12.3948
-11.754
-11.1146
-10.4806
-9.93462
-9.44504
-8.95159
-8.40914
-7.91975
-7.26343
-6.92023
-5.91224
-6.18264
-4.05567
-6.2728
-1.02563
-8.35252
47.3215
47.5265
47.9109
48.2546
48.5273
48.7021
48.7688
48.7209
48.5558
48.2824
47.9009
47.4187
46.8424
46.1797
45.4399
44.6329
43.7689
42.8589
41.9144
40.9466
39.9663
38.9835
38.0078
37.0476
36.1103
35.2016
34.3263
33.488
32.6886
31.9292
31.21
30.5302
29.8881
29.2816
28.7081
28.1647
27.6481
27.1548
26.6812
26.2237
25.7786
25.3423
24.9115
24.4826
24.0527
23.6191
23.1793
22.7312
22.2732
21.8041
21.3231
20.8298
20.3244
19.8071
19.2789
18.7407
18.1939
17.6401
17.0809
16.518
15.9535
15.3891
14.8269
14.2687
13.7166
13.172
12.6383
12.1884
11.7998
11.3999
10.9901
10.5743
10.1488
9.75839
9.25723
9.15087
8.00438
9.65439
4.90766
14.0532
29.2679
28.9722
28.6476
28.3139
27.9346
27.4884
26.9722
26.3853
25.7292
25.0091
24.2384
23.4491
22.6697
21.8997
21.1236
20.3211
19.4737
18.5674
17.5909
16.5362
15.3986
14.1771
12.8738
11.4941
10.0463
8.5405
6.98814
5.40121
3.793
2.17705
0.566893
-1.02397
-2.58328
-4.09924
-5.56102
-6.95905
-8.28469
-9.53039
-10.6896
-11.7568
-12.7275
-13.5986
-14.3678
-15.0335
-15.5958
-16.0556
-16.4145
-16.6754
-16.8419
-16.9184
-16.9099
-16.822
-16.6606
-16.4321
-16.1427
-15.7991
-15.4076
-14.9745
-14.5058
-14.0071
-13.4838
-12.9409
-12.3829
-11.8137
-11.2375
-10.6568
-10.0753
-9.57139
-9.11678
-8.6583
-8.14821
-7.69047
-7.06651
-6.74351
-5.78499
-6.0307
-4.03055
-6.08416
-1.17346
-8.06118
29.4234
29.5126
29.5985
29.6747
29.77
29.8858
30.0243
30.1807
30.3525
30.5344
30.7193
30.9015
31.0741
31.2307
31.3649
31.4709
31.5432
31.5775
31.57
31.5185
31.4216
31.2792
31.0923
30.8634
30.5957
30.2931
29.9603
29.6023
29.2243
28.8312
28.4278
28.0184
27.6066
27.1954
26.7873
26.3836
25.9854
25.593
25.206
24.8236
24.4448
24.068
23.6915
23.3136
22.9324
22.5459
22.1526
21.7507
21.339
20.9164
20.482
20.0354
19.5766
19.1056
18.623
18.1295
17.6263
17.1147
16.5959
16.0718
15.544
15.0143
14.4848
13.9571
13.4335
12.9153
12.4061
11.9759
11.6039
11.2203
10.8263
10.4263
10.0157
9.63976
9.15536
9.04861
7.9603
9.49157
5.04628
13.6631
27.8515
27.6621
27.4558
27.241
27.004
26.7264
26.3903
25.9774
25.4664
24.8367
24.0777
23.2039
22.2573
21.2733
20.2644
19.2344
18.1859
17.1223
16.0461
14.9582
13.8577
12.7427
11.6109
10.46
9.28809
8.09388
6.87707
5.63812
4.3794
3.10436
1.81797
0.52672
-0.762205
-2.04064
-3.29973
-4.53058
-5.72419
-6.87187
-7.96536
-8.99697
-9.95997
-10.8485
-11.6576
-12.3833
-13.0226
-13.5739
-14.0362
-14.4098
-14.6961
-14.897
-15.0157
-15.0557
-15.0215
-14.9178
-14.7498
-14.5231
-14.2433
-13.916
-13.5468
-13.1412
-12.7045
-12.2416
-11.7572
-11.2556
-10.7409
-10.2163
-9.68554
-9.22197
-8.80015
-8.37417
-7.89444
-7.46671
-6.87253
-6.57157
-5.65285
-5.89207
-3.97837
-5.94151
-1.23467
-7.87229
27.9812
28.073
28.1388
28.1823
28.209
28.2187
28.2135
28.1934
28.161
28.1172
28.0641
28.0034
27.9367
27.8657
27.7915
27.7148
27.6363
27.5559
27.473
27.3867
27.2957
27.1983
27.0928
26.9772
26.8498
26.709
26.5535
26.3825
26.1955
25.9928
25.775
25.543
25.2981
25.0418
24.7757
24.5013
24.2198
23.9325
23.6401
23.3431
23.0415
22.7354
22.424
22.1068
21.7828
21.451
21.1103
20.7597
20.3982
20.025
19.6394
19.241
18.8297
18.4054
17.9685
17.5197
17.0599
16.59
16.1115
15.6258
15.1344
14.6392
14.142
13.6447
13.1492
12.6572
12.1722
11.7612
11.4049
11.037
10.6584
10.2735
9.87736
9.51533
9.04587
8.94341
7.89468
9.36248
5.08716
13.4133
23.6017
23.3961
23.1856
22.9837
22.7829
22.5766
22.3566
22.1146
21.8428
21.5296
21.1599
20.7189
20.2028
19.6216
18.9829
18.2886
17.5401
16.7383
15.8858
14.9861
14.0432
13.0611
12.0441
10.9965
9.92234
8.8257
7.71037
6.57981
5.43759
4.28706
3.13159
1.97512
0.821587
-0.324519
-1.45809
-2.57366
-3.66526
-4.72665
-5.7513
-6.73271
-7.66459
-8.541
-9.35638
-10.1057
-10.785
-11.3906
-11.9202
-12.3722
-12.7459
-13.0415
-13.2602
-13.4039
-13.4753
-13.4777
-13.415
-13.2914
-13.1117
-12.8808
-12.6035
-12.2849
-11.9299
-11.5434
-11.13
-10.6939
-10.2395
-9.77023
-9.28974
-8.86621
-8.477
-8.08339
-7.6341
-7.2367
-6.67153
-6.3955
-5.51061
-5.75646
-3.90487
-5.81949
-1.2494
-7.73238
23.7495
23.8628
23.9768
24.0867
24.1935
24.2966
24.3947
24.4862
24.5699
24.644
24.7074
24.7588
24.7973
24.8222
24.8329
24.8294
24.8117
24.7801
24.7354
24.6784
24.61
24.5312
24.4432
24.3467
24.2425
24.1314
24.0135
23.8891
23.7581
23.6203
23.4754
23.3231
23.163
22.995
22.8186
22.634
22.441
22.2397
22.0299
21.8119
21.5855
21.3505
21.1066
20.8535
20.5906
20.3173
20.033
19.737
19.4286
19.1071
18.7722
18.4234
18.0607
17.684
17.2936
16.89
16.474
16.0465
15.6086
15.1618
14.7075
14.2474
13.7833
13.3169
12.8504
12.3852
11.9251
11.5337
11.1936
10.8418
10.4788
10.1095
9.72814
9.38023
8.92569
8.8302
7.81187
9.24227
5.07633
13.2087
18.9537
18.7757
18.5902
18.4109
18.2306
18.0466
17.8564
17.6539
17.4332
17.1893
16.916
16.6055
16.2512
15.8543
15.4214
14.9568
14.461
13.9336
13.3723
12.7744
12.1384
11.4634
10.7488
9.99477
9.20228
8.37303
7.5095
6.6147
5.69234
4.74645
3.78138
2.80197
1.81298
0.819435
-0.173419
-1.16032
-2.13581
-3.09437
-4.03027
-4.93785
-5.81138
-6.64534
-7.43429
-8.17308
-8.85712
-9.48221
-10.0448
-10.5421
-10.972
-11.3332
-11.6253
-11.8486
-12.0041
-12.0938
-12.12
-12.0859
-11.9948
-11.8508
-11.6578
-11.4203
-11.1427
-10.8293
-10.4847
-10.1128
-9.71808
-9.30407
-8.8742
-8.49128
-8.13562
-7.77538
-7.35793
-6.99189
-6.45741
-6.20706
-5.35815
-5.6103
-3.82422
-5.68615
-1.26184
-7.57551
19.0763
19.1692
19.267
19.3647
19.4658
19.5699
19.6771
19.7871
19.8995
20.0137
20.1293
20.2454
20.3611
20.4754
20.5871
20.695
20.7978
20.894
20.9826
21.0621
21.1315
21.1899
21.2364
21.2707
21.2923
21.3012
21.2975
21.2814
21.2532
21.2134
21.1625
21.1006
21.0283
20.9458
20.8531
20.7503
20.6375
20.5145
20.3811
20.2373
20.0827
19.9172
19.7402
19.5516
19.3509
19.1376
18.9113
18.6714
18.4176
18.1494
17.8663
17.5683
17.2551
16.9268
16.5837
16.2261
15.8548
15.4705
15.0743
14.6674
14.2513
13.8275
13.3976
12.9635
12.5273
12.0904
11.6566
11.2861
10.9633
10.6286
10.2825
9.9297
9.56441
9.23126
8.7936
8.70375
7.72047
9.10426
5.06221
12.9759
15.822
15.6753
15.5197
15.3665
15.2106
15.0507
14.8872
14.7174
14.5364
14.3387
14.1196
13.8732
13.5927
13.2735
12.9176
12.5319
12.1208
11.6866
11.2309
10.7531
10.252
9.72662
9.17611
8.59965
7.99645
7.36598
6.70798
6.02257
5.31041
4.57263
3.81094
3.02778
2.226
1.40907
0.581006
-0.253814
-1.09059
-1.92433
-2.74969
-3.56127
-4.35362
-5.12128
-5.85889
-6.56116
-7.22322
-7.84045
-8.40861
-8.92406
-9.38369
-9.78509
-10.1265
-10.407
-10.6262
-10.7846
-10.8833
-10.924
-10.9091
-10.8413
-10.7237
-10.56
-10.3539
-10.1092
-9.82991
-9.51988
-9.1831
-8.82335
-8.44367
-8.10143
-7.77965
-7.45315
-7.06836
-6.73408
-6.2318
-6.00687
-5.19697
-5.4527
-3.7386
-5.53933
-1.27302
-7.39861
15.9275
16.0139
16.105
16.1967
16.2917
16.389
16.4887
16.5908
16.6952
16.8018
16.9105
17.0212
17.1337
17.2478
17.3633
17.4798
17.597
17.7142
17.831
17.9466
18.0602
18.1709
18.2775
18.3792
18.4747
18.563
18.643
18.7137
18.7744
18.8242
18.8626
18.8891
18.9035
18.9055
18.8951
18.872
18.8364
18.7882
18.7274
18.6537
18.5672
18.4676
18.3546
18.2281
18.0876
17.9329
17.7635
17.5792
17.3795
17.164
16.9327
16.6851
16.4214
16.1415
15.8456
15.5341
15.2076
14.8668
14.5127
14.1463
13.7689
13.3821
12.9874
12.5865
12.1816
11.774
11.3678
11.0191
10.7146
10.398
10.0697
9.73433
9.38617
9.06829
8.64941
8.56326
7.62099
8.94704
5.04584
12.7212
13.6179
13.4939
13.3605
13.2274
13.091
12.9508
12.8082
12.6632
12.5137
12.3557
12.1852
11.9982
11.7896
11.5533
11.2849
10.9844
10.6564
10.3042
9.92957
9.53442
9.11876
8.68164
8.22261
7.74163
7.2387
6.71384
6.16713
5.5988
5.00927
4.39903
3.76884
3.11984
2.45333
1.77109
1.07533
0.368677
-0.345763
-1.06449
-1.78354
-2.49863
-3.20523
-3.89862
-4.57392
-5.22621
-5.85068
-6.44268
-6.99774
-7.5118
-7.98115
-8.40264
-8.77365
-9.09214
-9.35677
-9.56677
-9.72212
-9.82339
-9.87175
-9.86892
-9.8171
-9.7189
-9.57732
-9.39554
-9.177
-8.92517
-8.64364
-8.33613
-8.00526
-7.70295
-7.41464
-7.12147
-6.76941
-6.46667
-5.99732
-5.79738
-5.02791
-5.28652
-3.64541
-5.38567
-1.27324
-7.21744
13.7111
13.7918
13.8778
13.9654
14.0565
14.1502
14.2468
14.346
14.4478
14.5519
14.6584
14.7669
14.8773
14.9893
15.1027
15.2173
15.3328
15.4488
15.5651
15.6815
15.7974
15.9126
16.0266
16.1388
16.2489
16.3561
16.4597
16.5589
16.6531
16.7412
16.8224
16.8959
16.9607
17.016
17.0611
17.0953
17.118
17.1286
17.1266
17.1117
17.0834
17.0414
16.9853
16.9147
16.8293
16.7287
16.6126
16.4806
16.3323
16.1675
15.9859
15.7873
15.5716
15.3388
15.0892
14.823
14.5407
14.2428
13.9304
13.6043
13.2657
12.916
12.5568
12.1897
11.8166
11.439
11.0608
10.7348
10.449
10.1511
9.84128
9.524
9.19374
8.89142
8.49269
8.40897
7.51099
8.7758
5.01627
12.4634
11.8032
11.698
11.5844
11.4696
11.3504
11.2266
11.1
10.9717
10.8412
10.7073
10.567
10.417
10.2543
10.0748
9.87368
9.64681
9.39369
9.11719
8.81974
8.50287
8.16814
7.81551
7.44378
7.05213
6.64026
6.20801
5.75532
5.28227
4.78918
4.27653
3.74497
3.19548
2.62912
2.04724
1.45148
0.843743
0.226206
-0.398599
-1.02782
-1.65828
-2.28651
-2.90878
-3.52111
-4.11931
-4.69914
-5.25632
-5.78662
-6.28597
-6.7505
-7.17673
-7.56154
-7.90222
-8.19668
-8.44328
-8.64106
-8.78961
-8.88909
-8.94026
-8.94436
-8.90314
-8.81877
-8.69371
-8.53079
-8.33298
-8.10338
-7.84556
-7.56161
-7.298
-7.04241
-6.78187
-6.46232
-6.19066
-5.75457
-5.57928
-4.85081
-5.1126
-3.5433
-5.22701
-1.2604
-7.03657
11.8839
11.9558
12.0327
12.1117
12.1942
12.2797
12.3684
12.4602
12.5552
12.6532
12.7543
12.8584
12.9653
13.0749
13.187
13.3014
13.4179
13.5361
13.6557
13.7764
13.8978
14.0195
14.141
14.2619
14.3818
14.5002
14.6164
14.73
14.8404
14.9471
15.0493
15.1464
15.2376
15.3223
15.3996
15.4687
15.5288
15.5791
15.6189
15.6473
15.6638
15.6675
15.6579
15.6343
15.5962
15.5431
15.4744
15.3897
15.2885
15.1706
15.0354
14.8829
14.7128
14.5251
14.3199
14.0974
13.8579
13.602
13.3304
13.044
12.7438
12.431
12.1072
11.7739
11.4329
11.0857
10.7361
10.4331
10.1665
9.8878
9.59696
9.29823
8.98652
8.70001
8.32256
8.24047
7.3888
8.59184
4.97102
12.2046
10.2875
10.1981
10.1019
10.0043
9.90181
9.79343
9.68119
9.56652
9.44988
9.33123
9.20964
9.08291
8.94831
8.80326
8.64456
8.46811
8.2702
8.05
7.80962
7.55121
7.27627
6.98636
6.68174
6.36132
6.02417
5.66984
5.29804
4.90853
4.50118
4.07599
3.63315
3.17312
2.69649
2.20412
1.69715
1.17696
0.645208
0.103831
-0.444948
-0.998622
-1.55443
-2.10938
-2.6602
-3.20339
-3.73535
-4.25233
-4.75049
-5.22606
-5.67529
-6.09466
-6.48088
-6.8309
-7.14217
-7.41247
-7.64011
-7.82393
-7.96328
-8.05804
-8.10862
-8.11593
-8.08136
-8.00663
-7.89388
-7.74557
-7.56422
-7.35316
-7.11387
-6.88745
-6.66361
-6.43483
-6.14739
-5.9062
-5.50355
-5.35248
-4.66548
-4.93053
-3.4323
-5.06214
-1.23674
-6.85341
10.3574
10.4208
10.4887
10.5587
10.6319
10.7081
10.7874
10.8698
10.9554
11.0442
11.1362
11.2314
11.3299
11.4315
11.5362
11.6439
11.7546
11.868
11.984
12.1023
12.2228
12.345
12.4687
12.5935
12.7188
12.8443
12.9693
13.0935
13.2161
13.3365
13.4541
13.5683
13.6784
13.7836
13.8833
13.9767
14.0629
14.1413
14.211
14.2712
14.3212
14.36
14.3869
14.4012
14.402
14.3888
14.3607
14.3172
14.2577
14.1818
14.0888
13.9786
13.8508
13.7052
13.5419
13.3608
13.1623
12.9468
12.7147
12.4668
12.2042
11.9278
11.639
11.3394
11.0305
10.7138
10.3931
10.1134
9.86649
9.6073
9.33592
9.0562
8.76361
8.49322
8.13806
8.05708
7.25355
8.39405
4.91218
11.9395
9.04505
8.96871
8.88661
8.80321
8.71589
8.62273
8.52443
8.42251
8.31801
8.21146
8.10302
7.9921
7.87702
7.75553
7.62543
7.48401
7.3277
7.15312
6.95905
6.74694
6.51873
6.27584
6.01983
5.75127
5.46929
5.17302
4.86203
4.53612
4.19511
3.83884
3.46726
3.08048
2.67871
2.26235
1.83202
1.38853
0.932943
0.466567
-0.0089909
-0.491879
-0.979982
-1.47093
-1.9621
-2.45058
-2.93336
-3.40719
-3.86869
-4.31448
-4.74106
-5.14507
-5.52325
-5.87247
-6.1899
-6.47302
-6.71967
-6.92812
-7.09708
-7.22575
-7.31381
-7.36142
-7.36923
-7.33828
-7.27003
-7.16636
-7.02919
-6.86153
-6.66426
-6.4732
-6.27986
-6.08169
-5.82566
-5.61414
-5.2448
-5.11735
-4.4721
-4.74023
-3.31271
-4.89028
-1.20374
-6.66574
9.10593
9.16214
9.22214
9.28422
9.34928
9.41706
9.48778
9.56145
9.63813
9.71788
9.80075
9.88677
9.97596
10.0683
10.1639
10.2626
10.3644
10.4693
10.5771
10.6878
10.8012
10.9172
11.0355
11.1558
11.278
11.4016
11.5263
11.6517
11.7772
11.9023
12.0265
12.1491
12.2694
12.3868
12.5005
12.6097
12.7137
12.8116
12.9027
12.986
13.0607
13.1261
13.1811
13.225
13.257
13.2762
13.2818
13.2731
13.2493
13.2099
13.1542
13.0818
12.9922
12.8852
12.7604
12.618
12.458
12.2806
12.0862
11.8754
11.6491
11.4081
11.1537
10.8871
10.6101
10.3238
10.0321
9.77589
9.54871
9.30935
9.05775
8.79741
8.52443
8.27042
7.93839
7.85821
7.10456
8.18155
4.84093
11.6653
8.01329
7.94777
7.87733
7.80554
7.73039
7.65064
7.56623
7.47722
7.38432
7.28865
7.19094
7.09148
6.9899
6.885
6.77496
6.65784
6.53136
6.39244
6.23794
6.06636
5.87856
5.67621
5.46061
5.23323
4.99484
4.7448
4.4822
4.20661
3.91788
3.61588
3.30049
2.97173
2.62964
2.27441
1.9064
1.5261
1.13418
0.731488
0.319126
-0.1016
-0.529158
-0.961778
-1.39743
-1.83382
-2.26849
-2.69875
-3.12173
-3.53445
-3.9338
-4.31668
-4.68001
-5.02074
-5.33599
-5.62309
-5.87962
-6.1035
-6.29298
-6.44674
-6.56387
-6.64391
-6.68686
-6.69312
-6.66352
-6.59938
-6.502
-6.37403
-6.21572
-6.05783
-5.89343
-5.72441
-5.49875
-5.31578
-4.97933
-4.87467
-4.27116
-4.54205
-3.18485
-4.71147
-1.16176
-6.47352
8.0664
8.11607
8.16899
8.2239
8.2815
8.34163
8.40448
8.47007
8.53848
8.60979
8.68407
8.76135
8.8417
8.92514
9.0117
9.10141
9.19425
9.2902
9.38923
9.49129
9.59629
9.70413
9.81468
9.92777
10.0432
10.1608
10.2802
10.4012
10.5233
10.6463
10.7696
10.8927
11.0152
11.1364
11.2556
11.3722
11.4853
11.5943
11.6984
11.7966
11.8881
11.972
12.0474
12.1134
12.1691
12.2137
12.2462
12.2658
12.2717
12.2631
12.2394
12.1998
12.144
12.0713
11.9814
11.8743
11.7497
11.6078
11.4487
11.2731
11.0813
10.8743
10.6531
10.4188
10.1729
9.91666
9.65356
9.42085
9.21345
8.99401
8.76236
8.52159
8.26853
8.03116
7.72287
7.64337
6.94108
7.95399
4.7573
11.3805
7.13849
7.08203
7.02138
6.95946
6.89454
6.82556
6.75286
6.67643
6.59568
6.51083
6.423
6.33311
6.24152
6.1481
6.05202
5.95179
5.8457
5.73186
5.60763
5.47011
5.3176
5.15047
4.97014
4.77783
4.57491
4.36229
4.13955
3.90577
3.66049
3.40352
3.13478
2.8542
2.5617
2.25735
1.94133
1.61392
1.27555
0.926798
0.568426
0.20137
-0.173251
-0.554123
-0.9397
-1.32821
-1.71769
-2.10598
-2.49068
-2.86929
-3.23912
-3.59741
-3.94134
-4.26808
-4.57488
-4.85903
-5.11804
-5.34964
-5.5518
-5.72284
-5.8614
-5.96655
-6.03774
-6.07483
-6.07806
-6.04822
-5.98604
-5.89377
-5.77105
-5.64384
-5.50654
-5.36492
-5.16829
-5.01249
-4.70816
-4.62526
-4.06319
-4.3364
-3.04901
-4.52587
-1.11176
-6.27687
7.18482
7.22855
7.27507
7.32347
7.37427
7.42739
7.48298
7.54109
7.6018
7.6652
7.73136
7.80033
7.8722
7.94701
8.02481
8.10566
8.18956
8.27654
8.36661
8.45975
8.55593
8.6551
8.75717
8.86206
8.96963
9.07972
9.19213
9.30665
9.423
9.5409
9.65996
9.77982
9.90003
10.0201
10.1395
10.2576
10.3739
10.4875
10.5978
10.7041
10.8054
10.9009
10.9897
11.071
11.1437
11.2071
11.2601
11.3018
11.3314
11.348
11.3508
11.339
11.3121
11.2693
11.2103
11.1346
11.0421
10.9325
10.8061
10.6631
10.5038
10.329
10.1394
9.93608
9.72041
9.4934
9.25841
9.04883
8.86105
8.6614
8.44969
8.22855
7.99556
7.77497
7.49085
7.41208
6.76233
7.71096
4.66132
11.0834
6.38784
6.33904
6.28664
6.23308
6.17696
6.11726
6.05412
5.98787
5.91839
5.84499
5.76746
5.68669
5.60371
5.51906
5.4328
5.34438
5.25258
5.15591
5.05277
4.94095
4.81778
4.68141
4.53181
4.37014
4.19754
4.01532
3.82453
3.62492
3.41566
3.19619
2.96635
2.7261
2.47533
2.21398
1.94211
1.65984
1.36741
1.06517
0.753648
0.43348
0.105476
-0.229394
-0.569957
-0.914847
-1.26252
-1.61124
-1.95905
-2.30388
-2.64344
-2.97535
-3.29712
-3.60618
-3.89996
-4.1759
-4.43156
-4.66459
-4.87284
-5.05441
-5.20766
-5.33128
-5.42429
-5.48613
-5.51653
-5.51581
-5.48416
-5.42344
-5.33273
-5.23349
-5.12123
-5.00504
-4.83582
-4.70559
-4.43233
-4.36995
-3.84874
-4.12358
-2.90557
-4.33329
-1.0547
-6.07464
6.42828
6.46673
6.5076
6.55018
6.59491
6.64173
6.69078
6.74212
6.79583
6.85198
6.91067
6.97194
7.03589
7.10259
7.17209
7.24444
7.3197
7.39791
7.4791
7.56329
7.65048
7.74066
7.83381
7.92986
8.02876
8.1304
8.23465
8.34136
8.45035
8.56138
8.67418
8.78845
8.90384
9.01995
9.13634
9.25251
9.36792
9.48198
9.59405
9.70345
9.80942
9.91118
10.0079
10.0987
10.1828
10.2592
10.3269
10.3851
10.4328
10.4692
10.4933
10.5043
10.5015
10.4841
10.4516
10.4034
10.3392
10.2587
10.1618
10.0486
9.91934
9.77449
9.61468
9.4408
9.25397
9.05513
8.84739
8.66041
8.49184
8.31171
8.11972
7.91811
7.70516
7.50145
7.24167
7.16388
6.5676
7.45166
4.55349
10.7708
5.73767
5.69537
5.64998
5.60353
5.55488
5.50317
5.44842
5.39073
5.33011
5.26657
5.19969
5.12895
5.05469
4.97796
4.89955
4.81967
4.73798
4.65354
4.56509
4.47126
4.37015
4.25933
4.13687
4.00236
3.85671
3.70104
3.53659
3.36448
3.18468
2.99638
2.79904
2.59251
2.37671
2.15157
1.91704
1.67315
1.41999
1.15778
0.886843
0.607596
0.320608
0.0265721
-0.273642
-0.578994
-0.888289
-1.20016
-1.51303
-1.82518
-2.13472
-2.43962
-2.73772
-3.02676
-3.3044
-3.56829
-3.81611
-4.04557
-4.25449
-4.44089
-4.60295
-4.73913
-4.84815
-4.92909
-4.98128
-5.00465
-4.99889
-4.96551
-4.90308
-4.82893
-4.73945
-4.64654
-4.50291
-4.39639
-4.15292
-4.10955
-3.6286
-3.90382
-2.7554
-4.13309
-0.992404
-5.86488
5.77299
5.80678
5.84267
5.88011
5.91946
5.96069
6.00393
6.04922
6.09665
6.14629
6.19823
6.25254
6.30929
6.36856
6.4304
6.49489
6.5621
6.63206
6.70483
6.78045
6.85894
6.94033
7.02461
7.11176
7.20177
7.29458
7.3901
7.48825
7.58891
7.69191
7.79705
7.9041
8.01282
8.12288
8.23392
8.34555
8.45731
8.56871
8.67919
8.78816
8.89497
8.99891
9.09922
9.19514
9.28583
9.37041
9.44801
9.5177
9.57858
9.62974
9.67025
9.69926
9.71592
9.71945
9.70915
9.68439
9.64468
9.58962
9.51895
9.43258
9.3306
9.21328
9.08107
8.93469
8.77508
8.60301
8.42138
8.25618
8.10626
7.94517
7.77252
7.59014
7.39701
7.21019
6.97473
6.89829
6.35637
7.17497
4.43508
10.4377
5.16951
5.13274
5.0933
5.0529
5.01061
4.96566
4.9181
4.86794
4.81506
4.75939
4.70105
4.63987
4.57522
4.50695
4.43589
4.36299
4.28865
4.21274
4.13456
4.05307
3.96707
3.87498
3.77468
3.66427
3.54309
3.41178
3.2713
3.12282
2.96747
2.8053
2.63552
2.45759
2.27136
2.07682
1.87397
1.66273
1.44312
1.21523
0.979264
0.735503
0.484329
0.226235
-0.0381461
-0.308028
-0.582503
-0.860501
-1.14077
-1.42193
-1.70241
-1.98052
-2.25441
-2.52213
-2.78163
-3.03077
-3.26741
-3.4894
-3.69465
-3.88114
-4.04703
-4.19061
-4.31042
-4.40527
-4.4742
-4.51685
-4.53247
-4.52221
-4.48428
-4.43221
-4.36313
-4.29117
-4.17111
-4.08627
-3.87109
-3.8449
-3.40371
-3.6771
-2.5998
-3.92415
-0.926835
-5.6441
5.20039
5.23009
5.26159
5.2945
5.32911
5.3654
5.40346
5.44338
5.48521
5.52903
5.57492
5.62295
5.67319
5.72572
5.7806
5.8379
5.8977
5.96004
6.02499
6.0926
6.16291
6.23594
6.31174
6.3903
6.47162
6.5557
6.64247
6.73191
6.82392
6.91841
7.01522
7.1142
7.21517
7.31788
7.42205
7.52737
7.63347
7.73995
7.84635
7.95216
8.05683
8.15974
8.26024
8.35761
8.4511
8.53992
8.62324
8.7002
8.7699
8.83145
8.88397
8.92655
8.95834
8.97849
8.98625
8.9809
8.96184
8.92855
8.88065
8.8179
8.74022
8.64769
8.54065
8.41959
8.28524
8.1383
7.98136
7.83692
7.70485
7.56212
7.40818
7.24458
7.07087
6.90083
6.68945
6.61466
6.12837
6.87857
4.30875
10.0775
4.66588
4.63387
4.59953
4.56434
4.52749
4.48837
4.44696
4.40332
4.35729
4.30871
4.25754
4.20385
4.14768
4.08855
4.02588
3.96007
3.89216
3.82287
3.75221
3.67969
3.6044
3.52531
3.44105
3.34963
3.24924
3.13934
3.02061
2.89386
2.75992
2.61986
2.47381
2.32092
2.16047
1.99238
1.81675
1.63362
1.44295
1.24474
1.0391
0.826206
0.606337
0.379842
0.147185
-0.0910446
-0.334153
-0.581308
-0.831531
-1.0837
-1.33655
-1.58869
-1.83857
-2.08451
-2.32475
-2.55737
-2.78048
-2.99212
-3.19029
-3.37307
-3.5386
-3.68517
-3.81121
-3.91536
-3.99646
-4.05387
-4.08656
-4.09536
-4.07812
-4.04511
-3.99399
-3.94053
-3.84191
-3.77634
-3.58826
-3.57631
-3.17571
-3.44256
-2.44168
-3.7026
-0.862683
-5.40636
4.69292
4.71904
4.74673
4.77568
4.80613
4.83808
4.87162
4.90679
4.94369
4.98236
5.02289
5.06533
5.10977
5.15627
5.20491
5.25573
5.30883
5.36425
5.42206
5.48231
5.54506
5.61035
5.67821
5.74869
5.82177
5.89749
5.97582
6.05674
6.14021
6.22617
6.31452
6.40514
6.49791
6.59265
6.68913
6.78713
6.88636
6.98649
7.08714
7.1879
7.28831
7.38784
7.48592
7.58193
7.67522
7.76507
7.85071
7.93136
8.0062
8.07436
8.13499
8.18721
8.23014
8.26298
8.28488
8.29508
8.29294
8.27782
8.24921
8.20681
8.15036
8.07978
7.99526
7.89711
7.7859
7.66216
7.52819
7.4033
7.28816
7.16287
7.02685
6.88138
6.72651
6.57303
6.38538
6.31199
5.88432
6.5582
4.18162
9.67809
4.22538
4.1976
4.16781
4.13726
4.1053
4.07138
4.0355
3.99769
3.95782
3.91576
3.87144
3.8249
3.77628
3.72553
3.67177
3.61299
3.54759
3.47583
3.39943
3.32027
3.23984
3.15955
3.08105
3.00572
2.93305
2.85981
2.78106
2.69141
2.58633
2.46482
2.33136
2.19238
2.05043
1.90421
1.75171
1.59202
1.42525
1.25176
1.07176
0.88534
0.692573
0.493656
0.288918
0.0788043
-0.136186
-0.355399
-0.578091
-0.803384
-1.03023
-1.25755
-1.48401
-1.70821
-1.92865
-2.14369
-2.35165
-2.55074
-2.73918
-2.91515
-3.07685
-3.22265
-3.35092
-3.46024
-3.5493
-3.61725
-3.66289
-3.68677
-3.68652
-3.66943
-3.63385
-3.59616
-3.51705
-3.46758
-3.30618
-3.30366
-2.94706
-3.19801
-2.28504
-3.46455
-0.807035
-5.14543
4.24893
4.27172
4.29589
4.32116
4.34776
4.37567
4.40499
4.43576
4.46805
4.50192
4.53744
4.57467
4.61367
4.65453
4.6973
4.74204
4.78882
4.83771
4.88877
4.94206
4.99763
5.05554
5.11582
5.17853
5.24369
5.31132
5.38142
5.45397
5.52901
5.60649
5.68632
5.76845
5.85276
5.93918
6.02751
6.11754
6.20908
6.3019
6.39567
6.49004
6.58465
6.67903
6.77272
6.86522
6.95591
7.04419
7.12937
7.21074
7.28757
7.35903
7.42435
7.48269
7.53316
7.57497
7.60735
7.62943
7.64054
7.64004
7.62726
7.60186
7.56348
7.51183
7.44697
7.36912
7.27864
7.17591
7.06296
6.95614
6.85677
6.74781
6.62871
6.50053
6.36367
6.22626
6.06209
5.98848
5.62606
6.20753
4.06299
9.23047
3.69634
3.67317
3.64827
3.62266
3.59589
3.56752
3.53751
3.50586
3.4725
3.43734
3.40023
3.36102
3.3196
3.27589
3.23012
3.18274
3.13374
3.08232
3.0278
2.97065
2.91198
2.85235
2.79124
2.7277
2.66079
2.58941
2.51181
2.42662
2.33446
2.23663
2.13272
2.02178
1.90426
1.78139
1.65349
1.52021
1.3812
1.23628
1.08545
0.928788
0.766398
0.598402
0.424976
0.246396
0.062978
-0.124812
-0.316457
-0.511324
-0.708647
-0.907582
-1.10713
-1.30618
-1.50351
-1.6978
-1.88761
-2.0714
-2.24759
-2.41455
-2.57062
-2.71418
-2.84363
-2.9575
-3.05437
-3.13318
-3.19255
-3.23259
-3.25112
-3.25127
-3.2337
-3.21254
-3.15747
-3.12285
-2.9973
-2.997
-2.70323
-2.91875
-2.129
-3.18985
-0.769701
-4.85355
3.71612
3.73533
3.75567
3.77698
3.79941
3.82296
3.8477
3.8737
3.90099
3.92965
3.95973
3.99127
4.02434
4.05904
4.09538
4.13343
4.17327
4.21496
4.25856
4.30411
4.35169
4.40136
4.45317
4.50713
4.56333
4.62177
4.6825
4.74552
4.81086
4.87852
4.94847
5.02064
5.09503
5.1716
5.25018
5.33063
5.41285
5.4967
5.58192
5.66824
5.75538
5.84298
5.93074
6.0182
6.10487
6.19029
6.27385
6.35491
6.43289
6.50702
6.57663
6.64096
6.69913
6.75039
6.79404
6.82919
6.85506
6.87103
6.87636
6.87054
6.85311
6.82368
6.78213
6.72845
6.66279
6.58548
6.49802
6.4133
6.33334
6.24458
6.14656
6.04003
5.92586
5.80883
5.67565
5.59992
5.32907
5.77789
3.95751
8.68217
3.14958
3.13128
3.1116
3.09136
3.0702
3.04777
3.02404
2.99903
2.97268
2.94491
2.9156
2.8846
2.85189
2.81752
2.78181
2.74538
2.70899
2.67313
2.63729
2.59988
2.55915
2.51423
2.46479
2.41043
2.35049
2.28486
2.21442
2.14037
2.06356
1.98448
1.90297
1.81744
1.72582
1.62779
1.52463
1.41731
1.30568
1.18925
1.06772
0.941074
0.80933
0.672599
0.530932
0.384466
0.23338
0.077919
-0.0815633
-0.244674
-0.410898
-0.579626
-0.750158
-0.921705
-1.09331
-1.26395
-1.43249
-1.59768
-1.75819
-1.91261
-2.05946
-2.19726
-2.32447
-2.43966
-2.54136
-2.62839
-2.69922
-2.75365
-2.7894
-2.80648
-2.80578
-2.80247
-2.76905
-2.75458
-2.65729
-2.67517
-2.42159
-2.64295
-1.91922
-2.95239
-0.656863
-4.66831
3.16535
3.18074
3.19703
3.21412
3.23211
3.25102
3.2709
3.29182
3.31379
3.33689
3.36115
3.38661
3.41335
3.44144
3.47088
3.50175
3.53413
3.56805
3.60361
3.64081
3.67973
3.72046
3.76303
3.80745
3.85382
3.90218
3.95258
4.00504
4.05958
4.11624
4.17503
4.23592
4.29895
4.36411
4.43129
4.50044
4.57151
4.6444
4.71894
4.79498
4.87232
4.95074
5.03
5.10974
5.18965
5.26936
5.34838
5.4262
5.50235
5.57624
5.64721
5.71468
5.77786
5.83606
5.88858
5.93464
5.97345
6.00434
6.02655
6.03945
6.04254
6.03531
6.01746
5.98876
5.94919
5.8989
5.83906
5.77856
5.72004
5.65391
5.57965
5.49788
5.40961
5.31795
5.21704
5.15431
4.95344
5.35233
3.70303
8.32934
2.68699
2.67235
2.65661
2.64039
2.62345
2.60549
2.58647
2.56642
2.54531
2.52305
2.49956
2.47478
2.44865
2.42109
2.39201
2.36137
2.3291
2.29525
2.25997
2.22337
2.18503
2.14409
2.09999
2.05328
2.00504
1.95606
1.90627
1.85506
1.80146
1.74389
1.681
1.61268
1.53951
1.46164
1.37886
1.29156
1.20048
1.10577
1.00713
0.904201
0.796884
0.685217
0.569236
0.449034
0.324692
0.19634
0.0641885
-0.0715154
-0.210419
-0.35212
-0.496114
-0.641841
-0.788595
-0.935602
-1.082
-1.22678
-1.36889
-1.50717
-1.64037
-1.76721
-1.88633
-1.99641
-2.09606
-2.18412
-2.25906
-2.32054
-2.36624
-2.39419
-2.40508
-2.41452
-2.39739
-2.39867
-2.32397
-2.35801
-2.13701
-2.36842
-1.69704
-2.72114
-0.521895
-4.49433
2.69973
2.71221
2.7254
2.73925
2.75383
2.76918
2.78532
2.80229
2.82014
2.83892
2.85863
2.87934
2.90112
2.92399
2.94798
2.97317
2.9996
3.02732
3.05641
3.08687
3.11875
3.15215
3.1871
3.22365
3.26186
3.30175
3.34338
3.38682
3.43205
3.47914
3.52812
3.57897
3.63175
3.68646
3.74304
3.8015
3.8618
3.92386
3.98762
4.05298
4.1198
4.18796
4.25724
4.32741
4.3983
4.46959
4.54091
4.61189
4.68215
4.75126
4.81864
4.88381
4.94617
5.00508
5.05994
5.11005
5.15471
5.19327
5.225
5.2493
5.26562
5.27339
5.27221
5.26178
5.2419
5.21262
5.17484
5.13417
5.09354
5.04661
4.9929
4.93295
4.86784
4.79977
4.7282
4.68082
4.54234
4.91412
3.40615
7.98331
2.26538
2.2536
2.24097
2.22795
2.21432
2.19988
2.1846
2.16847
2.1515
2.1336
2.11472
2.09479
2.07379
2.05165
2.02827
2.00364
1.97766
1.95029
1.92151
1.89134
1.85995
1.82742
1.79336
1.75699
1.71779
1.67635
1.63371
1.59052
1.54664
1.50133
1.45339
1.40148
1.34486
1.28383
1.21874
1.14939
1.0758
0.99866
0.918484
0.835147
0.748285
0.657701
0.563362
0.465341
0.363717
0.25857
0.150018
0.038207
-0.0766291
-0.194225
-0.31421
-0.436201
-0.559679
-0.684059
-0.808704
-0.93283
-1.0556
-1.17611
-1.29335
-1.40623
-1.51359
-1.61432
-1.70717
-1.79109
-1.86464
-1.92745
-1.97725
-2.01097
-2.02901
-2.04665
-2.04125
-2.05373
-1.99742
-2.04321
-1.85204
-2.08849
-1.47036
-2.47717
-0.383324
-4.28452
2.27566
2.28573
2.29641
2.3076
2.31941
2.33184
2.34491
2.35866
2.37313
2.38835
2.40434
2.42116
2.43885
2.45743
2.47694
2.49745
2.51897
2.54157
2.56528
2.59014
2.61621
2.64352
2.67214
2.7021
2.73346
2.76623
2.80048
2.83627
2.8736
2.91252
2.95307
2.99526
3.03913
3.0847
3.13192
3.18085
3.23144
3.28367
3.33749
3.39285
3.44967
3.50784
3.56724
3.62772
3.68911
3.75122
3.81377
3.8765
3.93908
4.00119
4.06241
4.12232
4.18047
4.23631
4.28936
4.33902
4.38467
4.42578
4.46169
4.49182
4.51566
4.53265
4.54236
4.54449
4.53874
4.52507
4.50417
4.47918
4.45297
4.42185
4.38538
4.34412
4.29913
4.25232
4.20696
4.17502
4.09466
4.4402
3.08482
7.54547
1.87178
1.86251
1.85257
1.8423
1.83155
1.82017
1.80814
1.79544
1.78207
1.76797
1.7531
1.73741
1.72087
1.70342
1.68502
1.66563
1.64518
1.62361
1.60089
1.57697
1.55183
1.52553
1.4982
1.46987
1.44006
1.40802
1.3734
1.33684
1.29943
1.26171
1.22341
1.18372
1.14144
1.09552
1.04567
0.992171
0.93504
0.874183
0.810034
0.743265
0.674018
0.601998
0.526901
0.448641
0.367255
0.282824
0.19543
0.105155
0.0121363
-0.0834441
-0.181344
-0.281278
-0.382889
-0.485744
-0.58936
-0.69316
-0.796491
-0.898642
-0.998809
-1.09613
-1.18965
-1.27842
-1.3614
-1.43767
-1.50595
-1.56591
-1.61541
-1.65094
-1.67257
-1.69472
-1.69712
-1.717
-1.67506
-1.72889
-1.5637
-1.80165
-1.23405
-2.21823
-0.233215
-4.04017
1.87991
1.88789
1.89636
1.90524
1.91459
1.92445
1.93482
1.94573
1.95721
1.9693
1.98202
1.9954
2.00947
2.02425
2.0398
2.05615
2.07332
2.09134
2.11027
2.13015
2.15102
2.1729
2.19584
2.21987
2.24506
2.27143
2.29901
2.32786
2.35801
2.3895
2.42235
2.4566
2.49228
2.52941
2.56797
2.608
2.64952
2.69249
2.7369
2.78272
2.82988
2.87835
2.92804
2.97884
3.03063
3.08327
3.13659
3.19037
3.24437
3.29835
3.352
3.40497
3.45695
3.50745
3.5561
3.60245
3.64596
3.68617
3.72255
3.75457
3.78178
3.80369
3.81987
3.83003
3.83389
3.83138
3.82295
3.80993
3.79502
3.77651
3.75408
3.72831
3.7002
3.67178
3.64864
3.63098
3.60155
3.92037
2.71581
7.02491
1.51004
1.5029
1.49522
1.48729
1.47899
1.47021
1.46091
1.4511
1.44077
1.42988
1.41838
1.40626
1.39347
1.37998
1.36575
1.35076
1.33494
1.31825
1.30065
1.28211
1.26256
1.242
1.22043
1.19792
1.17458
1.15037
1.12474
1.09694
1.06686
1.03529
1.00324
0.971062
0.938315
0.904124
0.867405
0.827471
0.784323
0.738071
0.688633
0.636241
0.581552
0.52495
0.466266
0.405209
0.341633
0.275558
0.207061
0.136201
0.0630396
-0.0123195
-0.0897441
-0.169021
-0.249924
-0.33214
-0.415326
-0.499068
-0.582876
-0.66621
-0.748462
-0.828962
-0.906961
-0.981696
-1.05231
-1.11807
-1.17787
-1.23149
-1.27696
-1.31092
-1.33299
-1.35635
-1.363
-1.38674
-1.35523
-1.41368
-1.27012
-1.50662
-0.983925
-1.94204
-0.0626342
-3.75743
1.51632
1.52249
1.52901
1.53586
1.54308
1.55068
1.55868
1.56709
1.57595
1.58527
1.59508
1.6054
1.61626
1.62767
1.63967
1.65229
1.66555
1.67946
1.69409
1.70946
1.72558
1.7425
1.76025
1.77885
1.79837
1.8188
1.84019
1.86258
1.886
1.91049
1.93607
1.96276
1.99061
2.01964
2.04983
2.08124
2.11388
2.14772
2.18279
2.21907
2.2565
2.2951
2.33481
2.37554
2.41723
2.45978
2.50309
2.54699
2.59132
2.63592
2.68051
2.72489
2.7688
2.81186
2.8538
2.89426
2.93283
2.9691
3.00266
3.03312
3.06006
3.08305
3.10176
3.11592
3.12526
3.12974
3.12963
3.12508
3.11838
3.10923
3.09743
3.08366
3.06879
3.05519
3.04945
3.04338
3.056
3.34726
2.28105
6.42049
1.13209
1.12683
1.12117
1.11531
1.10918
1.10271
1.09586
1.08864
1.08103
1.07301
1.06455
1.05563
1.04623
1.03632
1.02588
1.01487
1.00327
0.991041
0.978151
0.964572
0.950253
0.935171
0.919307
0.902661
0.885269
0.867208
0.848569
0.8292
0.808475
0.785758
0.761209
0.735794
0.710378
0.685111
0.659481
0.632641
0.603801
0.572599
0.538976
0.502779
0.464017
0.42317
0.38069
0.336472
0.290153
0.241547
0.190709
0.137799
0.0829686
0.0263179
-0.0320531
-0.0920037
-0.153353
-0.215877
-0.279318
-0.343376
-0.407699
-0.471892
-0.535516
-0.59809
-0.659057
-0.717853
-0.773828
-0.826449
-0.874824
-0.918833
-0.956811
-0.985996
-1.00555
-1.02704
-1.03452
-1.05873
-1.0338
-1.09333
-0.966899
-1.19832
-0.715414
-1.63901
0.131006
-3.39494
1.13676
1.14134
1.14619
1.15129
1.15666
1.16234
1.16831
1.1746
1.18122
1.1882
1.19554
1.20328
1.21142
1.22
1.22903
1.23852
1.2485
1.259
1.27005
1.28166
1.29385
1.30666
1.32012
1.33424
1.34905
1.36459
1.38086
1.39791
1.41577
1.43445
1.45397
1.47436
1.49566
1.51786
1.54097
1.56503
1.59005
1.61601
1.64292
1.67079
1.69958
1.72929
1.75987
1.79128
1.82349
1.8564
1.88997
1.92409
1.95864
1.99349
2.02847
2.06344
2.0982
2.13251
2.16616
2.19889
2.2304
2.26042
2.2886
2.31467
2.3383
2.35916
2.37704
2.39165
2.4028
2.4105
2.41491
2.41544
2.41409
2.41124
2.40682
2.40152
2.39592
2.39268
2.39805
2.39768
2.43988
2.70103
1.74947
5.67253
0.828264
0.824667
0.82081
0.816827
0.812657
0.808235
0.803555
0.798625
0.793423
0.787916
0.782111
0.775987
0.769516
0.762692
0.755496
0.747891
0.73986
0.731394
0.722461
0.713029
0.703077
0.692577
0.681494
0.669807
0.65752
0.644646
0.631233
0.617379
0.603111
0.588095
0.57161
0.553238
0.53349
0.51338
0.493417
0.473252
0.452054
0.428987
0.403718
0.376441
0.347337
0.316427
0.284225
0.251474
0.218371
0.184563
0.149607
0.113304
0.0756654
0.0367788
-0.00327462
-0.0444277
-0.0865949
-0.129659
-0.173462
-0.217824
-0.26251
-0.307257
-0.351766
-0.395719
-0.438724
-0.4804
-0.520294
-0.558062
-0.593024
-0.625203
-0.653227
-0.675394
-0.690208
-0.707416
-0.712973
-0.734847
-0.713047
-0.770826
-0.656832
-0.879839
-0.431392
-1.30541
0.340482
-2.904
0.831402
0.834438
0.837665
0.841044
0.844601
0.84834
0.852267
0.856401
0.860755
0.865328
0.870125
0.875164
0.880467
0.886041
0.891893
0.898029
0.904473
0.911251
0.918359
0.925811
0.933622
0.941822
0.950434
0.959449
0.968891
0.978787
0.989154
1.00001
1.01136
1.02325
1.03568
1.04866
1.06224
1.07639
1.09116
1.10656
1.12263
1.13933
1.15668
1.17471
1.1934
1.21274
1.23272
1.25334
1.27456
1.29635
1.31865
1.34143
1.36461
1.3881
1.4118
1.43561
1.45939
1.48301
1.50633
1.52914
1.55125
1.5725
1.59264
1.6115
1.62884
1.64443
1.65818
1.66983
1.67931
1.68662
1.69188
1.69457
1.69553
1.69552
1.69466
1.6936
1.69279
1.69539
1.70668
1.70725
1.76541
1.99437
1.13368
4.71584
0.341763
0.339381
0.336804
0.334131
0.331333
0.328371
0.325238
0.321932
0.318441
0.314748
0.310851
0.306736
0.30238
0.297771
0.292905
0.287751
0.282287
0.276501
0.270366
0.263853
0.256938
0.24959
0.241768
0.233431
0.224543
0.215072
0.204977
0.19419
0.18255
0.169872
0.156003
0.140832
0.12492
0.110676
0.102577
0.105354
0.121303
0.148793
0.18231
0.213817
0.2353
0.24149
0.231494
0.208884
0.179944
0.150201
0.12205
0.0953531
0.06922
0.0431088
0.0169498
-0.0091406
-0.0350851
-0.060864
-0.0864686
-0.111876
-0.137036
-0.161875
-0.1863
-0.210207
-0.233443
-0.25586
-0.27725
-0.297499
-0.316184
-0.333504
-0.348383
-0.360561
-0.368054
-0.378343
-0.379183
-0.395788
-0.374437
-0.425827
-0.324971
-0.523367
-0.135744
-0.874293
0.485245
-2.03267
0.343897
0.346026
0.348294
0.350675
0.353192
0.355843
0.358627
0.361574
0.364692
0.367973
0.371422
0.375054
0.378891
0.382931
0.387179
0.391645
0.396348
0.401305
0.406502
0.411957
0.417695
0.423717
0.43003
0.436641
0.443562
0.450801
0.458371
0.466272
0.474509
0.483103
0.49204
0.501336
0.510981
0.520974
0.531319
0.542018
0.553069
0.564446
0.576162
0.588201
0.600534
0.613156
0.626065
0.639233
0.652629
0.666243
0.680027
0.693955
0.707991
0.72208
0.736191
0.750255
0.764222
0.778023
0.791604
0.804877
0.817759
0.830201
0.842067
0.853261
0.863656
0.87315
0.88168
0.889081
0.89533
0.900445
0.904525
0.906939
0.908755
0.910518
0.912372
0.914507
0.916234
0.919287
0.926396
0.912463
0.95075
1.13793
0.368154
3.23062
0.302865
0.302829
0.302817
0.30281
0.302791
0.302767
0.30274
0.302705
0.302664
0.302622
0.302583
0.302545
0.302506
0.30247
0.302449
0.302447
0.302468
0.302523
0.30262
0.30278
0.303021
0.303368
0.303857
0.304509
0.305314
0.30621
0.3071
0.308043
0.309542
0.312937
0.320488
0.334597
0.355866
0.380678
0.400219
0.402639
0.377532
0.32043
0.235471
0.135713
0.0402109
-0.0322416
-0.0708706
-0.0776251
-0.0647384
-0.0464094
-0.0314589
-0.0219891
-0.0165138
-0.0132738
-0.0115127
-0.0111818
-0.012327
-0.014851
-0.0185467
-0.0232054
-0.0286343
-0.0346566
-0.041096
-0.0477971
-0.0546057
-0.0614011
-0.0680394
-0.0744918
-0.0805178
-0.0864117
-0.0915084
-0.0966702
-0.0988934
-0.103593
-0.101701
-0.112257
-0.0958607
-0.1321
-0.0639219
-0.193495
0.046181
-0.376188
0.390574
-0.878399
0.302875
0.302843
0.302799
0.302733
0.302652
0.302555
0.302428
0.302279
0.302106
0.301902
0.301664
0.301389
0.301079
0.300728
0.300331
0.299885
0.299388
0.298843
0.298235
0.297567
0.296845
0.296056
0.295199
0.294277
0.29329
0.292234
0.291118
0.289937
0.288695
0.287405
0.286066
0.284689
0.283275
0.281842
0.280401
0.278962
0.277536
0.276138
0.274794
0.273509
0.27229
0.271158
0.270133
0.26922
0.268432
0.267786
0.26728
0.266927
0.266728
0.266692
0.266821
0.267092
0.267492
0.267981
0.268529
0.26908
0.269603
0.270084
0.27047
0.270752
0.270921
0.270984
0.270958
0.270838
0.270725
0.27058
0.27054
0.271872
0.271133
0.269071
0.265942
0.262487
0.259613
0.261177
0.271819
0.275224
0.309418
0.40983
0.00585585
1.35225
)
;

boundaryField
{
    inlet
    {
        type            freestreamPressure;
        freestreamValue uniform 0;
        value           nonuniform List<scalar> 
134
(
0.742628
0.0445104
-0.682879
-1.31237
-1.76504
-2.0388
-2.08065
-1.88657
-1.46117
-0.68209
-0.125427
-0.202958
-0.339516
-0.468321
-0.598727
-0.735393
-0.879553
-1.03195
-1.19472
-1.37175
1.42525
-1.56839
-1.78736
-2.01852
-2.23583
-2.39292
-2.46922
-2.60395
-2.60736
-2.65886
-3.1747
-2.91872
-2.92965
-2.98662
-3.02897
-3.05004
-3.07044
-3.12309
-3.25501
-3.41489
2.06895
2.73275
3.29647
3.60858
3.55803
2.95268
1.59351
-3.76583
-3.68375
-3.5554
-3.47231
-3.41088
-3.34196
-3.26421
-3.18458
-3.10507
-3.02455
-2.94202
-2.85747
-2.77093
-2.68191
-2.58952
-2.49223
-2.3874
-2.2723
-2.14345
-2.06166
-1.98481
-1.89206
-1.784
-1.65892
-1.49858
-1.28148
-0.896656
-0.387265
0.552189
1.2222
1.9643
2.69716
3.40919
4.08384
4.65611
5.09351
5.40655
5.60555
5.71753
5.77257
5.79692
5.81177
5.84815
5.95564
6.15327
6.36841
6.54488
6.68961
6.81497
6.92324
7.01057
7.07499
7.11771
7.14258
7.15862
7.18419
7.26573
7.4736
7.92334
8.11293
7.92187
7.70219
7.56155
7.4463
7.3152
7.17169
7.02645
6.88061
6.73128
6.57676
6.41631
6.24899
6.07295
5.88536
5.68255
5.45765
5.2056
4.89678
4.69831
4.5038
4.25761
3.96482
3.62475
3.20364
2.66452
1.82621
0.764998
)
;
    }
    outlet
    {
        type            freestreamPressure;
        freestreamValue uniform 0;
        value           nonuniform List<scalar> 
160
(
0.000904406
0.000904503
0.000904228
0.00090448
0.000904115
0.000904427
0.00090401
0.000904317
0.000903867
0.000904168
0.000903702
0.000903975
0.00090352
0.0009037
0.000903314
0.000903366
0.000903078
0.000902967
0.000902834
0.000902488
0.000902592
0.000901914
0.000902345
0.000901238
0.000902086
0.000900469
0.000901829
0.000899586
0.000901607
0.000898579
0.00090143
0.000897439
0.000901311
0.000896159
0.00090128
0.000894751
0.000901363
0.00089317
0.000901618
0.000891427
0.000902098
0.000889538
0.000902873
0.000887469
0.000904054
0.000885215
0.00090572
0.000882788
0.000907866
0.000880189
0.000910328
0.000877411
0.000912795
0.000874475
0.00091531
0.000871373
0.000919126
0.000868119
0.000927907
0.00086475
0.000948166
0.00086127
0.000987156
0.00085771
0.0010473
0.000854077
0.00111913
0.000850427
0.00117807
0.000846798
0.00118967
0.000843217
0.0011216
0.00083973
0.000957271
0.000836379
0.000706188
0.000833248
0.000407385
0.000830358
0.000120442
0.000827736
-9.61486e-05
0.000825451
-0.000210268
0.000823571
-0.00022929
0.000822117
-0.000190667
0.000821137
-0.000136502
0.000820695
-9.25074e-05
0.000820796
-6.46769e-05
0.000821487
-4.85869e-05
0.000822787
-3.90628e-05
0.000824738
-3.38857e-05
0.000827361
-3.29179e-05
0.000830599
-3.62981e-05
0.000834436
-4.37443e-05
0.000838763
-5.46531e-05
0.000843504
-6.84172e-05
0.000848511
-8.4479e-05
0.000853693
-0.00010233
0.00085904
-0.000121464
0.000864397
-0.00014144
0.000869751
-0.000161819
0.000875098
-0.000182262
0.000880475
-0.000202365
0.000885961
-0.000222056
0.00089156
-0.000240646
0.000897627
-0.000259011
0.000904075
-0.000275222
0.000911394
-0.000291633
0.000922713
-0.00029933
0.000926434
-0.000314458
0.000926348
-0.000310313
0.000923277
-0.00034324
0.000919796
-0.000295985
0.000919159
-0.000406527
0.000935209
-0.000201406
0.000985543
-0.000594678
0.00101321
0.000151701
0.00115607
-0.0011197
0.00155899
0.00141857
2.34711e-05
-0.00227725
0.00500611
)
;
    }
    walls
    {
        type            zeroGradient;
    }
    frontAndBack
    {
        type            empty;
    }
}


// ************************************************************************* //
