FoamFile
{
    version     2.0;
    format      ascii;
    class       faceList;
    location    "constant/polyMesh";
    object      faces;
}

35
(
5(11 10 4 5 6 )
4(8 11 6 7 )
4(10 11 8 9 )
3(10 15 11 )
6(13 14 6 11 15 16)
4(18 19 11 6 )
4(11 22 21 6 )
4(10 25 24 11 )
4(1 0 3 2 )
4(3 0 5 4 )
4(4 5 12 17 )
5(5 0 1 7 6 )
5(5 6 14 13 12 )
4(18 6 21 20 )
4(14 6 18 13 )
3(6 7 21 )
5(7 1 2 9 8 )
4(20 21 22 23 )
3(26 24 25 )
5(21 7 8 28 22 )
4(24 8 9 25 )
5(2 3 4 10 9 )
5(15 10 4 17 16 )
4(25 10 15 26 )
3(27 15 16 )
3(25 9 10 )
4(17 12 13 16 )
4(19 18 20 23 )
5(16 13 18 19 27 )
4(11 19 23 22 )
4(24 26 15 11 )
4(15 27 19 11 )
3(28 8 11 )
3(28 11 22 )
3(8 24 11 )
)
