FoamFile
{
    version     2.0;
    format      ascii;
    class       vectorField;
    location    "constant/polyMesh";
    object      points;
}

29
(
(0 0 0)
(0 0 0.1)
(0.1 0 0.1)
(0.1 0 0)
(0.1 0.0902073 0)
(0 0.0902073 0)
(0 0.0626795 0.095359)
(0 0.0613397 0.1)
(0.061188 0.0613397 0.1)
(0.1 0.0613397 0.1)
(0.1 0.0626795 0.095359)
(0.0573205 0.0626795 0.095359)
(0 0.1 0)
(0 0.1 0.052265)
(0 0.0873205 0.066906)
(0.1 0.0873205 0.066906)
(0.1 0.1 0.052265)
(0.1 0.1 0)
(0 0.1 0.0934477)
(0.0725423 0.1 0.0934477)
(0 0.1 0.1)
(0 0.0720577 0.1)
(0.055 0.0720577 0.1)
(0.0646795 0.1 0.1)
(0.0828461 0.0666987 0.1)
(0.1 0.0666987 0.1)
(0.1 0.0709432 0.1)
(0.1 0.1 0.0705662)
(0.0589231 0.0652628 0.1)
)
