FoamFile
{
    version     2.0;
    format      ascii;
    class       faceList;
    location    "constant/polyMesh";
    object      faces;
}

34
(
4(1 3 2 0 )
4(2 7 6 0 )
5(3 1 4 9 8 )
3(12 13 2 )
3(12 2 3 )
4(15 14 0 2 )
4(12 16 15 2 )
5(2 12 21 22 0 )
5(1 0 6 5 4 )
3(0 14 6 )
5(22 17 18 14 0 )
5(22 0 1 4 23 )
3(10 7 2 )
3(10 2 11 )
4(11 2 3 11 )
3(3 2 13 )
3(2 7 15 )
3(13 2 15 )
3(11 3 8 )
3(13 12 3 )
3(13 16 12 )
5(19 20 21 12 16 )
5(3 12 21 24 8 )
4(10 9 4 5 )
5(8 9 10 11 11 )
4(24 23 9 8 )
3(9 23 4 )
4(5 6 7 10 )
4(6 14 15 7 )
3(13 15 16 )
5(14 18 19 16 15 )
4(18 17 20 19 )
4(20 17 22 21 )
4(21 22 23 24 )
)
