FoamFile
{
    version     2.0;
    format      ascii;
    class       labelList;
    location    "constant/polyMesh";
    object      neighbour;
}

234
(
1
5
6
7
25
26
3
4
13
25
4
5
8
14
6
10
26
13
27
9
11
26
9
11
12
28
9
15
12
16
29
11
30
32
18
33
34
35
14
20
39
40
43
15
20
45
16
21
17
18
23
47
19
22
19
48
49
50
24
50
51
21
22
54
55
57
58
59
22
23
62
23
24
60
63
64
65
26
27
28
39
67
28
30
32
44
67
43
29
32
33
68
34
47
32
69
32
37
70
36
68
34
35
36
72
35
48
38
49
72
37
72
38
53
72
52
72
40
43
44
73
74
41
43
54
74
42
46
56
74
44
75
45
59
73
58
61
76
48
49
51
50
52
81
51
52
64
81
65
53
66
81
80
55
56
59
82
56
57
60
82
61
82
58
63
59
62
61
63
64
65
84
83
63
65
86
65
66
88
90
88
91
92
68
69
73
69
70
72
71
77
71
72
78
79
80
81
74
75
77
75
76
82
79
79
83
79
79
80
85
87
81
89
90
92
83
84
84
87
93
86
88
87
89
91
94
90
91
93
92
94
91
92
94
)
