/*--------------------------------*- C++ -*----------------------------------*\
| =========                 |                                                 |
| \\      /  F ield         | OpenFOAM: The Open Source CFD Toolbox           |
|  \\    /   O peration     | Version:  2312                                  |
|   \\  /    A nd           | Website:  www.openfoam.com                      |
|    \\/     M anipulation  |                                                 |
\*---------------------------------------------------------------------------*/
FoamFile
{
    version     2.0;
    format      ascii;
    arch        "LSB;label=32;scalar=64";
    class       volScalarField;
    location    "450";
    object      p;
}
// * * * * * * * * * * * * * * * * * * * * * * * * * * * * * * * * * * * * * //

dimensions      [0 2 -2 0 0 0 0];

internalField   nonuniform List<scalar> 
10720
(
-62.2764
-133.563
-217.412
-300.049
-376.41
-454.198
-523.213
-581.157
-631.494
-670.88
-700.868
-722.954
-738.264
-747.524
-750.911
-747.777
-739.03
-723.617
-702.965
-677.137
-649.491
-623.081
-600.477
-573.519
-533.281
-482.202
-429.826
-384.23
-344.987
-308.071
-271.579
-235.418
-199.632
-163.85
-127.669
-90.0574
-51.5564
-6.92095
26.0035
9.09103
74.1325
143.47
208.205
263.523
305.439
330.179
338.464
336.064
323.159
302.13
278.586
255.041
232.257
210.877
190.764
171.975
154.078
136.804
119.661
102.596
85.3013
67.868
50.7084
35.6903
23.8544
14.1399
6.25869
0.3956
-3.484
-5.62841
-6.18584
-5.23899
-2.79411
1.15747
6.96936
15.2156
29.1393
52.8291
43.2084
-10.9462
-71.6185
-136.058
-202.277
-270.052
-335.831
-397.535
-454.482
-504.914
-548.621
-585.609
-615.786
-639.148
-655.513
-664.579
-667.097
-662.952
-653.195
-638.373
-621.133
-603.837
-587.567
-565.162
-528.41
-479.36
-428.215
-383.159
-344.104
-307.267
-270.803
-234.679
-198.966
-163.279
-127.204
-89.6896
-51.2675
-6.61659
25.6939
91.9387
138.39
184.723
229.416
268.801
300.267
320.676
329.369
327.941
317.251
300.069
279.871
258.609
237.222
216.418
196.444
177.431
159.196
141.542
124.141
106.892
89.5897
72.3169
55.4981
40.606
28.5677
18.7003
10.5896
4.19953
-0.369745
-3.13109
-4.17904
-3.61714
-1.47815
2.23663
7.87161
15.9851
29.8301
52.5891
56.987
8.33037
-46.456
-106.946
-169.663
-233.945
-298.227
-359.85
-417.23
-469.368
-515.014
-553.612
-584.857
-608.939
-626.094
-636.737
-640.899
-638.641
-630.61
-617.531
-601.263
-583.838
-566.417
-544.536
-511.359
-467.258
-420.36
-377.831
-340.186
-304.374
-268.758
-233.281
-197.987
-162.552
-126.646
-89.2641
-50.9473
-6.36704
25.8161
100.894
143.551
185.978
226.146
260.847
288.458
306.875
315.793
315.951
308.014
294.061
276.444
256.946
236.734
216.619
197.036
178.184
160.03
142.429
125.14
108.028
90.9528
73.978
57.4856
42.6384
30.3398
20.2188
11.9204
5.43058
0.836773
-1.92444
-3.01094
-2.54065
-0.527844
3.05819
8.57967
16.6049
30.3155
52.1929
79.5946
38.8062
-7.78996
-59.0326
-112.831
-169.117
-226.226
-282.397
-336.306
-386.797
-432.749
-473.432
-508.382
-537.449
-560.507
-577.682
-588.52
-592.98
-591.374
-584.318
-573.097
-559.26
-543.642
-523.379
-493.542
-454.078
-411.204
-371.126
-334.897
-300.201
-265.575
-230.924
-196.304
-161.408
-125.894
-88.7838
-50.6483
-6.26775
26.0219
116.129
151.216
186.409
220.362
250.08
274.3
291.207
300.32
301.883
296.36
285.347
270.587
253.541
235.309
216.68
198.137
179.955
162.218
144.872
127.77
110.812
93.923
77.1754
60.9279
46.1396
33.6605
23.3231
14.8043
8.06011
3.15245
0.0251555
-1.42622
-1.27758
0.476325
3.87028
9.25589
17.1824
30.7199
51.7484
85.7201
49.4041
7.72205
-38.4503
-87.0592
-138.516
-191.447
-244.241
-295.887
-345.228
-391.118
-432.747
-469.435
-500.686
-526.197
-545.66
-558.823
-565.693
-566.506
-561.884
-552.846
-540.678
-526.026
-506.852
-479.342
-443.146
-403.152
-364.861
-329.683
-295.864
-262.079
-228.185
-194.224
-159.896
-124.872
-88.1846
-50.3573
-6.3098
26.0857
118.33
149.48
180.809
211.03
237.502
259.35
275.182
284.417
287.082
283.599
275.12
262.958
248.258
231.978
214.87
197.443
180.031
162.814
145.826
129.008
112.304
95.6858
79.2366
63.2883
48.6329
36.0439
25.5129
16.7829
9.81533
4.67791
1.34406
-0.271821
-0.251686
1.39416
4.69373
9.99248
17.8269
31.1551
51.2953
89.5119
57.3597
20.2628
-20.7983
-64.0388
-110.159
-157.877
-205.914
-253.53
-299.667
-343.357
-383.831
-420.352
-452.324
-479.318
-500.959
-517.128
-527.628
-532.465
-532.003
-526.916
-518.101
-505.958
-489.017
-464.366
-431.584
-394.625
-358.369
-324.447
-291.58
-258.612
-225.424
-192.082
-158.307
-123.771
-87.5324
-50.0955
-6.52317
25.9712
118.385
145.862
173.697
200.747
224.57
244.522
259.472
268.741
272.236
270.374
263.999
254.125
241.648
227.365
211.951
195.887
179.524
163.091
146.691
130.336
114.02
97.7571
81.6484
66.0093
51.5148
38.8681
28.1814
19.2748
12.1148
6.76564
3.21317
1.37402
1.17117
2.60129
5.70639
10.8368
18.516
31.5753
50.8026
89.4313
60.4137
26.8452
-10.3443
-49.4304
-91.3468
-134.957
-179.14
-223.402
-266.804
-308.507
-347.825
-384.01
-416.413
-444.515
-467.866
-486.057
-498.823
-506.015
-507.911
-505.054
-498.15
-487.518
-472.151
-449.869
-420.171
-386.116
-351.902
-319.272
-287.375
-255.235
-222.736
-189.966
-156.7
-122.653
-86.9025
-49.9262
-6.94525
25.6523
115.516
140.261
165.456
190.043
211.779
230.211
244.408
253.629
257.737
257.144
252.491
244.574
234.096
221.701
207.968
193.32
178.098
162.559
146.852
131.047
115.19
99.3341
83.6019
68.2945
53.9978
41.3507
30.5495
21.4895
14.1481
8.58883
4.81214
2.75312
2.34665
3.59819
6.55428
11.5588
19.1125
31.8981
50.2355
87.7513
61.4118
30.8779
-2.91941
-38.3446
-76.4562
-116.208
-156.623
-197.379
-237.676
-276.79
-314.148
-349.06
-380.89
-409.079
-433.117
-452.54
-467.111
-476.626
-481.151
-480.985
-476.558
-468.031
-454.673
-434.888
-408.211
-377.018
-344.91
-313.678
-282.849
-251.628
-219.905
-187.776
-155.051
-121.496
-86.2552
-49.8311
-7.55996
25.0771
111.465
133.911
156.893
179.43
199.432
216.602
230.124
239.226
243.784
244.171
240.906
234.633
225.911
215.255
203.144
189.937
175.942
161.417
146.534
131.404
116.113
100.75
85.4545
70.5177
56.4644
43.8775
33.0106
23.8312
16.3348
10.5873
6.60487
4.33872
3.73179
4.79335
7.57611
12.4192
19.8027
32.2471
49.6664
84.8555
60.7372
32.7455
1.7852
-30.5646
-65.4267
-101.855
-138.969
-176.589
-214.018
-250.651
-286.027
-319.523
-350.542
-378.536
-402.967
-423.342
-439.292
-450.532
-456.957
-458.733
-456.154
-449.31
-437.682
-420.104
-396.154
-367.643
-337.609
-307.817
-278.097
-247.829
-216.918
-185.471
-153.332
-120.296
-85.5734
-49.7477
-8.27283
24.2267
106.601
127.153
148.298
169.117
187.655
203.756
216.661
225.598
230.47
231.611
229.46
224.553
217.344
208.248
197.652
185.847
173.101
159.649
145.668
131.295
116.644
101.833
87.0187
72.4849
58.7112
46.2344
35.3452
26.0759
18.445
12.5231
8.34127
5.86772
5.0574
5.92746
8.53752
13.2199
20.4292
32.5142
49.0376
81.3076
59.096
33.2988
4.801
-24.88
-56.892
-90.3552
-124.475
-159.173
-193.838
-227.975
-261.214
-293.004
-322.825
-350.151
-374.441
-395.189
-411.986
-424.528
-432.603
-436.213
-435.49
-430.421
-420.607
-405.199
-383.841
-357.916
-329.962
-301.667
-273.106
-243.829
-213.768
-183.038
-151.518
-119.039
-84.8612
-49.6475
-9.02577
23.1507
101.369
120.305
139.881
159.228
176.509
191.676
204.015
212.753
217.831
219.549
218.288
214.506
208.587
200.865
191.655
181.184
169.672
157.322
144.303
130.758
116.821
102.628
88.3479
74.2593
60.8093
48.4977
37.6375
28.3164
20.5799
14.506
10.1407
7.4706
6.46239
7.13962
9.56925
14.0747
21.0839
32.7622
48.3785
77.3744
56.8086
32.913
6.55066
-20.8101
-50.3303
-81.1833
-112.646
-144.699
-176.813
-208.586
-239.732
-269.771
-298.248
-324.688
-348.578
-369.41
-386.75
-400.238
-409.583
-414.647
-415.457
-411.944
-403.793
-390.382
-371.414
-347.928
-322.017
-295.249
-267.887
-239.637
-210.459
-180.48
-149.613
-117.724
-84.1272
-49.526
-9.82749
21.915
95.981
113.528
131.747
149.818
166.003
180.341
192.149
200.671
205.871
208.026
207.471
204.614
199.786
193.261
185.297
176.067
165.743
154.492
142.463
129.794
116.625
103.103
89.4027
75.7965
62.7099
50.6123
39.8285
30.4919
22.6767
16.4711
11.9358
9.07582
7.87215
8.35567
10.6014
14.9222
21.7168
32.962
47.684
73.2594
54.1364
31.9117
7.42779
-17.8962
-45.2147
-73.7451
-102.82
-132.472
-162.231
-191.766
-220.866
-249.118
-276.139
-301.5
-324.726
-345.331
-362.873
-376.959
-387.273
-393.553
-395.73
-393.677
-387.12
-375.598
-358.862
-337.686
-313.778
-288.565
-262.44
-235.253
-206.995
-177.802
-147.621
-116.356
-83.3799
-49.4019
-10.6943
20.5457
90.5952
106.93
123.96
140.903
156.125
169.714
181.02
189.316
194.572
197.053
197.061
194.961
191.049
185.558
178.7
170.606
161.403
151.224
140.19
128.425
116.066
103.261
90.1832
77.0989
64.4165
52.5816
41.9233
32.6114
24.7489
18.4364
13.7492
10.7112
9.31845
9.60869
11.6653
15.7889
22.3478
33.1263
46.9588
69.0922
51.2421
30.4983
7.6781
-15.8444
-41.2076
-67.6683
-94.6022
-122.081
-149.687
-177.14
-204.294
-230.793
-256.32
-280.501
-302.906
-323.079
-340.583
-355.001
-366.007
-373.244
-376.563
-375.798
-370.702
-360.92
-346.242
-327.236
-305.274
-281.625
-256.77
-230.677
-203.373
-175.001
-145.541
-114.935
-82.6188
-49.2965
-11.6271
19.0488
85.301
100.571
116.542
132.482
146.845
159.753
170.585
178.646
183.91
186.63
187.082
185.601
182.456
177.853
171.968
164.898
156.738
147.585
137.53
126.679
115.155
103.099
90.6795
78.1534
65.9134
54.3861
43.9001
34.6531
26.775
20.3808
15.5604
12.3562
10.7804
10.8783
12.7421
16.6586
22.9647
33.2508
46.2057
64.9589
48.2429
28.8229
7.48923
-14.4264
-38.0424
-62.6494
-87.6557
-113.167
-138.803
-164.328
-189.642
-214.446
-238.476
-261.419
-282.887
-302.457
-319.713
-334.23
-345.676
-353.65
-357.923
-358.297
-354.539
-346.364
-333.586
-316.61
-296.527
-274.443
-250.881
-225.91
-199.591
-172.074
-143.372
-113.459
-81.8405
-49.2167
-12.6229
17.4387
80.1613
94.4805
109.509
124.543
138.134
150.414
160.796
168.62
173.852
176.744
177.546
176.57
174.066
170.22
165.184
159.031
151.827
143.64
134.533
124.587
113.908
102.625
90.8923
78.9564
67.1946
56.0172
45.7492
36.608
28.7482
22.2998
17.3673
14.0113
12.261
12.169
13.8363
17.5351
23.5699
33.3392
45.4284
60.9153
45.2194
26.9904
6.99466
-13.4802
-35.5267
-58.4627
-81.732
-105.457
-129.29
-153.034
-176.626
-199.815
-222.386
-244.07
-264.53
-283.38
-300.231
-314.665
-326.345
-334.853
-339.894
-341.247
-338.687
-331.975
-320.938
-305.852
-287.569
-267.034
-244.782
-220.956
-195.649
-169.022
-141.112
-111.927
-81.0436
-49.1581
-13.6789
15.7281
75.2131
88.6775
102.852
117.067
129.955
141.654
151.61
159.194
164.368
167.375
168.452
167.886
165.918
162.718
158.419
153.08
146.744
139.454
131.25
122.186
112.349
101.849
90.8247
79.5052
68.2528
57.4643
47.4572
38.4624
30.6552
24.1812
19.159
15.6671
13.7516
13.473
14.9411
18.4125
24.1592
33.3918
44.6309
56.9984
42.2275
25.0772
6.29322
-12.8819
-33.5084
-54.9325
-76.6283
-98.7283
-120.913
-143.017
-165.007
-186.667
-207.825
-228.259
-247.673
-265.723
-282.048
-296.25
-307.983
-316.848
-322.491
-324.672
-323.173
-317.781
-308.333
-294.997
-278.43
-259.418
-238.481
-215.818
-191.55
-165.843
-138.759
-110.339
-80.2278
-49.1175
-14.7886
13.9231
70.4772
83.1682
96.566
110.033
122.275
133.435
142.987
150.33
155.424
158.504
159.794
159.562
158.04
155.388
151.727
147.105
141.55
135.086
127.73
119.515
110.504
100.786
90.4824
79.8001
69.0856
58.7204
49.0141
40.205
32.4853
26.0154
20.9276
17.3172
15.2476
14.7873
16.0543
19.2891
24.7315
33.4113
43.8169
53.2332
39.304
23.1363
5.45728
-12.539
-31.8745
-51.9262
-72.1904
-92.8088
-113.487
-134.082
-154.58
-174.802
-194.611
-213.822
-232.182
-249.381
-265.095
-278.946
-290.589
-299.654
-305.747
-308.611
-308.035
-303.822
-295.811
-284.089
-269.143
-251.618
-231.993
-210.505
-187.297
-162.538
-136.314
-108.694
-79.3926
-49.0925
-15.9439
12.0302
65.9644
77.952
90.6382
103.418
115.064
125.718
134.887
141.991
146.988
150.108
151.56
151.599
150.449
148.262
145.152
141.16
136.303
130.591
124.024
116.615
108.404
99.4586
89.8775
79.8458
69.6908
59.7795
50.4104
41.8246
34.2272
27.7915
22.6633
18.9535
16.7421
16.1061
17.1709
20.1611
25.2846
33.3994
42.9907
49.6337
36.4747
21.21
4.53973
-12.3784
-30.5381
-49.336
-68.2949
-87.5591
-106.856
-126.059
-145.177
-164.053
-182.582
-200.612
-217.923
-234.248
-249.289
-262.698
-274.136
-283.265
-289.672
-293.086
-293.299
-290.128
-283.411
-273.167
-259.745
-243.657
-225.334
-205.026
-182.894
-159.11
-133.778
-106.992
-78.5366
-49.0824
-17.1358
10.0604
61.6784
73.0214
85.0523
97.1973
108.291
118.471
127.274
134.141
139.03
142.163
143.737
143.995
143.155
141.363
138.728
135.286
131.049
126.017
120.177
113.525
106.08
97.8878
89.0242
79.6496
70.0707
60.6382
51.6385
43.3114
35.87
29.4993
24.3567
20.5677
18.2282
17.424
18.2865
21.0253
25.8169
33.359
42.157
46.2068
33.7575
19.3231
3.58298
-12.349
-29.4289
-47.0789
-64.8413
-82.8659
-100.894
-118.816
-136.654
-154.275
-171.595
-188.492
-204.778
-220.22
-234.551
-247.452
-258.599
-267.675
-274.277
-278.119
-278.992
-276.73
-271.168
-262.27
-250.269
-235.562
-218.52
-199.392
-178.348
-155.562
-131.15
-105.233
-77.6588
-49.0852
-18.3556
8.0257
57.6188
68.3674
79.7921
91.3489
101.925
111.66
120.114
126.749
131.52
134.644
136.309
136.744
136.162
134.705
132.478
129.517
125.829
121.408
116.233
110.284
103.564
96.0984
87.9386
79.2212
70.2295
61.2957
52.6931
44.6566
37.4039
31.1282
25.9978
22.1509
19.6982
18.7347
19.3962
21.8779
26.3269
33.2923
41.3204
42.9561
31.1634
17.4965
2.61496
-12.4078
-28.4952
-45.0885
-61.7531
-78.638
-95.499
-112.238
-128.89
-145.339
-161.522
-177.341
-192.635
-207.202
-220.805
-233.152
-243.94
-252.869
-259.564
-263.72
-265.136
-263.656
-259.116
-251.435
-240.754
-227.364
-211.572
-193.616
-173.667
-151.897
-128.433
-103.416
-76.757
-49.0981
-19.5946
5.93915
53.7814
63.9802
74.8419
85.8507
95.9419
105.255
113.376
119.784
124.432
127.532
129.261
129.837
129.47
128.299
126.423
123.88
120.676
116.802
112.229
106.93
100.89
94.1174
86.6416
78.5743
70.1738
61.7529
53.5703
45.8532
38.8194
32.6684
27.5768
23.6942
21.1444
20.0317
20.4947
22.7154
26.8129
33.2022
40.4851
39.881
28.6979
15.7444
1.659
-12.5242
-27.6941
-43.3133
-58.9661
-74.8006
-90.5852
-106.234
-121.787
-137.146
-152.262
-167.059
-181.4
-195.11
-207.977
-219.741
-230.12
-238.826
-245.525
-249.897
-251.747
-250.932
-247.288
-240.701
-231.235
-219.09
-204.512
-187.713
-168.861
-148.121
-125.63
-101.542
-75.8293
-49.1168
-20.8433
3.81504
50.1616
59.8485
70.1849
80.6809
90.3169
99.2309
107.034
113.22
117.741
120.803
122.575
123.266
123.078
122.147
120.574
118.395
115.617
112.23
108.202
103.496
98.0895
91.9722
85.1547
77.7237
69.9124
62.0131
54.2685
46.8953
40.1086
34.1104
29.084
25.1882
22.5585
21.3079
21.5763
23.5339
27.2738
33.0914
39.6559
36.9794
26.3644
14.0749
0.730849
-12.6732
-26.9933
-41.7104
-56.4286
-71.291
-86.0818
-100.722
-115.258
-129.603
-143.721
-157.554
-170.983
-183.861
-195.999
-207.163
-217.096
-225.524
-232.15
-236.652
-238.837
-238.577
-235.712
-230.102
-221.748
-210.774
-197.365
-181.702
-163.941
-144.242
-122.742
-99.6114
-74.8735
-49.1368
-22.0916
1.66829
46.7513
55.9606
65.8051
75.8198
85.0268
93.5636
101.063
107.031
111.423
114.438
116.236
117.017
116.978
116.253
114.94
113.078
110.675
107.72
104.18
100.015
95.1927
89.6898
83.4997
76.686
69.4568
62.0825
54.7884
47.7794
41.2645
35.4456
30.5099
26.6238
23.9319
22.5559
22.6353
24.3295
27.7082
32.9626
38.8373
34.2474
24.1628
12.4946
-0.157355
-12.838
-26.3667
-40.247
-54.0984
-68.062
-81.9314
-95.6371
-109.229
-122.63
-135.816
-148.742
-161.306
-173.382
-184.805
-195.365
-204.829
-212.936
-219.426
-223.982
-226.417
-226.612
-224.415
-219.669
-212.327
-202.446
-190.154
-175.6
-158.921
-140.267
-119.775
-97.625
-73.887
-49.1525
-23.3304
-0.487011
43.5423
52.3058
61.6882
71.2491
80.0516
88.2302
95.4373
101.195
105.456
108.417
110.228
111.079
111.165
110.616
109.527
107.939
105.865
103.292
100.19
96.5144
92.2279
87.2969
81.7
75.4801
68.8202
61.9684
55.1325
48.5031
42.2814
36.6661
31.8456
27.9916
25.2563
23.7681
23.6656
25.0983
28.1151
32.8183
38.0334
31.6798
22.0923
11.0061
-0.997699
-13.003
-25.7945
-38.8957
-51.9419
-65.0705
-78.0869
-90.926
-103.641
-116.164
-128.478
-140.551
-152.297
-163.606
-174.334
-184.293
-193.273
-201.03
-207.333
-211.88
-214.489
-215.048
-213.419
-209.434
-203.005
-194.138
-182.908
-169.428
-153.815
-136.205
-116.734
-95.5837
-72.8677
-49.1577
-24.5488
-2.63533
40.5268
48.8712
57.8192
66.9526
75.372
83.2093
90.1365
95.6892
99.8216
102.722
104.534
105.44
105.63
105.23
104.334
102.987
101.2
98.9659
96.253
93.019
89.2211
84.8189
79.7789
74.125
68.0171
61.6804
55.3048
49.0666
43.1555
37.7651
33.083
29.283
26.5226
24.9367
24.6611
25.8362
28.4935
32.661
37.248
29.2701
20.1503
9.61107
-1.78478
-13.1577
-25.2605
-37.6343
-49.9305
-62.283
-74.5061
-86.5402
-98.4402
-110.145
-121.647
-132.92
-143.893
-154.471
-164.528
-173.897
-182.387
-189.776
-195.853
-200.337
-203.053
-203.898
-202.744
-199.422
-193.814
-185.88
-175.652
-163.206
-148.639
-132.068
-113.623
-93.4893
-71.8121
-49.1459
-25.7365
-4.76174
37.696
45.6465
54.1843
62.9127
70.9689
78.4813
85.1405
90.4952
94.4991
97.3347
99.1404
100.089
100.364
100.092
99.3638
98.225
96.6907
94.7545
92.388
89.55
86.1958
82.2792
77.7579
72.6402
67.0627
61.2296
55.312
49.471
43.8843
38.7375
34.2143
30.4893
27.7228
26.0538
25.6154
26.5393
28.8422
32.4927
36.4848
27.0126
18.3335
8.30913
-2.51518
-13.295
-24.7528
-36.4463
-48.0424
-59.6714
-71.1557
-82.4413
-93.5825
-104.526
-115.269
-125.793
-136.038
-145.922
-155.336
-164.13
-172.132
-179.14
-184.962
-189.342
-192.108
-193.168
-192.408
-189.658
-184.78
-177.702
-168.414
-156.96
-143.41
-127.866
-110.45
-91.3426
-70.7187
-49.1094
-26.8829
-6.851
35.0415
42.6202
50.7701
59.1143
66.8259
74.0287
80.4302
85.5937
89.4711
92.2398
94.0317
95.0115
95.359
95.1959
94.6123
93.655
92.3418
90.6684
88.6096
86.1259
83.1724
79.6994
75.6583
71.0442
65.9733
60.6278
55.1616
49.7198
44.4669
39.5787
35.2332
31.6028
28.8486
27.1121
26.5224
27.2036
29.1603
32.3154
35.7467
24.901
16.6372
7.09934
-3.18671
-13.4091
-24.2611
-35.3175
-46.2589
-57.212
-68.007
-78.5954
-89.0302
-99.264
-109.298
-119.122
-128.682
-137.91
-146.709
-154.946
-162.47
-169.091
-174.636
-178.878
-181.646
-182.86
-182.421
-180.162
-175.932
-169.631
-161.219
-150.709
-138.147
-123.613
-107.222
-89.1476
-69.5841
-49.0415
-27.9792
-8.88785
32.5543
39.7817
47.5643
55.5442
62.9275
69.8354
75.9895
80.9675
84.721
87.4212
89.1938
90.1965
90.6034
90.5337
90.0759
89.2772
88.1578
86.7161
84.9297
82.762
80.1687
77.0994
73.5004
69.3568
64.7654
59.8884
54.8625
49.8177
44.9042
40.2862
36.1342
32.6165
29.8923
28.1039
27.3759
27.825
29.4468
32.1303
35.036
22.9284
15.0577
5.97893
-3.79823
-13.4962
-23.7786
-34.2364
-44.5652
-54.8857
-65.0373
-74.975
-84.7518
-94.3234
-103.697
-112.864
-121.781
-130.39
-138.604
-146.307
-153.361
-159.598
-164.852
-168.929
-171.66
-172.977
-172.795
-170.953
-167.292
-161.695
-154.095
-144.478
-132.866
-119.322
-103.946
-86.9055
-68.4063
-48.9355
-29.0144
-10.8585
30.2259
37.1209
44.5552
52.1885
59.2591
65.8858
71.8022
76.6009
80.2329
82.864
84.6136
85.6319
86.0885
86.0989
85.75
85.0899
84.1403
82.9025
81.3572
79.4705
77.2002
74.4966
71.3029
67.5955
63.455
59.0247
54.4249
49.7707
45.198
40.8586
36.9134
33.524
30.8467
29.0224
28.1701
28.3999
29.7006
31.9387
34.3546
21.088
13.5897
4.94569
-4.35032
-13.5539
-23.2999
-33.1947
-42.9482
-52.6763
-62.2263
-71.5554
-80.7179
-89.6726
-98.4285
-106.982
-115.297
-123.321
-130.981
-138.173
-144.771
-150.627
-155.585
-159.476
-162.141
-163.517
-163.535
-162.044
-158.881
-153.917
-147.067
-138.29
-127.589
-115.007
-100.633
-84.6202
-67.1832
-48.7822
-29.98
-12.7496
28.0484
34.6279
41.7315
49.0345
55.8071
62.1648
67.8535
72.4788
75.9924
78.5541
80.2775
81.3058
81.8036
81.8831
81.6286
81.0896
80.289
79.2306
77.8983
76.2614
74.2804
71.9063
69.0817
65.777
62.0578
58.0502
53.8596
49.5865
45.3524
41.2961
37.5675
34.3206
31.7057
29.861
28.8995
28.9244
29.9206
31.7412
33.7036
19.3734
12.228
3.99655
-4.84407
-13.5805
-22.82
-32.1849
-41.3974
-50.5697
-59.5558
-68.3166
-76.9047
-85.2831
-93.4625
-101.443
-109.192
-116.668
-123.804
-130.508
-136.669
-142.151
-146.811
-150.503
-153.075
-154.475
-154.645
-153.447
-150.717
-146.32
-140.155
-132.166
-122.334
-110.684
-97.2897
-82.2956
-65.9127
-48.5764
-30.8662
-14.5486
26.0136
32.2932
39.0825
46.0711
52.5591
58.6595
64.1295
68.5874
71.9858
74.4782
76.1731
77.2069
77.7382
77.8775
77.7055
77.2725
76.603
75.7022
74.5578
73.1425
71.4193
69.3414
66.8519
63.9168
60.5891
56.979
53.178
49.2732
45.3721
41.6
38.0953
35.0021
32.4638
30.6138
29.5588
29.3951
30.1055
31.538
33.0832
17.7782
10.968
3.12787
-5.2808
-13.5756
-22.3368
-31.2017
-39.9054
-48.5553
-57.013
-65.2414
-73.2924
-81.1323
-88.7726
-96.2167
-103.437
-110.397
-117.039
-123.28
-129.021
-134.14
-138.505
-141.989
-144.45
-145.845
-146.126
-145.169
-142.815
-138.922
-133.384
-126.128
-117.118
-106.366
-93.9282
-79.9354
-64.5941
-48.3112
-31.6658
-16.2448
24.1138
30.1086
36.5983
43.287
49.503
55.3571
60.6168
64.9139
68.2002
70.6242
72.2885
73.3238
73.8832
74.0735
73.9736
73.6334
73.079
72.3171
71.3385
70.1193
68.6256
66.8132
64.6266
62.0292
59.0632
55.8244
52.3916
48.8398
45.2631
41.7733
38.4963
35.566
33.1169
31.276
30.1436
29.8089
30.2542
31.3289
32.4931
16.2959
9.80425
2.33619
-5.66259
-13.5393
-21.8481
-30.241
-38.4656
-46.6245
-54.5857
-62.3153
-69.8634
-77.1995
-84.336
-91.2787
-98.004
-104.481
-110.657
-116.46
-121.801
-126.569
-130.645
-133.916
-136.252
-137.618
-137.977
-137.217
-135.185
-131.741
-126.772
-120.195
-111.962
-102.068
-90.5574
-77.5446
-63.2271
-47.9808
-32.3712
-17.8285
22.3416
28.0655
34.2695
40.6714
46.6277
52.2459
57.3037
61.4457
64.6231
66.9796
68.6126
69.6464
70.2287
70.4627
70.4256
70.1671
69.7136
69.0742
68.2417
67.1958
65.906
64.3307
62.4171
60.1269
57.4932
54.5991
51.5122
48.2961
45.0323
41.8198
38.7719
36.0109
33.6615
31.8433
30.6498
30.1625
30.3653
31.1132
31.9323
14.9204
8.73184
1.61774
-5.99165
-13.472
-21.3523
-29.2991
-37.0714
-44.7681
-52.2628
-59.5249
-66.602
-73.4669
-80.1328
-86.6064
-92.8683
-98.8911
-104.63
-110.02
-114.98
-119.413
-123.206
-126.263
-128.467
-129.785
-130.195
-129.593
-127.836
-124.789
-120.335
-114.385
-106.881
-97.8052
-87.1878
-75.1285
-61.8108
-47.5808
-32.9762
-19.2906
20.6899
26.1556
32.0871
38.2151
43.9228
49.315
54.179
58.1709
61.2433
63.5336
65.1343
66.1637
66.7644
67.0366
67.0543
66.8673
66.5027
65.9706
65.2671
64.3744
63.2652
61.9014
60.2329
58.221
55.8912
53.3152
50.551
47.6518
44.6876
41.7448
38.9243
36.3366
34.0959
32.3127
31.0742
30.4536
30.4373
30.8899
31.3989
13.6456
7.74579
0.968699
-6.27043
-13.3746
-20.8493
-28.3738
-35.7194
-42.9799
-50.0361
-56.859
-63.4948
-69.9183
-76.144
-82.1795
-88.0081
-93.6063
-98.935
-103.935
-108.535
-112.647
-116.168
-119.013
-121.078
-122.336
-122.773
-122.297
-120.776
-118.078
-114.089
-108.716
-101.893
-93.591
-83.8298
-72.6926
-60.3472
-47.1066
-33.4753
-20.6244
19.1519
24.3714
30.0426
35.9088
41.3784
46.554
51.2315
55.0792
58.0495
60.2747
61.8427
62.8657
63.4811
63.7859
63.8518
63.7277
63.441
63.0037
62.4136
61.656
60.7067
59.5309
58.0816
56.321
54.2681
51.9844
49.5192
46.917
44.2371
41.5543
38.9571
36.5443
34.419
32.6821
31.414
30.6799
30.4688
30.6575
30.8906
12.4659
6.84118
0.385238
-6.50161
-13.2487
-20.3385
-27.4635
-34.4057
-41.2554
-47.8985
-54.3087
-60.5307
-66.5413
-72.3549
-77.9804
-83.4038
-88.6046
-93.5484
-98.1824
-102.443
-106.249
-109.509
-112.147
-114.071
-115.26
-115.705
-115.329
-114.008
-111.617
-108.046
-103.201
-97.0108
-89.439
-80.4938
-70.243
-58.8372
-46.5566
-33.8651
-21.8242
17.7208
22.7054
28.128
33.7435
38.9852
43.953
48.4513
52.16
55.0315
57.193
58.7281
59.7428
60.3699
60.703
60.8108
60.7417
60.5237
60.1697
59.6793
59.0407
58.2325
57.2236
55.9701
54.4353
52.6335
50.617
48.4273
46.1015
43.6894
41.2549
38.875
36.6364
34.6315
32.9508
31.6678
30.8397
30.4586
30.4143
30.4045
11.3756
6.01335
-0.136508
-6.68788
-13.0956
-19.8201
-26.5664
-33.1274
-39.5895
-45.8435
-51.8659
-57.6995
-63.3229
-68.7512
-73.9935
-79.0381
-83.8672
-88.4506
-92.7411
-96.6814
-100.198
-103.21
-105.647
-107.43
-108.543
-108.984
-108.685
-107.533
-105.412
-102.216
-97.8523
-92.2486
-85.3614
-77.1893
-67.7863
-57.2833
-45.9293
-34.1423
-22.886
16.3907
21.1509
26.3357
31.7113
36.7347
41.5029
45.8287
49.4032
52.1794
54.2788
55.7809
56.7859
57.4218
57.7788
57.9233
57.9026
57.7451
57.4641
57.0614
56.5274
55.8438
54.9824
53.9033
52.5712
50.9958
49.2223
47.2853
45.2152
43.0535
40.8542
38.6833
36.6165
34.7349
33.1188
31.8345
30.9318
30.4052
30.1584
29.9373
10.3694
5.25766
-0.600293
-6.83214
-12.9172
-19.2949
-25.6824
-31.8827
-37.9784
-43.8659
-49.5234
-54.9925
-60.253
-65.3204
-70.2045
-74.8952
-79.377
-83.6234
-87.5922
-91.2319
-94.4764
-97.2517
-99.4961
-101.141
-102.175
-102.6
-102.36
-101.351
-99.4666
-96.6059
-92.6808
-87.6177
-81.3693
-73.9262
-65.3287
-55.689
-45.224
-34.3059
-23.8073
15.1555
19.7012
24.6585
29.8043
34.6183
39.1949
43.355
46.8002
49.4839
51.5226
52.9917
53.9859
54.6283
55.0057
55.1819
55.2038
55.0991
54.8824
54.5567
54.1146
53.5405
52.8095
51.8851
50.7341
49.3626
47.8089
46.1023
44.2674
42.3382
40.3598
38.3885
36.4892
34.732
33.1875
31.9144
30.9555
30.3077
29.8875
29.4852
9.44227
4.56969
-1.00977
-6.93697
-12.7152
-18.7634
-24.8106
-30.6695
-36.4189
-41.961
-47.2753
-52.4019
-57.3224
-62.052
-66.6012
-70.961
-75.1187
-79.0502
-82.7181
-86.0759
-89.0645
-91.6166
-93.6773
-95.1883
-96.1405
-96.5438
-96.3474
-95.4597
-93.782
-91.2216
-87.6941
-83.1278
-77.4729
-70.7132
-62.8771
-54.0583
-44.4423
-34.3554
-24.5869
14.0093
18.3502
23.0894
28.0151
32.6283
37.021
41.0213
44.3421
46.9362
48.9157
50.3517
51.334
51.9808
52.3754
52.5794
52.6384
52.5801
52.4196
52.1613
51.7999
51.3222
50.7059
49.9185
48.9288
47.74
46.3846
44.887
43.2669
41.5522
39.7801
37.9976
36.2598
34.6267
33.1592
31.9085
30.9109
30.1649
29.5996
29.0446
8.5892
3.94496
-1.36847
-7.00521
-12.4916
-18.2264
-23.9508
-29.4864
-34.9088
-40.125
-45.1164
-49.9212
-54.5228
-58.9365
-63.1724
-67.2233
-71.0782
-74.716
-78.1028
-81.1971
-83.9456
-86.2878
-88.1744
-89.5565
-90.4283
-90.8038
-90.6397
-89.8545
-88.3582
-86.0659
-82.8983
-78.787
-73.6809
-67.5587
-60.4384
-52.3955
-43.5865
-34.2925
-25.2257
12.9468
17.0917
21.6222
26.3367
30.7574
34.9732
38.8199
42.0203
44.5279
46.4497
47.8528
48.8223
49.4714
49.8804
50.1083
50.1996
50.1821
50.0708
49.8715
49.5806
49.1872
48.672
48.0056
47.159
46.1334
44.956
43.6471
42.2224
40.7043
39.1231
37.518
35.9346
34.4238
33.0372
31.8186
30.7985
29.9763
29.2924
28.6113
7.80553
3.37953
-1.68
-7.03967
-12.2482
-17.6851
-23.103
-28.3324
-33.4457
-38.3545
-43.0415
-47.5442
-51.8468
-55.9645
-59.9078
-63.6703
-67.243
-70.6067
-73.7315
-76.5799
-79.1039
-81.2494
-82.9723
-84.2316
-85.0249
-85.3691
-85.2284
-84.5299
-83.193
-81.1399
-78.2976
-74.6012
-70.0005
-64.4703
-58.0191
-50.706
-42.6601
-34.1196
-25.7252
11.9628
15.9203
20.2508
24.7628
28.9986
33.0445
36.7432
39.8274
42.2512
44.1164
45.4869
46.4428
47.0924
47.5132
47.7616
47.8812
47.899
47.8307
47.6828
47.4536
47.134
46.7073
46.1475
45.4276
44.5471
43.5289
42.3897
41.1417
39.8027
38.3974
36.9573
35.5205
34.1288
32.8255
31.6474
30.6195
29.7416
28.9638
28.1815
7.08677
2.86933
-1.94761
-7.04301
-11.987
-17.1407
-22.2675
-27.207
-32.0277
-36.6464
-41.0473
-45.2659
-49.288
-53.1287
-56.7983
-60.2917
-63.6011
-66.7098
-69.5906
-72.2099
-74.5248
-76.4866
-78.0562
-79.1994
-79.9171
-80.2286
-80.1043
-79.4795
-78.2825
-76.4428
-73.8938
-70.5751
-66.438
-61.4545
-55.6257
-48.9956
-41.6677
-33.8406
-26.0887
11.0524
14.8304
18.9695
23.2871
27.3453
31.2277
34.7838
37.7559
40.0984
41.9086
43.2466
44.188
44.8366
45.2669
45.5328
45.6765
45.7251
45.6942
45.5912
45.4156
45.1603
44.8111
44.3447
43.7368
42.985
42.1085
41.121
40.032
38.8555
37.6109
36.3237
35.0247
33.748
32.5291
31.3983
30.3757
29.4608
28.612
27.7513
6.42861
2.41062
-2.17458
-7.01781
-11.7098
-16.5942
-21.4446
-26.1093
-30.6536
-34.9984
-39.1297
-43.0813
-46.8404
-50.4217
-53.8358
-57.0782
-60.1423
-63.0134
-65.6674
-68.0738
-70.1941
-71.9848
-73.4116
-74.4462
-75.0921
-75.3704
-75.2573
-74.6954
-73.6214
-71.9721
-69.6873
-66.7114
-62.9978
-58.5173
-53.2645
-47.2702
-40.6148
-33.4604
-26.3207
10.2109
13.817
17.7724
21.9037
25.7912
29.5164
32.9351
35.7989
38.0624
39.8187
41.1244
42.0507
42.697
43.1345
43.415
43.5796
43.6548
43.6563
43.5921
43.463
43.2636
42.9819
42.5974
42.0879
41.45
40.6991
39.8469
38.9003
37.8702
36.7718
35.6251
34.4548
33.2882
32.1535
31.0755
30.0694
29.1343
28.2353
27.3171
5.82706
1.99968
-2.36393
-6.96665
-11.4185
-16.0467
-20.6348
-25.0391
-29.3217
-33.4081
-37.2853
-40.9861
-44.4986
-47.8373
-51.0125
-54.0208
-56.8568
-59.5072
-61.9503
-64.1592
-66.0989
-67.731
-69.0251
-69.9585
-70.5368
-70.7825
-70.6768
-70.1693
-69.2036
-67.7241
-65.677
-63.0114
-59.6835
-55.6637
-50.9414
-45.536
-39.5075
-32.9853
-26.4267
9.4338
12.8754
16.6546
20.6069
24.3306
27.9045
31.1906
33.9495
36.1365
37.8402
39.1138
40.0242
40.6667
41.1094
41.4022
41.5845
41.6825
41.7118
41.6812
41.5925
41.4415
41.2183
40.9052
40.482
39.9443
39.3046
38.5723
37.7528
36.854
35.8877
34.8695
33.8186
32.7563
31.7049
30.6836
29.7036
28.7631
27.8326
26.8757
5.27821
1.63316
-2.51874
-6.89183
-11.115
-15.4995
-19.8384
-23.9958
-28.0309
-31.8735
-35.5115
-38.9766
-42.2579
-45.3695
-48.3217
-51.1117
-53.7353
-56.1806
-58.4283
-60.454
-62.2267
-63.7121
-64.8837
-65.7234
-66.2387
-66.4532
-66.3521
-65.8916
-65.0219
-63.6941
-61.8604
-59.475
-56.4971
-52.8975
-48.6618
-43.7993
-38.3527
-32.4219
-26.4132
8.71692
12.0008
15.6111
19.3916
22.9577
26.3858
29.544
32.2017
34.3143
35.9664
37.2081
38.102
38.7395
39.1857
39.4881
39.6854
39.8028
39.856
39.8542
39.8001
39.691
39.5185
39.2676
38.9197
38.4699
37.9281
37.3017
36.595
35.8135
34.9661
34.0646
33.1237
32.1597
31.1896
30.2277
29.2817
28.3486
27.403
26.4241
4.7784
1.30776
-2.64184
-6.79573
-10.8011
-14.9535
-19.0558
-22.9793
-26.7804
-30.3927
-33.8055
-37.0489
-40.1135
-43.0127
-45.7569
-48.3436
-50.7697
-53.0247
-55.0912
-56.9476
-58.566
-59.9161
-60.9748
-61.7281
-62.1853
-62.3705
-62.2724
-61.8528
-61.0682
-59.8758
-58.2338
-56.1008
-53.4398
-50.2221
-46.4305
-42.0665
-37.1575
-31.7778
-26.2875
8.05622
11.1891
14.6373
18.2527
21.6674
24.9552
27.9899
30.5494
32.5898
34.1914
35.4012
36.278
36.9092
37.3572
37.6672
37.8769
38.0108
38.0842
38.107
38.0826
38.0094
37.8807
37.6834
37.4012
37.0282
36.5722
36.0392
35.4321
34.7549
34.0139
33.218
32.3779
31.5059
30.6143
29.7133
28.8074
27.8924
26.9461
25.96
4.32414
1.02035
-2.73585
-6.68053
-10.4784
-14.4101
-18.2876
-21.9893
-25.5691
-28.964
-32.1647
-35.2001
-38.0614
-40.762
-43.312
-45.7095
-47.9522
-50.0306
-51.9295
-53.6294
-55.1057
-56.3313
-57.2864
-57.9607
-58.3645
-58.5226
-58.4263
-58.0427
-57.3339
-56.2626
-54.7923
-52.8865
-50.5113
-47.6396
-44.2519
-40.3436
-35.9291
-31.0612
-26.0576
7.44789
10.436
13.7287
17.1857
20.4546
23.6071
26.5226
28.9872
30.9572
32.5093
33.6873
34.5466
35.1703
35.6185
35.9342
36.1539
36.3013
36.3919
36.4355
36.4364
36.3939
36.3027
36.1518
35.9264
35.6203
35.2394
34.7882
34.2688
33.6838
33.0377
32.3368
31.5887
30.8022
29.9857
29.146
28.285
27.397
26.462
25.4814
3.91215
0.767978
-2.80339
-6.54837
-10.1484
-13.8702
-17.5343
-21.0258
-24.3962
-27.586
-30.587
-33.4268
-36.0977
-38.6126
-40.9814
-43.2029
-45.2751
-47.1901
-48.9342
-50.4899
-51.8353
-52.9468
-53.807
-54.4091
-54.7645
-54.8977
-54.8028
-54.4511
-53.8098
-52.8469
-51.5307
-49.8289
-47.711
-45.1514
-42.1298
-38.6363
-34.6751
-30.2803
-25.7321
6.88837
9.7377
12.8813
16.1859
19.3146
22.3368
25.1371
27.5096
29.4112
30.9146
32.0609
32.9021
33.5174
33.9643
34.2839
34.5113
34.67
34.7748
34.836
34.8581
34.8417
34.7825
34.6713
34.495
34.247
33.9314
33.5517
33.1092
32.6056
32.0437
31.4279
30.7633
30.0556
29.3106
28.5317
27.7187
26.8647
25.9511
24.9869
3.53932
0.547845
-2.84682
-6.40121
-9.81285
-13.3349
-16.7963
-20.0887
-23.2609
-26.2571
-29.0702
-31.7263
-34.2188
-36.5602
-38.76
-40.8178
-42.7319
-44.4957
-46.0966
-47.5196
-48.7448
-49.7516
-50.5257
-51.0622
-51.3737
-51.4845
-51.3907
-51.0675
-50.4868
-49.621
-48.4426
-46.9237
-45.037
-42.7583
-40.0673
-36.9502
-33.4026
-29.4438
-25.3198
6.37424
9.09059
12.0909
15.2492
18.243
21.1395
23.8285
26.1118
27.9466
29.4022
30.517
31.3394
31.9454
32.3896
32.7115
32.9448
33.1124
33.2288
33.3045
33.3445
33.3501
33.3181
33.2408
33.1068
32.9089
32.6499
32.3323
31.957
31.5248
31.0374
30.4975
29.9083
29.2733
28.5955
27.8763
27.1133
26.2986
25.4145
24.4756
3.20272
0.357307
-2.86844
-6.24088
-9.47302
-12.8049
-16.0739
-19.1776
-22.1625
-24.9761
-27.6122
-30.0959
-32.4212
-34.6004
-36.6428
-38.5483
-40.3159
-41.9397
-43.4087
-44.7095
-45.8247
-46.736
-47.4315
-47.9088
-48.1809
-48.2718
-48.179
-47.8815
-47.3552
-46.5764
-45.5216
-44.1664
-42.4868
-40.4605
-38.0669
-35.2901
-32.1188
-28.5599
-24.8297
5.90225
8.49116
11.3539
14.3717
17.2356
20.0109
22.5922
24.7889
26.5587
27.9673
29.0506
29.8538
30.4495
30.8898
31.2124
31.4499
31.6243
31.7502
31.8378
31.8926
31.9165
31.9073
31.8589
31.7609
31.6062
31.396
31.1324
30.8156
30.4459
30.0242
29.5518
29.0304
28.4618
27.847
27.1855
26.4735
25.7018
24.8535
23.9472
2.89955
0.193897
-2.87038
-6.06923
-9.13033
-12.2814
-15.3676
-18.2925
-21.1002
-23.7416
-26.2111
-28.5328
-30.7016
-32.7293
-34.6251
-36.389
-38.0209
-39.5153
-40.8628
-42.0514
-43.0658
-43.8902
-44.5144
-44.9383
-45.1752
-45.2484
-45.157
-44.8829
-44.4055
-43.7047
-42.7605
-41.5518
-40.0574
-38.2571
-36.1307
-33.6604
-30.8302
-27.6371
-24.2709
5.46941
7.93616
10.667
13.5495
16.2883
18.9468
21.4239
23.5365
25.2429
26.6053
27.6572
28.4408
29.0253
29.4605
29.7824
30.0225
30.2021
30.3353
30.4324
30.4993
30.5384
30.5483
30.5243
30.457
30.3392
30.171
29.9538
29.6878
29.3727
29.0086
28.596
28.1354
27.6273
27.0712
26.465
25.8038
25.0777
24.2699
23.4017
2.62721
0.0552465
-2.85466
-5.88783
-8.786
-11.7651
-14.6777
-17.4332
-20.0735
-22.5523
-24.865
-27.0348
-29.057
-30.9431
-32.7022
-34.3348
-35.8408
-37.2158
-38.4515
-39.5372
-40.4595
-41.2047
-41.7646
-42.1405
-42.3461
-42.4039
-42.3142
-42.0614
-41.6282
-40.9974
-40.1522
-39.0744
-37.7455
-36.147
-34.2598
-32.065
-29.5431
-26.6834
-23.6525
5.07289
7.42247
10.0265
12.7791
15.3976
17.9432
20.3195
22.3505
23.995
25.3119
26.3324
27.096
27.6685
28.0977
28.4177
28.6589
28.8419
28.9807
29.0853
29.162
29.2134
29.2392
29.2355
29.1941
29.1077
28.9755
28.7984
28.5762
28.3085
27.9949
27.6351
27.2289
26.7756
26.2738
25.7203
25.109
24.4297
23.6657
22.8399
2.38322
-0.0607969
-2.82324
-5.69825
-8.44117
-11.2566
-14.0045
-16.5994
-19.0813
-21.4068
-23.5721
-25.5991
-27.4841
-29.2382
-30.8701
-32.3805
-33.7702
-35.035
-36.1678
-37.1591
-37.9974
-38.6707
-39.1726
-39.5055
-39.6834
-39.728
-39.6403
-39.4071
-39.0138
-38.446
-37.6893
-36.7284
-35.5471
-34.1288
-32.4553
-30.5073
-28.2631
-25.7063
-22.983
4.70994
6.94723
9.4296
12.0572
14.5597
16.9965
19.2752
21.2269
22.8109
24.083
25.0723
25.8155
26.3753
26.7975
27.1145
27.3555
27.5406
27.6833
27.7937
27.878
27.9394
27.9781
27.9913
27.9716
27.9119
27.8103
27.6675
27.4831
27.2565
26.9869
26.6737
26.3159
25.9122
25.4604
24.9564
24.3937
23.7614
23.0432
22.2626
2.16528
-0.156338
-2.77778
-5.50191
-8.09697
-10.7568
-13.3482
-15.791
-18.1232
-20.3041
-22.3305
-24.2236
-25.9802
-27.6109
-29.1244
-30.5217
-31.8034
-32.9666
-34.0049
-34.9099
-35.6716
-36.2798
-36.7293
-37.0239
-37.1774
-37.2107
-37.1253
-36.9103
-36.5531
-36.0419
-35.3645
-34.5079
-33.4581
-32.2002
-30.7172
-28.9901
-26.9955
-24.713
-22.2709
4.37808
6.50769
8.87323
11.3806
13.7715
16.1031
18.2873
20.1619
21.6869
22.9149
23.873
24.5955
25.1421
25.5564
25.8693
26.1091
26.295
26.4401
26.5546
26.6448
26.7141
26.7632
26.7902
26.7887
26.7514
26.6759
26.5623
26.4103
26.2193
25.9881
25.7157
25.401
25.0419
24.6359
24.1783
23.6622
23.0765
22.405
21.6713
1.97123
-0.233299
-2.72
-5.30016
-7.75434
-10.2661
-12.7091
-15.0077
-17.1983
-19.2428
-21.1386
-22.906
-24.5423
-26.0579
-27.4612
-28.7533
-29.9354
-31.0049
-31.9563
-32.7824
-33.4744
-34.0236
-34.4261
-34.6866
-34.8188
-34.8425
-34.7598
-34.5616
-34.2373
-33.7769
-33.1704
-32.4069
-31.4741
-30.359
-29.0456
-27.5155
-25.7447
-23.7099
-21.5241
4.07492
6.10125
8.35465
10.7465
13.0296
15.2597
17.3524
19.1522
20.6194
21.804
22.731
23.4325
23.9654
24.371
24.679
24.9164
25.102
25.2485
25.3657
25.4602
25.5355
25.5929
25.6311
25.6446
25.626
25.5724
25.4837
25.3595
25.1991
25.0012
24.7647
24.4881
24.1692
23.8049
23.3905
22.9187
22.3785
21.7537
21.0677
1.79902
-0.293481
-2.65142
-5.09422
-7.41421
-9.7851
-12.0871
-14.2492
-16.3059
-18.2216
-19.9946
-21.644
-23.1677
-24.5759
-25.8765
-27.0712
-28.1612
-29.1443
-30.0159
-30.7698
-31.3984
-31.8942
-32.2547
-32.4849
-32.5985
-32.6142
-32.5346
-32.3519
-32.0574
-31.6428
-31.0999
-30.4193
-29.5907
-28.6024
-27.4398
-26.0852
-24.5146
-22.7031
-20.75
3.79822
5.72553
7.87125
10.1519
12.3313
14.4634
16.4674
18.1943
19.605
20.7468
21.643
22.3234
22.8419
23.2382
23.5405
23.7748
23.9591
24.1058
24.2246
24.3219
24.4018
24.4656
24.5128
24.5384
24.5354
24.5002
24.4325
24.332
24.1979
24.0289
23.8238
23.5809
23.298
22.9717
22.5972
22.1672
21.6708
21.0919
20.4535
1.64676
-0.338579
-2.57349
-4.88518
-7.07733
-9.31431
-11.4824
-13.5151
-15.4452
-17.2395
-18.8968
-20.4355
-21.8538
-23.1617
-24.3668
-25.471
-26.4757
-27.3793
-28.1777
-28.8657
-29.4367
-29.8843
-30.2071
-30.4105
-30.5079
-30.5171
-30.4408
-30.2726
-30.0053
-29.632
-29.1459
-28.5393
-27.8033
-26.9275
-25.8989
-24.7005
-23.3086
-21.6977
-19.9554
3.5459
5.37824
7.42059
9.59432
11.6737
13.7111
15.6291
17.2852
18.6406
19.7402
20.6059
21.2649
21.7688
22.1553
22.4511
22.6815
22.8637
23.0097
23.129
23.2281
23.311
23.3796
23.4339
23.4694
23.4792
23.4593
23.4094
23.329
23.2175
23.0735
22.8958
22.6827
22.4319
22.14
21.8022
21.4114
20.9567
20.4224
19.8309
1.51267
-0.370185
-2.48755
-4.67415
-6.74455
-8.85409
-10.895
-12.8051
-14.6155
-16.2952
-17.8435
-19.2782
-20.5978
-21.812
-22.9283
-23.9485
-24.8744
-25.7047
-26.436
-27.0637
-27.5823
-27.9866
-28.2756
-28.4554
-28.5388
-28.5427
-28.47
-28.3154
-28.0728
-27.7367
-27.3015
-26.7609
-26.1072
-25.3314
-24.4216
-23.3618
-22.1294
-20.6985
-19.1466
3.31599
5.05728
7.00039
9.07124
11.0542
13.0001
14.8347
16.4219
17.7231
18.7813
19.6166
20.2543
20.7432
21.1193
21.4082
21.634
21.8133
21.9578
22.0768
22.1767
22.2616
22.3337
22.3933
22.4367
22.4569
22.4497
22.4147
22.3514
22.2592
22.1368
21.9831
21.7962
21.574
21.3132
21.0091
20.6547
20.2394
19.748
19.2019
1.39509
-0.389758
-2.39481
-4.46213
-6.41651
-8.40484
-10.325
-12.1188
-13.8159
-15.3874
-16.8331
-18.17
-19.3972
-20.5239
-21.5575
-22.4998
-23.3527
-24.1155
-24.7852
-25.3579
-25.8291
-26.1942
-26.453
-26.6119
-26.6833
-26.683
-26.6142
-26.4722
-26.2523
-25.9497
-25.5602
-25.0784
-24.4979
-23.8108
-23.0064
-22.0697
-20.9792
-19.7095
-18.3291
3.10667
4.76064
6.60851
8.58041
10.4704
12.3278
14.0814
15.6016
16.8497
17.8672
18.6726
19.2889
19.7625
20.1279
20.4094
20.63
20.8059
20.9483
21.0662
21.1661
21.252
21.3264
21.39
21.4395
21.4681
21.4714
21.4487
21.3999
21.3242
21.2205
21.0876
20.9238
20.7271
20.4943
20.2209
19.9001
19.5219
19.0713
18.5688
1.29244
-0.398694
-2.29645
-4.24998
-6.09385
-7.96684
-9.77224
-11.4558
-13.0456
-14.5149
-15.864
-17.109
-18.2495
-19.2945
-20.2509
-21.1208
-21.9063
-22.6068
-23.22
-23.7426
-24.1705
-24.5004
-24.7324
-24.8729
-24.9341
-24.9306
-24.8657
-24.7356
-24.5363
-24.2641
-23.9156
-23.4864
-22.9709
-22.3625
-21.6514
-20.824
-19.8598
-18.7341
-17.508
2.91621
4.48651
6.24297
8.11966
9.91995
11.6919
13.3669
14.8218
16.0176
16.9952
17.7712
18.3662
18.8244
19.1788
19.4524
19.6674
19.8394
19.9791
20.0953
20.1945
20.2806
20.3564
20.4227
20.477
20.5122
20.5241
20.5118
20.4751
20.4135
20.3258
20.2111
20.0677
19.8936
19.686
19.4405
19.1506
18.8069
18.3948
17.9338
1.20328
-0.398295
-2.19359
-4.03858
-5.77717
-7.54039
-9.23675
-10.8157
-12.3038
-13.6765
-14.9344
-16.093
-17.1522
-18.1208
-19.0052
-19.8079
-20.5309
-21.174
-21.7352
-22.212
-22.6008
-22.8989
-23.107
-23.2315
-23.2839
-23.2781
-23.2172
-23.0982
-22.9179
-22.6732
-22.3615
-21.9792
-21.5217
-20.9831
-20.3548
-19.6243
-18.7722
-17.7752
-16.6875
2.74301
4.2331
5.90191
7.68699
9.40082
11.0901
12.6887
14.08
15.2244
16.1628
16.91
17.4839
17.9265
18.2696
18.535
18.7441
18.9118
19.0483
19.1625
19.2603
19.3461
19.4224
19.4906
19.5483
19.5888
19.6076
19.6038
19.5774
19.5277
19.454
19.355
19.2295
19.0755
18.8905
18.6703
18.4088
18.097
17.7209
17.2991
1.12629
-0.389715
-2.08717
-3.82866
-5.46697
-7.12576
-8.71842
-10.1981
-11.5898
-12.871
-14.0428
-15.1199
-16.1028
-16.9998
-17.8172
-18.5573
-19.2223
-19.8124
-20.326
-20.7609
-21.1142
-21.3837
-21.5705
-21.681
-21.726
-21.7186
-21.6619
-21.5534
-21.3904
-21.1707
-20.8921
-20.5518
-20.1458
-19.6693
-19.1144
-18.4698
-17.7175
-16.8352
-15.8715
2.58562
3.99883
5.58356
7.28045
8.91088
10.5203
12.0446
13.3739
14.4674
15.3677
16.0868
16.6397
17.0667
17.3982
17.6554
17.8582
18.0212
18.1544
18.266
18.3622
18.447
18.5232
18.5925
18.6526
18.6972
18.7215
18.7248
18.707
18.6675
18.6057
18.5205
18.4107
18.2746
18.1098
17.9124
17.6768
17.3944
17.0519
16.6668
1.06026
-0.373974
-1.97809
-3.62082
-5.16356
-6.72294
-8.21699
-9.60244
-10.9026
-12.0974
-13.1877
-14.1878
-15.099
-15.9291
-16.6837
-17.3653
-17.9766
-18.5177
-18.9875
-19.3841
-19.7051
-19.9489
-20.1168
-20.215
-20.2539
-20.2456
-20.1931
-20.0944
-19.9475
-19.7504
-19.5017
-19.199
-18.8391
-18.4177
-17.9279
-17.3595
-16.6958
-15.9158
-15.0631
2.44268
3.7822
5.28624
6.89817
8.44813
9.98009
11.4321
12.7012
13.7444
14.608
15.2998
15.8317
16.2428
16.5628
16.8114
17.0079
17.1661
17.2955
17.4044
17.4985
17.582
17.6577
17.7273
17.7891
17.8367
17.8655
17.8745
17.8639
17.8332
17.7816
17.7084
17.6125
17.4923
17.3455
17.1688
16.9568
16.7014
16.39
16.039
1.0039
-0.352206
-1.8673
-3.41584
-4.86757
-6.33213
-7.73228
-9.02816
-10.2412
-11.3541
-12.3671
-13.2946
-14.1388
-14.9062
-15.6018
-16.2288
-16.79
-17.2857
-17.715
-18.0765
-18.3682
-18.5889
-18.74
-18.8276
-18.8615
-18.8529
-18.8047
-18.7153
-18.5831
-18.4068
-18.1851
-17.9161
-17.5973
-17.225
-16.7931
-16.2923
-15.7073
-15.0186
-14.2651
2.31282
3.58186
5.00874
6.53877
8.01109
9.46795
10.8491
12.0593
13.0525
13.8815
14.5472
15.058
15.4531
15.7615
16.0016
16.1916
16.3447
16.4703
16.5761
16.668
16.7498
16.8245
16.894
16.9567
17.0066
17.0389
17.0527
17.0482
17.0249
16.9823
16.9196
16.8359
16.7297
16.5992
16.4411
16.2505
16.0198
15.7371
15.4179
0.955957
-0.325875
-1.75623
-3.21514
-4.58002
-5.95442
-7.26493
-8.47536
-9.60502
-10.6405
-11.5791
-12.4376
-13.2193
-13.9281
-14.5683
-15.144
-15.6585
-16.1123
-16.5043
-16.8336
-17.0986
-17.2984
-17.4346
-17.513
-17.5427
-17.5343
-17.4905
-17.41
-17.2915
-17.1341
-16.9368
-16.6983
-16.4164
-16.0879
-15.7074
-15.2667
-14.7518
-14.1445
-13.4797
2.19476
3.39663
4.74986
6.20142
7.59923
8.9835
10.2956
11.4475
12.388
13.1845
13.8261
14.316
14.6951
14.9921
15.2239
15.4075
15.5555
15.6772
15.7799
15.8692
15.9492
16.0227
16.0917
16.1548
16.2063
16.2413
16.2591
16.2597
16.2428
16.2079
16.1545
16.0816
15.988
15.872
15.7307
15.5595
15.3514
15.095
14.8052
0.915529
-0.295692
-1.6455
-3.01927
-4.30163
-5.59041
-6.81545
-7.94456
-8.9945
-9.95706
-10.8225
-11.6141
-12.3375
-12.9916
-13.5792
-14.1067
-14.5779
-14.9928
-15.3505
-15.6503
-15.8911
-16.0722
-16.1954
-16.2659
-16.2924
-16.2846
-16.2452
-16.1732
-16.0675
-15.9275
-15.7525
-15.5414
-15.2926
-15.0033
-14.6687
-14.2816
-13.8289
-13.2942
-12.7087
2.08747
3.22522
4.50833
5.88449
7.21097
8.52523
9.77097
10.8659
11.7494
12.5152
13.1344
13.6033
13.9665
14.2525
14.4762
14.6534
14.7965
14.9142
15.0138
15.1007
15.1787
15.2508
15.319
15.3823
15.4349
15.4722
15.4933
15.4983
15.487
15.459
15.4137
15.3504
15.2681
15.1651
15.039
14.8854
14.6979
14.4656
14.203
0.882725
-0.260829
-1.53349
-2.82601
-4.02983
-5.23711
-6.38134
-7.4336
-8.40822
-9.30121
-10.0965
-10.8264
-11.496
-12.0971
-12.6338
-13.1153
-13.5457
-13.924
-14.2494
-14.5219
-14.7405
-14.9048
-15.0165
-15.0803
-15.1044
-15.0977
-15.0628
-14.9989
-14.9052
-14.7813
-14.6267
-14.4406
-14.2217
-13.9675
-13.674
-13.3347
-12.9377
-12.4678
-11.9533
1.99045
3.06658
4.28133
5.58399
6.84094
8.08633
9.26828
10.3083
11.1405
11.8797
12.4751
12.9212
13.268
13.5429
13.7582
13.9287
14.0667
14.1803
14.2768
14.3611
14.437
14.5076
14.575
14.6382
14.6915
14.7308
14.7547
14.7636
14.7572
14.7352
14.6973
14.6426
14.5704
14.4792
14.3668
14.2292
14.0605
13.8503
13.6124
0.857123
-0.221485
-1.41958
-2.63415
-3.76235
-4.89121
-5.95776
-6.93734
-7.84058
-8.6669
-9.39445
-10.0753
-10.6989
-11.2466
-11.7316
-12.1691
-12.561
-12.9044
-13.1991
-13.4458
-13.6439
-13.7928
-13.8941
-13.9523
-13.9747
-13.9696
-13.9394
-13.8834
-13.801
-13.6922
-13.5564
-13.3929
-13.201
-12.9785
-12.7218
-12.4251
-12.0778
-11.6661
-11.2153
1.90318
2.91969
4.06757
5.29736
6.48507
7.6604
8.77864
9.76148
10.5538
11.2814
11.8518
12.2696
12.5991
12.8635
13.0705
13.2342
13.3668
13.4764
13.5696
13.6512
13.725
13.794
13.8602
13.923
13.977
14.0177
14.0441
14.0563
14.0543
14.0378
14.0064
13.9595
13.8964
13.8159
13.7158
13.5927
13.4411
13.2511
13.0361
0.838159
-0.189623
-1.32988
-2.47859
-3.53937
-4.59271
-5.5743
-6.4661
-7.26984
-8.00634
-8.60857
-9.27593
-9.90683
-10.4333
-10.8945
-11.3173
-11.6983
-12.0309
-12.3157
-12.5544
-12.7465
-12.8913
-12.9902
-13.0474
-13.0707
-13.0681
-13.0424
-12.9926
-12.9189
-12.8217
-12.6975
-12.5494
-12.3763
-12.1758
-11.9446
-11.6776
-11.3651
-10.9946
-10.5891
1.83651
2.80501
3.90042
5.06483
6.18512
7.28067
8.30717
9.1793
9.87923
10.6778
11.2644
11.6728
12.0017
12.2705
12.4799
12.6446
12.778
12.8885
12.9825
13.0649
13.1396
13.2096
13.2772
13.3417
13.398
13.4411
13.4702
13.4855
13.4871
13.4746
13.4477
13.4062
13.3492
13.2758
13.184
13.0705
12.9303
12.7539
12.5544
0.823761
-0.162181
-1.25316
-2.34422
-3.34222
-4.32032
-5.21359
-6.00716
-6.69368
-7.32105
-7.75836
-8.44646
-9.12057
-9.64792
-10.1042
-10.5316
-10.9198
-11.2579
-11.5469
-11.7895
-11.9855
-12.1338
-12.2362
-12.2966
-12.3233
-12.3245
-12.3035
-12.2588
-12.192
-12.1039
-11.9863
-11.8482
-11.6881
-11.5028
-11.2891
-11.0427
-10.7548
-10.4131
-10.0395
1.78253
2.71094
3.75927
4.86236
5.91408
6.92063
7.83732
8.57757
9.16148
10.0707
10.7039
11.1179
11.4566
11.7389
11.9583
12.1296
12.268
12.3828
12.4805
12.5661
12.6437
12.7167
12.7874
12.8554
12.9152
12.9616
12.9938
13.0122
13.0168
13.0074
12.9839
12.946
12.8931
12.8244
12.7381
12.631
12.4983
12.3308
12.1414
0.811074
-0.132616
-1.17384
-2.20688
-3.14223
-4.0454
-4.85249
-5.55029
-6.12642
-6.64773
-6.93171
-7.62731
-8.33542
-8.86135
-9.30889
-9.73624
-10.1287
-10.4704
-10.7621
-11.0076
-11.2069
-11.3586
-11.4644
-11.528
-11.5582
-11.5634
-11.5476
-11.5087
-11.4494
-11.3712
-11.2611
-11.1337
-10.9875
-10.818
-10.6222
-10.3965
-10.1331
-9.82046
-9.48096
1.72965
2.61776
3.61835
4.65989
5.64409
6.56145
7.37244
7.98895
8.45886
9.45591
10.1375
10.5576
10.9024
11.196
11.4251
11.6026
11.7458
11.8646
11.9657
12.0544
12.1349
12.2106
12.2845
12.3559
12.4191
12.4689
12.5044
12.5259
12.5337
12.5277
12.5077
12.4736
12.425
12.3611
12.2802
12.1797
12.0546
11.896
11.7169
0.799871
-0.10156
-1.09291
-2.06825
-2.94152
-3.77065
-4.49428
-5.09866
-5.57192
-5.9861
-6.13422
-6.82212
-7.55069
-8.07367
-8.51056
-8.93353
-9.32687
-9.66997
-9.96293
-10.2102
-10.4121
-10.5668
-10.6759
-10.7428
-10.7766
-10.7857
-10.7748
-10.7411
-10.6889
-10.6199
-10.5165
-10.3989
-10.2657
-10.1111
-9.9324
-9.72692
-9.48735
-9.20207
-8.88996
1.67801
2.52607
3.47869
4.45915
5.37722
6.2053
6.9159
7.4132
7.77591
8.83416
9.56323
9.99287
10.3415
10.6438
10.8815
11.0652
11.213
11.3356
11.44
11.5316
11.6148
11.6932
11.7701
11.8448
11.9116
11.9648
12.0036
12.0284
12.0395
12.037
12.0208
11.9907
11.9467
11.8879
11.8129
11.719
11.6017
11.4522
11.2833
0.790242
-0.0693288
-1.01117
-1.92963
-2.742
-3.49861
-4.1419
-4.65539
-5.03328
-5.33789
-5.36924
-6.03456
-6.76775
-7.28445
-7.70924
-8.12409
-8.51455
-8.85699
-9.14983
-9.39784
-9.60144
-9.75907
-9.87152
-9.9427
-9.98146
-9.99649
-9.99283
-9.96706
-9.92483
-9.86792
-9.77468
-9.66993
-9.55195
-9.41411
-9.25377
-9.06885
-8.85334
-8.59792
-8.327
1.62812
2.43662
3.34146
4.26184
5.11552
5.85415
6.46999
6.84825
7.11162
8.20639
8.97895
9.42223
9.77488
10.0842
10.3292
10.5181
10.6697
10.7959
10.9037
10.9985
11.0846
11.166
11.2459
11.3241
11.3947
11.4517
11.4941
11.5224
11.5372
11.5384
11.526
11.5001
11.4605
11.4068
11.3378
11.2507
11.1414
11.0014
10.8432
0.782109
-0.0365255
-0.929971
-1.7929
-2.54618
-3.23244
-3.79904
-4.22468
-4.51434
-4.70606
-4.63868
-5.26693
-5.98778
-6.49338
-6.9047
-7.30816
-7.69205
-8.03142
-8.32286
-8.57084
-8.77582
-8.93585
-9.0509
-9.12452
-9.16522
-9.1824
-9.18165
-9.15916
-9.12167
-9.0711
-8.98289
-8.88617
-8.77929
-8.65497
-8.51091
-8.34542
-8.15183
-7.9176
-7.65326
1.58061
2.35062
3.20823
4.07034
4.86103
5.51003
6.03654
6.29208
6.46182
7.57327
8.38326
8.84236
9.20027
9.51756
9.77115
9.96563
10.12
10.2481
10.3581
10.4552
10.544
10.6283
10.7115
10.7935
10.868
10.9292
10.9759
11.0088
11.0283
11.0344
11.0271
11.0066
10.9726
10.9246
10.8617
10.7815
10.6798
10.5484
10.3984
0.775345
-0.004469
-0.85174
-1.66147
-2.35774
-2.97618
-3.46941
-3.81011
-4.01736
-4.09265
-3.94346
-4.52061
-5.21222
-5.70062
-6.09627
-6.48513
-6.85887
-7.19239
-7.48068
-7.72778
-7.93455
-8.0991
-8.22176
-8.30608
-8.35966
-8.39063
-8.40491
-8.39848
-8.37908
-8.34841
-8.27803
-8.2002
-8.1133
-8.00901
-7.88501
-7.74086
-7.57399
-7.38108
-7.19634
1.5366
2.27013
3.08192
3.88816
4.61565
5.17292
5.61328
5.7381
5.81673
6.93395
7.77828
8.25312
8.61343
8.93616
9.20016
9.40517
9.56724
9.69971
9.81186
9.91035
10.0004
10.0864
10.1721
10.2573
10.3354
10.4001
10.4503
10.4867
10.5099
10.5202
10.5178
10.5031
10.4759
10.4358
10.3817
10.3114
10.2211
10.1038
9.97384
0.769575
0.0251776
-0.779642
-1.53973
-2.18169
-2.73495
-3.15654
-3.41321
-3.54192
-3.49861
-3.2829
-3.79595
-4.4423
-4.90607
-5.28249
-5.65339
-6.01368
-6.339
-6.62233
-6.866
-7.06986
-7.23082
-7.34751
-7.42189
-7.46359
-7.48424
-7.48988
-7.47593
-7.45035
-7.41421
-7.33996
-7.26284
-7.18126
-7.0869
-6.9774
-6.85122
-6.69949
-6.50249
-6.2474
1.49686
2.19673
2.96534
3.71909
4.38138
4.84383
5.19911
5.17893
5.16004
6.2791
7.16477
7.66528
8.0296
8.34818
8.60906
8.81623
8.98614
9.12948
9.25223
9.35919
9.45551
9.54634
9.63642
9.72673
9.81138
9.88332
9.94056
9.98351
10.0124
10.0272
10.0283
10.0159
9.9905
9.95209
9.9003
9.83325
9.74665
9.6288
9.48357
0.764476
0.0524334
-0.713786
-1.42894
-2.02099
-2.51394
-2.86645
-3.04129
-3.09575
-2.93165
-2.65652
-3.09229
-3.67927
-4.10989
-4.46198
-4.80984
-5.15162
-5.46648
-5.74805
-5.99799
-6.21609
-6.4005
-6.55151
-6.67144
-6.76168
-6.82624
-6.87353
-6.90058
-6.91896
-6.92888
-6.89411
-6.85221
-6.80286
-6.73679
-6.65256
-6.5528
-6.44393
-6.33879
-6.30252
1.46041
2.12904
2.85784
3.5643
4.1618
4.5357
4.81144
4.61751
4.47717
5.58649
6.51553
7.06332
7.46512
7.80512
8.06539
8.25441
8.40066
8.52602
8.64037
8.74694
8.84763
8.94497
9.04209
9.13901
9.22982
9.30911
9.37641
9.43256
9.47771
9.51181
9.53464
9.54582
9.54472
9.53039
9.50165
9.45717
9.3974
9.32537
9.2739
0.760449
0.0785143
-0.652273
-1.32723
-1.87577
-2.3176
-2.60967
-2.71534
-2.70443
-2.40866
-2.06503
-2.41191
-2.92496
-3.31144
-3.63509
-3.95659
-4.27034
-4.55669
-4.80959
-5.02951
-5.21388
-5.35577
-5.44878
-5.49305
-5.50851
-5.51589
-5.51693
-5.50289
-5.47867
-5.44424
-5.37815
-5.31694
-5.2581
-5.19339
-5.11957
-5.03195
-4.91084
-4.71475
-4.37559
1.42714
2.06686
2.75972
3.42478
3.96287
4.27066
4.47311
4.05355
3.76715
4.8537
5.78886
6.35283
6.79653
7.20847
7.55172
7.80678
7.98589
8.11118
8.20507
8.28448
8.36039
8.4399
8.52767
8.62191
8.7107
8.78323
8.83725
8.87402
8.89521
8.90221
8.89645
8.8798
8.85424
8.8213
8.78094
8.72904
8.65188
8.51474
8.27544
0.758065
0.0963059
-0.608505
-1.25061
-1.76153
-2.15733
-2.39217
-2.43853
-2.35785
-1.90947
-1.49856
-1.76317
-2.18612
-2.50673
-2.79137
-3.09422
-3.40876
-3.71667
-4.01098
-4.29166
-4.55963
-4.81699
-5.06451
-5.29522
-5.48173
-5.61531
-5.72237
-5.80976
-5.90059
-5.99131
-6.01834
-6.02088
-6.01683
-5.99997
-5.96673
-5.92498
-5.90368
-5.95457
-6.21292
1.40585
2.02615
2.6916
3.31848
3.79557
4.04102
4.11997
3.40733
3.0161
4.1477
5.09257
5.60993
5.96466
6.28579
6.59256
6.88925
7.17311
7.43022
7.64902
7.8274
7.97108
8.08948
8.19631
8.31104
8.44721
8.59322
8.73262
8.86022
8.97459
9.07482
9.15891
9.22409
9.26819
9.29012
9.29181
9.281
9.28228
9.35022
9.59346
0.754943
0.0848439
-0.620922
-1.24796
-1.72587
-2.0636
-2.21221
-2.15958
-1.94139
-1.32319
-0.914309
-1.13954
-1.48474
-1.72086
-1.90563
-2.08551
-2.26303
-2.43021
-2.58196
-2.71309
-2.81152
-2.85798
-2.8385
-2.76163
-2.69046
-2.65833
-2.64234
-2.6108
-2.55561
-2.51576
-2.44834
-2.38994
-2.3478
-2.30936
-2.26777
-2.21457
-2.10471
-1.85698
-1.29001
1.41154
2.03627
2.69367
3.28486
3.68062
3.79966
3.58524
2.52695
2.12667
3.44339
4.61838
5.37621
5.85027
6.09766
6.14554
6.07019
5.95374
5.86248
5.82424
5.84151
5.90594
6.00886
6.13427
6.24229
6.28935
6.29337
6.28836
6.27947
6.26565
6.24662
6.22606
6.20893
6.19875
6.19657
6.1976
6.18384
6.10213
5.84445
5.235
0.74631
0.04478
-0.686166
-1.31873
-1.77362
-2.04872
-2.09078
-1.89577
-1.46829
-0.685416
-0.291235
-0.470998
-0.78728
-1.08494
-1.38562
-1.70003
-2.03091
-2.37986
-2.75174
-3.15538
-3.60297
-4.10078
-4.62565
-5.11824
-5.4729
-5.68935
-5.90251
-6.07183
-6.35443
-6.76581
-6.647
-6.66822
-6.79427
-6.88714
-6.93176
-6.97484
-7.09103
-7.38647
-8.06386
1.43227
2.07911
2.74615
3.31262
3.62625
3.57544
2.96713
1.60131
0.970271
2.14909
3.45654
4.74959
6.00728
7.19991
8.21244
8.98722
9.54254
9.89654
10.0969
10.1966
10.2422
10.2711
10.3383
10.5315
10.8842
11.268
11.5833
11.8425
12.0674
12.2619
12.4192
12.5359
12.6141
12.6605
12.6912
12.7388
12.8857
13.2567
14.0558
106.925
106.19
105.24
104.005
102.275
99.859
96.5382
92.1326
86.6691
80.5001
74.1442
67.9756
62.1138
56.5378
51.208
46.1081
41.2378
36.599
32.1897
28.0034
24.0306
20.2622
16.6891
13.3028
10.0957
7.06054
4.19021
1.478
-1.08059
-3.48911
-5.74943
-7.86211
-9.82767
-11.6454
-13.3144
-14.8343
-16.2044
-17.4252
-18.4973
-19.4222
-20.2023
-20.8408
-21.3422
-21.7113
-21.9542
-22.0777
-22.0891
-21.9963
-21.8076
-21.5316
-21.1771
-20.7529
-20.2674
-19.7292
-19.1461
-18.5258
-17.8753
-17.2012
-16.5094
-15.8052
-15.0936
-14.3786
-13.664
-12.9527
-12.2478
-11.5508
-10.8653
-10.2788
-9.75558
-9.22756
-8.6554
-8.13264
-7.45215
-7.0771
-6.04509
-6.30129
-4.11209
-6.40265
-0.929301
-8.53892
106.566
103.442
99.9021
96.1835
92.3766
88.5666
84.8164
81.1741
77.623
74.1906
70.8773
67.6933
64.6452
61.7386
58.9775
56.3642
53.8998
51.5841
49.4151
47.3895
45.5031
43.7506
42.126
40.6224
39.2329
37.9503
36.7671
35.6761
34.6702
33.7424
32.8861
32.0948
31.3621
30.6819
30.0482
29.4553
28.8973
28.3687
27.8642
27.3783
26.9062
26.4432
25.9849
25.5272
25.0668
24.6004
24.1257
23.6406
23.1436
22.6337
22.1106
21.5743
21.0252
20.4642
19.8925
19.3116
18.7231
18.1289
17.531
16.9313
16.3319
15.7347
15.1418
14.5548
13.9761
13.4069
12.8504
12.3824
11.9787
11.5639
11.1398
10.7097
10.2714
9.86595
9.35463
9.23395
8.06579
9.76601
4.82029
14.3923
47.001
46.4856
45.9992
45.5497
45.111
44.7218
44.4101
44.1477
43.8397
43.3561
42.6137
41.6072
40.3428
38.8192
37.054
35.0795
32.9304
30.6387
28.2339
25.7439
23.195
20.6122
18.0178
15.4316
12.8713
10.3525
7.89012
5.49751
3.18629
0.965334
-1.15804
-3.1776
-5.08879
-6.88716
-8.56891
-10.131
-11.5708
-12.8862
-14.0755
-15.1379
-16.0731
-16.8818
-17.5656
-18.1265
-18.568
-18.8942
-19.11
-19.2208
-19.233
-19.1534
-18.989
-18.7474
-18.436
-18.0625
-17.6342
-17.1586
-16.6426
-16.0927
-15.5151
-14.9157
-14.2995
-13.6712
-13.0351
-12.3949
-11.754
-11.1147
-10.4807
-9.93466
-9.44508
-8.95162
-8.40917
-7.91977
-7.26345
-6.92023
-5.91225
-6.1826
-4.05569
-6.27271
-1.02567
-8.35233
47.3224
47.5275
47.9118
48.2556
48.5282
48.7031
48.7698
48.7219
48.5568
48.2833
47.9018
47.4196
46.8433
46.1806
45.4407
44.6336
43.7696
42.8596
41.915
40.9472
39.9668
38.984
38.0082
37.048
36.1106
35.2019
34.3266
33.4882
32.6888
31.9294
31.2102
30.5304
29.8882
29.2817
28.7082
28.1648
27.6481
27.1548
26.6812
26.2237
25.7786
25.3424
24.9115
24.4826
24.0527
23.6191
23.1792
22.7312
22.2732
21.804
21.323
20.8298
20.3244
19.8071
19.2789
18.7407
18.1939
17.6401
17.0808
16.518
15.9534
15.3891
14.8269
14.2686
13.7166
13.1719
12.6383
12.1883
11.7997
11.3998
10.99
10.5743
10.1488
9.75833
9.25717
9.15081
8.00433
9.6543
4.90764
14.053
29.2666
28.9708
28.6462
28.3125
27.9332
27.487
26.9708
26.384
25.7279
25.0079
24.2372
23.448
22.6688
21.8989
21.1229
20.3205
19.4732
18.5669
17.5904
16.5357
15.3982
14.1767
12.8734
11.4938
10.046
8.54018
6.98784
5.40092
3.79273
2.1768
0.566653
-1.0242
-2.58349
-4.09945
-5.56122
-6.95925
-8.28488
-9.53057
-10.6898
-11.7569
-12.7277
-13.5988
-14.3679
-15.0337
-15.596
-16.0557
-16.4147
-16.6756
-16.8421
-16.9186
-16.9101
-16.8221
-16.6608
-16.4322
-16.1429
-15.7992
-15.4078
-14.9747
-14.5059
-14.0072
-13.4839
-12.941
-12.383
-11.8138
-11.2376
-10.6568
-10.0754
-9.57144
-9.11682
-8.65834
-8.14824
-7.6905
-7.06653
-6.74352
-5.78501
-6.03068
-4.03057
-6.08408
-1.1735
-8.06101
29.4221
29.5113
29.5973
29.6735
29.769
29.8848
30.0234
30.1799
30.3518
30.5337
30.7187
30.901
31.0737
31.2303
31.3646
31.4706
31.543
31.5773
31.5699
31.5184
31.4215
31.2791
31.0923
30.8634
30.5957
30.2931
29.9603
29.6024
29.2243
28.8312
28.4278
28.0184
27.6066
27.1955
26.7873
26.3837
25.9855
25.593
25.206
24.8236
24.4448
24.068
23.6915
23.3136
22.9323
22.5459
22.1526
21.7507
21.339
20.9163
20.482
20.0354
19.5765
19.1055
18.6229
18.1295
17.6263
17.1146
16.5959
16.0718
15.544
15.0143
14.4847
13.9571
13.4335
12.9153
12.4061
11.9759
11.6038
11.2203
10.8263
10.4263
10.0157
9.6397
9.15531
9.04855
7.96025
9.49148
5.04626
13.6629
27.8506
27.6612
27.4549
27.24
27.003
26.7255
26.3893
25.9764
25.4654
24.8356
24.0765
23.2027
22.2562
21.2722
20.2634
19.2335
18.185
17.1214
16.0453
14.9575
13.857
12.742
11.6103
10.4594
9.28758
8.09341
6.87663
5.63772
4.37903
3.10401
1.81765
0.526416
-0.762492
-2.04091
-3.29999
-4.53083
-5.72442
-6.8721
-7.96557
-8.99718
-9.96017
-10.8487
-11.6578
-12.3835
-13.0228
-13.574
-14.0364
-14.41
-14.6962
-14.8972
-15.0159
-15.0559
-15.0217
-14.9179
-14.75
-14.5233
-14.2434
-13.9161
-13.5469
-13.1414
-12.7046
-12.2417
-11.7573
-11.2556
-10.741
-10.2164
-9.68561
-9.22203
-8.8002
-8.37422
-7.89448
-7.46674
-6.87255
-6.57158
-5.65287
-5.89205
-3.9784
-5.94143
-1.23471
-7.87212
27.9803
28.0721
28.138
28.1815
28.2082
28.2179
28.2127
28.1927
28.1604
28.1166
28.0634
28.0028
27.9362
27.8652
27.791
27.7144
27.6359
27.5555
27.4726
27.3864
27.2954
27.1981
27.0926
26.977
26.8497
26.7089
26.5534
26.3823
26.1954
25.9928
25.7749
25.5429
25.2981
25.0418
24.7757
24.5012
24.2198
23.9325
23.6401
23.343
23.0415
22.7353
22.424
22.1067
21.7827
21.4509
21.1103
20.7597
20.3982
20.025
19.6394
19.241
18.8296
18.4053
17.9685
17.5197
17.0598
16.59
16.1115
15.6257
15.1344
14.6392
14.142
13.6446
13.1492
12.6571
12.1722
11.7611
11.4049
11.037
10.6583
10.2735
9.8773
9.51527
9.04582
8.94335
7.89463
9.3624
5.08713
13.4132
23.6013
23.3956
23.1852
22.9833
22.7825
22.5762
22.3561
22.1142
21.8423
21.5291
21.1594
20.7183
20.2023
19.621
18.9823
18.2881
17.5395
16.7377
15.8852
14.9855
14.0426
13.0606
12.0436
10.9959
9.92184
8.82523
7.70993
6.57939
5.4372
4.28668
3.13124
1.97479
0.821271
-0.324818
-1.45837
-2.57393
-3.66552
-4.7269
-5.75153
-6.73294
-7.66481
-8.54121
-9.35659
-10.1059
-10.7852
-11.3908
-11.9204
-12.3724
-12.7461
-13.0417
-13.2604
-13.4041
-13.4755
-13.4778
-13.4151
-13.2916
-13.1119
-12.8809
-12.6036
-12.285
-11.9301
-11.5435
-11.1301
-10.694
-10.2396
-9.77032
-9.28982
-8.86628
-8.47706
-8.08344
-7.63415
-7.23673
-6.67156
-6.39551
-5.51064
-5.75644
-3.90489
-5.81941
-1.24945
-7.73222
23.7491
23.8623
23.9764
24.0863
24.1931
24.2962
24.3944
24.4859
24.5696
24.6437
24.707
24.7585
24.797
24.8219
24.8326
24.8291
24.8114
24.7799
24.7352
24.6782
24.6098
24.531
24.443
24.3465
24.2423
24.1312
24.0133
23.8889
23.7579
23.6201
23.4753
23.323
23.1629
22.9949
22.8185
22.6339
22.4409
22.2396
22.0299
21.8118
21.5854
21.3504
21.1065
20.8534
20.5905
20.3173
20.033
19.7369
19.4285
19.1071
18.7722
18.4234
18.0606
17.6839
17.2935
16.8899
16.4739
16.0464
15.6086
15.1618
14.7075
14.2474
13.7832
13.3168
12.8503
12.3851
11.9251
11.5336
11.1936
10.8417
10.4787
10.1094
9.72809
9.38017
8.92564
8.83014
7.81182
9.24219
5.0763
13.2085
18.9532
18.7751
18.5896
18.4103
18.23
18.046
17.8558
17.6532
17.4325
17.1886
16.9153
16.6048
16.2505
15.8536
15.4207
14.9561
14.4603
13.9329
13.3716
12.7737
12.1378
11.4628
10.7483
9.99425
9.20178
8.37255
7.50904
6.61426
5.69192
4.74605
3.78101
2.80161
1.81263
0.819107
-0.173732
-1.16062
-2.1361
-3.09465
-4.03054
-4.9381
-5.81163
-6.64558
-7.43452
-8.17331
-8.85734
-9.48243
-10.045
-10.5423
-10.9722
-11.3334
-11.6255
-11.8487
-12.0043
-12.094
-12.1202
-12.0861
-11.995
-11.8509
-11.6579
-11.4204
-11.1428
-10.8294
-10.4848
-10.1129
-9.71817
-9.30416
-8.87428
-8.49135
-8.13568
-7.77544
-7.35798
-6.99193
-6.45745
-6.20708
-5.35817
-5.61028
-3.82425
-5.68608
-1.26188
-7.57535
19.0758
19.1687
19.2665
19.3642
19.4653
19.5695
19.6767
19.7867
19.8991
20.0133
20.1289
20.245
20.3607
20.475
20.5867
20.6947
20.7974
20.8937
20.9822
21.0618
21.1312
21.1896
21.2362
21.2704
21.2921
21.301
21.2973
21.2811
21.253
21.2132
21.1623
21.1005
21.0282
20.9456
20.8529
20.7502
20.6374
20.5144
20.381
20.2372
20.0826
19.9171
19.7401
19.5515
19.3508
19.1375
18.9112
18.6714
18.4175
18.1493
17.8663
17.5682
17.255
16.9268
16.5836
16.2261
15.8547
15.4704
15.0743
14.6674
14.2513
13.8274
13.3976
12.9635
12.5273
12.0903
11.6566
11.286
10.9632
10.6286
10.2824
9.92965
9.56436
9.2312
8.79355
8.70369
7.72042
9.10417
5.06219
12.9758
15.8213
15.6747
15.519
15.3658
15.2099
15.0499
14.8864
14.7167
14.5356
14.3379
14.1188
13.8724
13.5919
13.2726
12.9167
12.531
12.1199
11.6857
11.2301
10.7524
10.2513
9.72593
9.17546
8.59903
7.99587
7.36543
6.70746
6.02207
5.30994
4.57218
3.81052
3.02738
2.22561
1.4087
0.580649
-0.254156
-1.09092
-1.92464
-2.74999
-3.56156
-4.3539
-5.12156
-5.85916
-6.56142
-7.22347
-7.84069
-8.40884
-8.9243
-9.38392
-9.78531
-10.1267
-10.4072
-10.6264
-10.7848
-10.8835
-10.9242
-10.9093
-10.8414
-10.7239
-10.5602
-10.3541
-10.1093
-9.83003
-9.51999
-9.18321
-8.82345
-8.44376
-8.10151
-7.77972
-7.45321
-7.06842
-6.73413
-6.23185
-6.00689
-5.197
-5.45269
-3.73863
-5.53927
-1.27306
-7.39846
15.9269
16.0133
16.1044
16.1961
16.2911
16.3884
16.4881
16.5903
16.6947
16.8013
16.91
17.0207
17.1332
17.2473
17.3628
17.4794
17.5966
17.7138
17.8306
17.9462
18.0599
18.1705
18.2772
18.3789
18.4744
18.5627
18.6427
18.7135
18.7741
18.824
18.8624
18.8889
18.9033
18.9053
18.8949
18.8719
18.8363
18.7881
18.7272
18.6536
18.5671
18.4674
18.3545
18.228
18.0875
17.9328
17.7634
17.5791
17.3794
17.1639
16.9326
16.6851
16.4213
16.1414
15.8455
15.5341
15.2076
14.8668
14.5126
14.1462
13.7688
13.382
12.9873
12.5865
12.1816
11.774
11.3677
11.019
10.7145
10.3979
10.0696
9.73428
9.38612
9.06823
8.64935
8.5632
7.62094
8.94696
5.04581
12.7211
13.6173
13.4932
13.3598
13.2267
13.0903
12.9501
12.8075
12.6625
12.5129
12.3549
12.1844
11.9974
11.7888
11.5525
11.284
10.9835
10.6555
10.3033
9.92874
9.53361
9.11798
8.6809
8.2219
7.74095
7.23805
6.71322
6.16655
5.59825
5.00873
4.39852
3.76836
3.11937
2.45289
1.77066
1.07492
0.368282
-0.346143
-1.06485
-1.78389
-2.49897
-3.20556
-3.89893
-4.57423
-5.2265
-5.85097
-6.44296
-6.99801
-7.51206
-7.9814
-8.40288
-8.77388
-9.09236
-9.35699
-9.56698
-9.72233
-9.82359
-9.87194
-9.8691
-9.81727
-9.71906
-9.57747
-9.39568
-9.17713
-8.92529
-8.64375
-8.33623
-8.00536
-7.70304
-7.41472
-7.12154
-6.76947
-6.46672
-5.99736
-5.79741
-5.02794
-5.28652
-3.64544
-5.38561
-1.27329
-7.2173
13.7105
13.7912
13.8772
13.9648
14.0559
14.1497
14.2462
14.3454
14.4472
14.5514
14.6579
14.7664
14.8768
14.9888
15.1023
15.2169
15.3323
15.4483
15.5647
15.681
15.797
15.9122
16.0262
16.1385
16.2485
16.3557
16.4593
16.5586
16.6528
16.7409
16.8222
16.8956
16.9604
17.0158
17.0609
17.0951
17.1178
17.1284
17.1265
17.1115
17.0833
17.0412
16.9851
16.9145
16.8291
16.7286
16.6125
16.4805
16.3322
16.1674
15.9858
15.7872
15.5715
15.3388
15.0891
14.8229
14.5406
14.2428
13.9303
13.6042
13.2656
12.916
12.5567
12.1896
11.8165
11.4389
11.0608
10.7347
10.449
10.1511
9.84123
9.52395
9.19369
8.89136
8.49263
8.4089
7.51094
8.77572
5.01625
12.4633
11.8026
11.6974
11.5838
11.4689
11.3497
11.2259
11.0994
10.971
10.8405
10.7066
10.5662
10.4162
10.2535
10.074
9.87286
9.64598
9.39285
9.11636
8.81892
8.50207
8.16736
7.81476
7.44305
7.05143
6.63959
6.20736
5.7547
5.28166
4.7886
4.27596
3.74443
3.19496
2.62862
2.04675
1.45102
0.843291
0.225771
-0.399018
-1.02823
-1.65867
-2.28688
-2.90914
-3.52146
-4.11965
-4.69947
-5.25663
-5.78692
-6.28626
-6.75078
-7.177
-7.5618
-7.90247
-8.19691
-8.44351
-8.64128
-8.78981
-8.88928
-8.94044
-8.94454
-8.90331
-8.81892
-8.69386
-8.53093
-8.33311
-8.1035
-7.84567
-7.56171
-7.29809
-7.04249
-6.78195
-6.46239
-6.19071
-5.75462
-5.57931
-4.85085
-5.1126
-3.54334
-5.22695
-1.26044
-7.03643
11.8833
11.9552
12.0321
12.1111
12.1936
12.2791
12.3678
12.4596
12.5546
12.6527
12.7538
12.8579
12.9648
13.0744
13.1866
13.301
13.4174
13.5356
13.6553
13.776
13.8974
14.0191
14.1406
14.2616
14.3814
14.4998
14.616
14.7297
14.8401
14.9468
15.049
15.1461
15.2374
15.322
15.3993
15.4684
15.5285
15.5789
15.6187
15.6471
15.6636
15.6673
15.6577
15.6341
15.596
15.5429
15.4742
15.3895
15.2884
15.1704
15.0353
14.8828
14.7127
14.525
14.3198
14.0973
13.8578
13.6019
13.3303
13.0439
12.7437
12.431
12.1071
11.7738
11.4328
11.0856
10.7361
10.433
10.1665
9.88774
9.59691
9.29818
8.98646
8.69995
8.3225
8.24041
7.38875
8.59176
4.971
12.2045
10.2869
10.1975
10.1013
10.0037
9.90117
9.79277
9.68052
9.56584
9.44919
9.33052
9.20892
9.08218
8.94757
8.80251
8.6438
8.46733
8.26942
8.04921
7.80884
7.55044
7.2755
6.98561
6.68102
6.36062
6.02349
5.66918
5.2974
4.9079
4.50057
4.0754
3.63257
3.17256
2.69594
2.20359
1.69664
1.17647
0.64473
0.103369
-0.445393
-0.999052
-1.55485
-2.10978
-2.66058
-3.20376
-3.73571
-4.25267
-4.75082
-5.22637
-5.67559
-6.09495
-6.48115
-6.83117
-7.14242
-7.41271
-7.64034
-7.82415
-7.96349
-8.05824
-8.10881
-8.11611
-8.08152
-8.00678
-7.89403
-7.74571
-7.56435
-7.35327
-7.11397
-6.88754
-6.6637
-6.43491
-6.14746
-5.90626
-5.50361
-5.35252
-4.66552
-4.93053
-3.43233
-5.06209
-1.23679
-6.85327
10.3568
10.4202
10.4881
10.5581
10.6314
10.7075
10.7869
10.8693
10.9549
11.0437
11.1357
11.2309
11.3294
11.431
11.5357
11.6434
11.7541
11.8675
11.9835
12.1019
12.2223
12.3446
12.4683
12.593
12.7184
12.8439
12.969
13.0931
13.2157
13.3362
13.4538
13.568
13.6781
13.7833
13.883
13.9764
14.0626
14.141
14.2108
14.271
14.3209
14.3598
14.3867
14.401
14.4018
14.3886
14.3605
14.317
14.2576
14.1816
14.0887
13.9785
13.8507
13.7051
13.5418
13.3607
13.1622
12.9467
12.7146
12.4667
12.2041
11.9277
11.639
11.3393
11.0304
10.7137
10.3931
10.1134
9.86643
9.60725
9.33586
9.05615
8.76356
8.49316
8.138
8.05702
7.25351
8.39397
4.91215
11.9394
9.04446
8.96811
8.886
8.8026
8.71527
8.6221
8.52379
8.42186
8.31735
8.21079
8.10235
7.99142
7.87633
7.75484
7.62473
7.4833
7.32699
7.1524
6.95833
6.74623
6.51802
6.27514
6.01915
5.75061
5.46865
5.17239
4.86141
4.53551
4.19451
3.83825
3.46668
3.07991
2.67816
2.26181
1.83149
1.38802
0.932446
0.466085
-0.00945762
-0.49233
-0.980417
-1.47135
-1.9625
-2.45097
-2.93373
-3.40755
-3.86904
-4.31481
-4.74138
-5.14537
-5.52354
-5.87274
-6.19017
-6.47327
-6.71991
-6.92835
-7.09729
-7.22595
-7.314
-7.3616
-7.3694
-7.33844
-7.27018
-7.1665
-7.02932
-6.86165
-6.66437
-6.4733
-6.27995
-6.08178
-5.82573
-5.6142
-5.24486
-5.11739
-4.47215
-4.74023
-3.31275
-4.89023
-1.20378
-6.6656
9.10535
9.16156
9.22157
9.28366
9.34872
9.41651
9.48724
9.56091
9.6376
9.71735
9.80023
9.88626
9.97545
10.0678
10.1634
10.2621
10.3639
10.4688
10.5766
10.6873
10.8008
10.9167
11.035
11.1554
11.2776
11.4012
11.5259
11.6513
11.7768
11.9019
12.0261
12.1487
12.2691
12.3864
12.5001
12.6094
12.7134
12.8113
12.9024
12.9857
13.0605
13.1258
13.1809
13.2248
13.2568
13.276
13.2816
13.2729
13.2491
13.2097
13.1541
13.0816
12.9921
12.885
12.7603
12.6179
12.4579
12.2805
12.0861
11.8753
11.649
11.408
11.1536
10.887
10.61
10.3238
10.032
9.77582
9.54865
9.30929
9.0577
8.79735
8.52437
8.27037
7.93833
7.85815
7.10451
8.18147
4.84091
11.6651
8.01272
7.94719
7.87675
7.80496
7.7298
7.65004
7.56563
7.47662
7.38372
7.28803
7.19033
7.09086
6.98928
6.88438
6.77433
6.65721
6.53073
6.39181
6.23731
6.06573
5.87794
5.6756
5.46001
5.23265
4.99427
4.74423
4.48164
4.20606
3.91734
3.61534
3.29996
2.9712
2.62911
2.27389
1.90589
1.52561
1.13369
0.731016
0.318666
-0.102046
-0.529591
-0.962198
-1.39783
-1.83421
-2.26887
-2.69912
-3.12208
-3.53479
-3.93413
-4.31699
-4.6803
-5.02102
-5.33626
-5.62334
-5.87987
-6.10374
-6.29321
-6.44695
-6.56407
-6.6441
-6.68703
-6.69329
-6.66368
-6.59952
-6.50214
-6.37416
-6.21584
-6.05793
-5.89353
-5.7245
-5.49883
-5.31584
-4.97939
-4.87471
-4.2712
-4.54205
-3.18488
-4.71142
-1.16181
-6.47339
8.06584
8.11552
8.16843
8.22336
8.28096
8.3411
8.40395
8.46954
8.53796
8.60928
8.68356
8.76085
8.8412
8.92465
9.01121
9.10093
9.19377
9.28973
9.38876
9.49083
9.59584
9.70368
9.81423
9.92733
10.0428
10.1604
10.2798
10.4007
10.5229
10.6459
10.7692
10.8924
11.0148
11.136
11.2552
11.3718
11.485
11.594
11.6981
11.7963
11.8878
11.9717
12.0471
12.1131
12.1689
12.2134
12.246
12.2656
12.2715
12.2629
12.2392
12.1997
12.1438
12.0711
11.9813
11.8741
11.7496
11.6076
11.4486
11.273
11.0812
10.8742
10.653
10.4187
10.1728
9.91658
9.65349
9.42078
9.21339
8.99395
8.76231
8.52153
8.26848
8.0311
7.72282
7.64331
6.94103
7.95391
4.75728
11.3803
7.13796
7.08149
7.02084
6.95892
6.894
6.82501
6.75231
6.67588
6.59513
6.51028
6.42245
6.33256
6.24097
6.14755
6.05148
5.95124
5.84516
5.73133
5.6071
5.46958
5.31707
5.14996
4.96963
4.77734
4.57442
4.36181
4.13908
3.9053
3.66001
3.40305
3.13431
2.85373
2.56124
2.25689
1.94087
1.61347
1.27511
0.926364
0.568001
0.200953
-0.173659
-0.554521
-0.940088
-1.32858
-1.71806
-2.10633
-2.49103
-2.86962
-3.23944
-3.59772
-3.94164
-4.26837
-4.57515
-4.85928
-5.11829
-5.34988
-5.55203
-5.72305
-5.86161
-5.96674
-6.03792
-6.075
-6.07822
-6.04837
-5.98617
-5.89389
-5.77117
-5.64394
-5.50664
-5.36501
-5.16837
-5.01256
-4.70822
-4.62531
-4.06324
-4.33641
-3.04905
-4.52583
-1.1118
-6.27675
7.18429
7.22803
7.27455
7.32295
7.37376
7.42688
7.48247
7.54058
7.6013
7.6647
7.73087
7.79985
7.87171
7.94653
8.02434
8.10519
8.18909
8.27608
8.36615
8.4593
8.55549
8.65466
8.75674
8.86163
8.96921
9.0793
9.19171
9.30624
9.4226
9.5405
9.65957
9.77943
9.89965
10.0197
10.1391
10.2573
10.3735
10.4872
10.5975
10.7037
10.805
10.9006
10.9894
11.0707
11.1435
11.2068
11.2598
11.3016
11.3312
11.3478
11.3506
11.3389
11.3119
11.2692
11.2101
11.1345
11.0419
10.9324
10.806
10.663
10.5037
10.3289
10.1393
9.936
9.72033
9.49332
9.25834
9.04877
8.86098
8.66134
8.44963
8.2285
7.9955
7.77492
7.49079
7.41202
6.76229
7.71088
4.6613
11.0833
6.38737
6.33856
6.28616
6.23261
6.17648
6.11678
6.05364
5.98739
5.91791
5.84451
5.76699
5.68621
5.60323
5.51859
5.43233
5.34391
5.25212
5.15545
5.05233
4.94052
4.81735
4.68098
4.53139
4.36973
4.19714
4.01492
3.82413
3.62453
3.41526
3.19579
2.96596
2.7257
2.47493
2.21359
1.94172
1.65945
1.36702
1.06479
0.753269
0.433106
0.105107
-0.229757
-0.570314
-0.915197
-1.26286
-1.61157
-1.95938
-2.3042
-2.64375
-2.97565
-3.29741
-3.60646
-3.90023
-4.17616
-4.43181
-4.66483
-4.87306
-5.05462
-5.20786
-5.33147
-5.42447
-5.4863
-5.51669
-5.51596
-5.4843
-5.42357
-5.33285
-5.2336
-5.12133
-5.00513
-4.8359
-4.70566
-4.4324
-4.36999
-3.84879
-4.12359
-2.90561
-4.33325
-1.05475
-6.07452
6.4278
6.46626
6.50713
6.54971
6.59444
6.64127
6.69032
6.74165
6.79537
6.85153
6.91021
6.97149
7.03544
7.10215
7.17164
7.244
7.31926
7.39748
7.47867
7.56286
7.65005
7.74024
7.83339
7.92945
8.02835
8.12999
8.23425
8.34097
8.44996
8.56099
8.6738
8.78807
8.90346
9.01958
9.13598
9.25216
9.36758
9.48164
9.59372
9.70313
9.80911
9.91088
10.0076
10.0985
10.1825
10.2589
10.3267
10.3849
10.4326
10.469
10.4931
10.5041
10.5013
10.4839
10.4514
10.4032
10.339
10.2585
10.1616
10.0485
9.91923
9.77439
9.61459
9.44071
9.25389
9.05505
8.84732
8.66034
8.49178
8.31165
8.11966
7.91805
7.7051
7.50139
7.24161
7.16382
6.56756
7.45159
4.55346
10.7707
5.73726
5.69496
5.64957
5.60313
5.55448
5.50276
5.44801
5.39032
5.3297
5.26616
5.19929
5.12855
5.05429
4.97756
4.89915
4.81927
4.73759
4.65315
4.56471
4.47089
4.36979
4.25897
4.13651
4.00201
3.85637
3.7007
3.53625
3.36415
3.18434
2.99604
2.7987
2.59217
2.37638
2.15123
1.91671
1.67281
1.41966
1.15745
0.886511
0.607265
0.320279
0.0262454
-0.273966
-0.579314
-0.888605
-1.20047
-1.51334
-1.82548
-2.13502
-2.43991
-2.738
-3.02703
-3.30466
-3.56855
-3.81635
-4.0458
-4.25472
-4.4411
-4.60316
-4.73932
-4.84833
-4.92926
-4.98144
-5.0048
-4.99903
-4.96565
-4.9032
-4.82904
-4.73955
-4.64664
-4.503
-4.39647
-4.15299
-4.1096
-3.62866
-3.90384
-2.75544
-4.13305
-0.992448
-5.86476
5.77258
5.80637
5.84226
5.8797
5.91905
5.96028
6.00352
6.04881
6.09624
6.14588
6.19782
6.25213
6.30888
6.36815
6.42999
6.49448
6.56169
6.63166
6.70443
6.78005
6.85855
6.93993
7.02421
7.11137
7.20138
7.29419
7.38972
7.48788
7.58854
7.69154
7.79668
7.90374
8.01246
8.12252
8.23357
8.34521
8.45698
8.56838
8.67887
8.78785
8.89467
8.99861
9.09894
9.19486
9.28556
9.37015
9.44775
9.51746
9.57835
9.62952
9.67004
9.69906
9.71573
9.71927
9.70898
9.68424
9.64453
9.58948
9.51882
9.43246
9.33049
9.21317
9.08097
8.9346
8.77499
8.60293
8.4213
8.25611
8.1062
7.94511
7.77246
7.59008
7.39695
7.21013
6.97468
6.89823
6.35633
7.17489
4.43505
10.4376
5.16915
5.13238
5.09294
5.05255
5.01025
4.96531
4.91774
4.86759
4.81471
4.75904
4.7007
4.63952
4.57487
4.50661
4.43555
4.36265
4.28831
4.2124
4.13423
4.05274
3.96675
3.87466
3.77437
3.66396
3.54279
3.41147
3.27099
3.12251
2.96717
2.805
2.63522
2.45729
2.27106
2.07652
1.87367
1.66243
1.44282
1.21493
0.978965
0.735204
0.484031
0.225937
-0.0384426
-0.308323
-0.582796
-0.860791
-1.14106
-1.42221
-1.70269
-1.98079
-2.25468
-2.52239
-2.78188
-3.03101
-3.26765
-3.48963
-3.69487
-3.88136
-4.04723
-4.1908
-4.3106
-4.40544
-4.47437
-4.51701
-4.53261
-4.52235
-4.4844
-4.43233
-4.36323
-4.29127
-4.1712
-4.08634
-3.87116
-3.84495
-3.40376
-3.67712
-2.59984
-3.92412
-0.926879
-5.64398
5.20003
5.22972
5.26123
5.29413
5.32874
5.36502
5.40309
5.443
5.48483
5.52865
5.57454
5.62257
5.67281
5.72534
5.78022
5.83752
5.89732
5.95966
6.02461
6.09222
6.16253
6.23557
6.31137
6.38993
6.47126
6.55534
6.64212
6.73155
6.82357
6.91806
7.01488
7.11387
7.21484
7.31755
7.42172
7.52705
7.63316
7.73964
7.84604
7.95187
8.05654
8.15946
8.25996
8.35734
8.45084
8.53967
8.623
8.69996
8.76967
8.83124
8.88376
8.92635
8.95815
8.97831
8.98608
8.98074
8.96169
8.92841
8.88052
8.81778
8.7401
8.64759
8.54055
8.41949
8.28516
8.13822
7.98128
7.83685
7.70479
7.56206
7.40812
7.24453
7.07082
6.90078
6.6894
6.61461
6.12832
6.8785
4.30872
10.0774
4.66555
4.63354
4.59921
4.56402
4.52717
4.48805
4.44664
4.403
4.35697
4.3084
4.25722
4.20353
4.14737
4.08823
4.02557
3.95976
3.89185
3.82257
3.75191
3.67938
3.6041
3.52502
3.44075
3.34934
3.24895
3.13905
3.02032
2.89357
2.75964
2.61957
2.47352
2.32063
2.16019
1.99209
1.81646
1.63334
1.44267
1.24446
1.03882
0.825927
0.606057
0.379563
0.146907
-0.0913222
-0.33443
-0.581583
-0.831803
-1.08397
-1.33681
-1.58895
-1.83883
-2.08477
-2.32499
-2.55761
-2.78071
-2.99234
-3.19051
-3.37328
-3.5388
-3.68536
-3.81139
-3.91553
-3.99662
-4.05402
-4.08671
-4.09549
-4.07824
-4.04522
-3.9941
-3.94063
-3.842
-3.77641
-3.58833
-3.57636
-3.17576
-3.44258
-2.44172
-3.70257
-0.862726
-5.40624
4.69259
4.7187
4.74639
4.77534
4.80579
4.83774
4.87127
4.90644
4.94333
4.98201
5.02253
5.06498
5.10942
5.15592
5.20455
5.25538
5.30847
5.36389
5.4217
5.48196
5.54471
5.61
5.67787
5.74834
5.82143
5.89715
5.97548
6.05641
6.13989
6.22585
6.3142
6.40482
6.4976
6.59234
6.68883
6.78684
6.88607
6.9862
7.08686
7.18763
7.28804
7.38757
7.48566
7.58168
7.67497
7.76483
7.85048
7.93114
8.00598
8.07415
8.13479
8.18702
8.22996
8.2628
8.28472
8.29493
8.29279
8.27768
8.24908
8.20668
8.15025
8.07968
7.99516
7.89702
7.78582
7.66208
7.52812
7.40323
7.28809
7.16281
7.02679
6.88132
6.72646
6.57298
6.38533
6.31193
5.88427
6.55813
4.1816
9.67796
4.22508
4.19731
4.16752
4.13697
4.105
4.07109
4.03521
3.9974
3.95753
3.91547
3.87115
3.82461
3.77599
3.72524
3.67148
3.61271
3.54731
3.47554
3.39914
3.31998
3.23955
3.15926
3.08075
3.00543
2.93276
2.85952
2.78077
2.69111
2.58603
2.46451
2.33106
2.19209
2.05013
1.90392
1.75142
1.59173
1.42497
1.25148
1.07149
0.885067
0.692301
0.493385
0.288649
0.0785363
-0.136453
-0.355664
-0.578353
-0.803644
-1.03049
-1.2578
-1.48426
-1.70846
-1.92888
-2.14392
-2.35187
-2.55096
-2.73939
-2.91535
-3.07705
-3.22284
-3.3511
-3.46041
-3.54946
-3.61741
-3.66303
-3.6869
-3.68664
-3.66954
-3.63396
-3.59626
-3.51714
-3.46766
-3.30625
-3.30371
-2.94712
-3.19803
-2.28508
-3.46452
-0.807077
-5.14532
4.24863
4.27142
4.29558
4.32085
4.34744
4.37536
4.40467
4.43543
4.46772
4.50159
4.53711
4.57434
4.61335
4.6542
4.69697
4.74171
4.78849
4.83739
4.88845
4.94174
4.99731
5.05521
5.1155
5.17821
5.24337
5.31101
5.38111
5.45367
5.5287
5.60619
5.68603
5.76816
5.85248
5.9389
6.02723
6.11726
6.20881
6.30163
6.39541
6.48979
6.5844
6.67878
6.77248
6.86499
6.95568
7.04397
7.12916
7.21054
7.28737
7.35884
7.42416
7.48251
7.53299
7.57481
7.60719
7.62928
7.6404
7.63991
7.62714
7.60174
7.56337
7.51173
7.44688
7.36903
7.27855
7.17584
7.06288
6.95607
6.85671
6.74775
6.62866
6.50047
6.36362
6.22621
6.06205
5.98843
5.62601
6.20747
4.06297
9.23035
3.69605
3.67289
3.64798
3.62238
3.59561
3.56724
3.53723
3.50558
3.47222
3.43706
3.39995
3.36074
3.31932
3.27561
3.22984
3.18246
3.13346
3.08203
3.02751
2.97036
2.91169
2.85206
2.79095
2.72741
2.6605
2.58911
2.51151
2.42632
2.33416
2.23633
2.13243
2.02149
1.90397
1.78111
1.6532
1.51994
1.38093
1.23602
1.08518
0.928525
0.766138
0.598145
0.424721
0.246143
0.0627276
-0.12506
-0.316702
-0.511567
-0.708887
-0.907819
-1.10737
-1.30641
-1.50374
-1.69802
-1.88783
-2.07161
-2.24779
-2.41474
-2.57081
-2.71436
-2.8438
-2.95766
-3.05453
-3.13332
-3.19269
-3.23272
-3.25124
-3.25138
-3.2338
-3.21264
-3.15755
-3.12293
-2.99736
-2.99705
-2.70328
-2.91877
-2.12904
-3.18983
-0.76974
-4.85345
3.71583
3.73504
3.75538
3.77668
3.79911
3.82266
3.84739
3.8734
3.90068
3.92934
3.95942
3.99096
4.02404
4.05873
4.09508
4.13312
4.17297
4.21466
4.25826
4.30381
4.35139
4.40107
4.45288
4.50684
4.56304
4.62149
4.68222
4.74524
4.81058
4.87825
4.9482
5.02038
5.09477
5.17134
5.24992
5.33038
5.41261
5.49646
5.58168
5.66801
5.75516
5.84276
5.93052
6.01799
6.10467
6.19009
6.27366
6.35472
6.43271
6.50685
6.57646
6.6408
6.69897
6.75024
6.79389
6.82905
6.85493
6.87091
6.87624
6.87043
6.853
6.82358
6.78204
6.72837
6.66271
6.58541
6.49795
6.41323
6.33328
6.24452
6.1465
6.03997
5.92581
5.80878
5.67561
5.59987
5.32903
5.77783
3.95748
8.68205
3.14932
3.13102
3.11135
3.0911
3.06994
3.04751
3.02379
2.99878
2.97243
2.94466
2.91534
2.88434
2.85163
2.81727
2.78155
2.74513
2.70873
2.67287
2.63704
2.59963
2.5589
2.51397
2.46453
2.41017
2.35023
2.2846
2.21416
2.14011
2.0633
1.98423
1.90272
1.81718
1.72557
1.62754
1.52439
1.41707
1.30544
1.18902
1.06749
0.940844
0.809104
0.672374
0.53071
0.384247
0.233163
0.0777039
-0.0817763
-0.244885
-0.411106
-0.579832
-0.750361
-0.921906
-1.09351
-1.26414
-1.43268
-1.59787
-1.75837
-1.91278
-2.05963
-2.19742
-2.32462
-2.43981
-2.5415
-2.62852
-2.69934
-2.75377
-2.78951
-2.80658
-2.80587
-2.80255
-2.76913
-2.75465
-2.65735
-2.67521
-2.42164
-2.64297
-1.91926
-2.95237
-0.656902
-4.66821
3.16509
3.18048
3.19677
3.21385
3.23185
3.25075
3.27063
3.29155
3.31352
3.33662
3.36088
3.38634
3.41308
3.44117
3.47061
3.50148
3.53386
3.56779
3.60334
3.64055
3.67946
3.7202
3.76276
3.80718
3.85356
3.90192
3.95232
4.00478
4.05932
4.11599
4.17478
4.23567
4.29871
4.36387
4.43105
4.50021
4.57129
4.64417
4.71872
4.79477
4.87212
4.95054
5.0298
5.10954
5.18946
5.26917
5.3482
5.42602
5.50218
5.57607
5.64705
5.71452
5.77771
5.83591
5.88844
5.93451
5.97333
6.00422
6.02643
6.03935
6.04243
6.03521
6.01737
5.98868
5.94911
5.89883
5.839
5.7785
5.71998
5.65385
5.5796
5.49782
5.40956
5.3179
5.217
5.15427
4.9534
5.35227
3.70301
8.32923
2.68677
2.67213
2.65639
2.64018
2.62323
2.60527
2.58625
2.5662
2.54509
2.52283
2.49935
2.47456
2.44844
2.42088
2.3918
2.36115
2.32888
2.29503
2.25975
2.22315
2.18481
2.14386
2.09977
2.05305
2.00481
1.95583
1.90603
1.85482
1.80122
1.74365
1.68077
1.61244
1.53928
1.46141
1.37864
1.29134
1.20026
1.10556
1.00692
0.903997
0.796684
0.68502
0.569042
0.448843
0.324504
0.196154
0.0640059
-0.0716956
-0.210597
-0.352295
-0.496288
-0.642012
-0.788763
-0.935768
-1.08216
-1.22694
-1.36905
-1.50732
-1.64052
-1.76736
-1.88647
-1.99654
-2.09619
-2.18424
-2.25917
-2.32065
-2.36634
-2.39428
-2.40517
-2.4146
-2.39746
-2.39874
-2.32403
-2.35806
-2.13705
-2.36844
-1.69708
-2.72111
-0.521933
-4.49423
2.69951
2.71199
2.72518
2.73902
2.7536
2.76895
2.7851
2.80206
2.81992
2.83869
2.85841
2.87912
2.90089
2.92376
2.94775
2.97294
2.99937
3.02709
3.05618
3.08664
3.11852
3.15192
3.18688
3.22342
3.26164
3.30153
3.34316
3.3866
3.43184
3.47892
3.5279
3.57875
3.63154
3.68625
3.74284
3.80129
3.8616
3.92366
3.98742
4.05278
4.11961
4.18777
4.25706
4.32724
4.39813
4.46942
4.54074
4.61173
4.68199
4.75111
4.81849
4.88367
4.94603
5.00494
5.05981
5.10993
5.15459
5.19315
5.22489
5.2492
5.26553
5.2733
5.27213
5.2617
5.24182
5.21255
5.17477
5.13411
5.09348
5.04656
4.99285
4.9329
4.86779
4.79972
4.72816
4.68077
4.5423
4.91407
3.40613
7.9832
2.26519
2.25342
2.24079
2.22776
2.21413
2.19969
2.18441
2.16829
2.15132
2.13342
2.11454
2.09461
2.07361
2.05146
2.02809
2.00345
1.97748
1.95011
1.92132
1.89115
1.85976
1.82722
1.79317
1.75679
1.71759
1.67614
1.63351
1.59031
1.54643
1.50111
1.45318
1.40127
1.34465
1.28363
1.21854
1.14919
1.07561
0.998468
0.918298
0.834965
0.748107
0.657528
0.563192
0.465175
0.363554
0.25841
0.149861
0.038053
-0.0767804
-0.194374
-0.314356
-0.436345
-0.55982
-0.684198
-0.80884
-0.932964
-1.05574
-1.17624
-1.29347
-1.40635
-1.51371
-1.61443
-1.70728
-1.79119
-1.86474
-1.92754
-1.97733
-2.01105
-2.02908
-2.04672
-2.04131
-2.05379
-1.99747
-2.04325
-1.85208
-2.08851
-1.47039
-2.47715
-0.38336
-4.28443
2.27547
2.28554
2.29622
2.30741
2.31921
2.33165
2.34472
2.35846
2.37293
2.38815
2.40415
2.42096
2.43865
2.45723
2.47674
2.49725
2.51878
2.54137
2.56509
2.58995
2.61601
2.64332
2.67194
2.70191
2.73326
2.76604
2.80029
2.83608
2.8734
2.91233
2.95288
2.99507
3.03895
3.08451
3.13174
3.18067
3.23127
3.28349
3.33732
3.39268
3.4495
3.50768
3.56708
3.62756
3.68896
3.75107
3.81363
3.87635
3.93894
4.00106
4.06227
4.12219
4.18035
4.23619
4.28925
4.33891
4.38457
4.42568
4.4616
4.49173
4.51558
4.53257
4.54229
4.54442
4.53867
4.52501
4.50411
4.47913
4.45292
4.4218
4.38533
4.34407
4.29908
4.25228
4.20692
4.17498
4.09463
4.44015
3.0848
7.54536
1.87163
1.86236
1.85241
1.84215
1.8314
1.82002
1.80799
1.79529
1.78192
1.76782
1.75295
1.73726
1.72072
1.70327
1.68487
1.66547
1.64502
1.62346
1.60074
1.57681
1.55167
1.52536
1.49804
1.4697
1.43989
1.40785
1.37323
1.33667
1.29925
1.26153
1.22323
1.18354
1.14126
1.09535
1.0455
0.991999
0.934873
0.874019
0.809874
0.74311
0.673867
0.60185
0.526757
0.4485
0.367118
0.28269
0.1953
0.105028
0.012012
-0.0835655
-0.181463
-0.281394
-0.383003
-0.485855
-0.589469
-0.693266
-0.796595
-0.898744
-0.998909
-1.09623
-1.18974
-1.27851
-1.36149
-1.43775
-1.50604
-1.56599
-1.61548
-1.65101
-1.67263
-1.69477
-1.69718
-1.71704
-1.6751
-1.72893
-1.56374
-1.80166
-1.23408
-2.21821
-0.23325
-4.04007
1.87975
1.88773
1.8962
1.90507
1.91443
1.92428
1.93465
1.94556
1.95704
1.96913
1.98185
1.99523
2.00929
2.02408
2.03963
2.05598
2.07314
2.09117
2.1101
2.12998
2.15085
2.17272
2.19566
2.2197
2.24489
2.27126
2.29884
2.32769
2.35784
2.38933
2.42218
2.45643
2.49211
2.52924
2.56781
2.60784
2.64936
2.69234
2.73675
2.78257
2.82973
2.87821
2.92789
2.9787
3.03049
3.08313
3.13646
3.19025
3.24425
3.29823
3.35188
3.40486
3.45684
3.50734
3.556
3.60236
3.64587
3.68608
3.72246
3.75449
3.78171
3.80362
3.8198
3.82997
3.83384
3.83133
3.8229
3.80988
3.79498
3.77647
3.75403
3.72827
3.70017
3.67175
3.64861
3.63094
3.60151
3.92033
2.71579
7.0248
1.50992
1.50277
1.4951
1.48717
1.47886
1.47008
1.46079
1.45098
1.44065
1.42976
1.41826
1.40614
1.39335
1.37986
1.36563
1.35064
1.33482
1.31813
1.30053
1.28198
1.26244
1.24187
1.2203
1.1978
1.17445
1.15023
1.12461
1.09681
1.06672
1.03515
1.0031
0.970922
0.938175
0.903985
0.867267
0.827335
0.78419
0.737941
0.688507
0.636118
0.581432
0.524833
0.466152
0.405098
0.341525
0.275452
0.206958
0.1361
0.0629423
-0.0124138
-0.0898356
-0.16911
-0.25001
-0.332224
-0.415408
-0.499148
-0.582953
-0.666286
-0.748536
-0.829034
-0.907031
-0.981765
-1.05238
-1.11813
-1.17794
-1.23154
-1.27702
-1.31097
-1.33303
-1.3564
-1.36304
-1.38678
-1.35527
-1.4137
-1.27015
-1.50663
-0.983949
-1.94201
-0.0626685
-3.75734
1.5162
1.52236
1.52888
1.53572
1.54294
1.55054
1.55854
1.56695
1.5758
1.58513
1.59494
1.60526
1.61611
1.62752
1.63952
1.65214
1.6654
1.67931
1.69394
1.7093
1.72543
1.74235
1.7601
1.7787
1.79822
1.81865
1.84003
1.86243
1.88585
1.91034
1.93592
1.96261
1.99047
2.01949
2.04969
2.0811
2.11374
2.14758
2.18265
2.21893
2.25637
2.29497
2.33468
2.37542
2.41711
2.45966
2.50297
2.54688
2.59122
2.63581
2.68041
2.72479
2.7687
2.81177
2.85371
2.89418
2.93275
2.96903
3.00259
3.03306
3.05999
3.08299
3.10171
3.11586
3.12521
3.12969
3.12959
3.12504
3.11834
3.10919
3.0974
3.08363
3.06875
3.05515
3.04942
3.04335
3.05598
3.34722
2.28104
6.42039
1.13198
1.12672
1.12106
1.1152
1.10908
1.1026
1.09576
1.08854
1.08093
1.07291
1.06445
1.05553
1.04613
1.03622
1.02578
1.01477
1.00317
0.990937
0.978047
0.964468
0.950148
0.935065
0.919201
0.902554
0.885161
0.867099
0.848459
0.829087
0.808361
0.785643
0.761093
0.735677
0.710262
0.684994
0.659365
0.632526
0.603688
0.572488
0.538868
0.502674
0.463915
0.423072
0.380596
0.336381
0.290066
0.241464
0.19063
0.137724
0.0828977
0.026251
-0.0321164
-0.0920636
-0.15341
-0.215931
-0.27937
-0.343426
-0.407748
-0.47194
-0.535563
-0.598135
-0.659102
-0.717897
-0.773872
-0.826492
-0.874865
-0.918873
-0.956849
-0.986032
-1.00558
-1.02707
-1.03455
-1.05875
-1.03382
-1.09334
-0.96692
-1.19833
-0.715435
-1.63899
0.130972
-3.39486
1.13664
1.14122
1.14607
1.15117
1.15654
1.16222
1.16819
1.17447
1.1811
1.18808
1.19542
1.20315
1.21129
1.21986
1.22889
1.23839
1.24837
1.25887
1.26992
1.28153
1.29371
1.30652
1.31998
1.3341
1.34892
1.36445
1.38072
1.39778
1.41563
1.43432
1.45384
1.47423
1.49553
1.51773
1.54084
1.56491
1.58993
1.61589
1.6428
1.67068
1.69947
1.72918
1.75976
1.79117
1.82338
1.8563
1.88988
1.924
1.95855
1.9934
2.02838
2.06336
2.09812
2.13244
2.16609
2.19883
2.23034
2.26036
2.28854
2.31462
2.33825
2.35911
2.37699
2.39161
2.40277
2.41047
2.41488
2.41541
2.41406
2.41121
2.4068
2.40149
2.3959
2.39266
2.39802
2.39765
2.43986
2.70099
1.74946
5.67244
0.828194
0.824599
0.820743
0.816761
0.812592
0.808171
0.803491
0.798562
0.793361
0.787854
0.78205
0.775927
0.769456
0.762633
0.755438
0.747832
0.739802
0.731337
0.722404
0.712972
0.70302
0.692521
0.681437
0.66975
0.657464
0.64459
0.631177
0.617323
0.603055
0.588039
0.571554
0.553182
0.533434
0.513324
0.493362
0.473197
0.452
0.428934
0.403666
0.37639
0.347287
0.316377
0.284175
0.251424
0.218321
0.184513
0.149558
0.113255
0.0756183
0.0367336
-0.00331772
-0.0444685
-0.0866335
-0.129695
-0.173497
-0.217856
-0.26254
-0.307286
-0.351795
-0.395746
-0.43875
-0.480427
-0.52032
-0.558087
-0.593049
-0.625227
-0.653251
-0.675417
-0.69023
-0.707436
-0.712992
-0.734863
-0.713063
-0.770837
-0.656847
-0.879838
-0.431409
-1.30539
0.340449
-2.90392
0.83133
0.834365
0.837591
0.840969
0.844524
0.848261
0.852187
0.85632
0.860672
0.865244
0.87004
0.875078
0.880379
0.885952
0.891803
0.897937
0.90438
0.911157
0.918265
0.925716
0.933526
0.941724
0.950336
0.95935
0.968792
0.978687
0.989055
0.999906
1.01126
1.02315
1.03558
1.04857
1.06214
1.0763
1.09106
1.10647
1.12253
1.13923
1.15659
1.17462
1.19331
1.21265
1.23264
1.25326
1.27448
1.29627
1.31858
1.34136
1.36454
1.38803
1.41173
1.43555
1.45933
1.48296
1.50628
1.52909
1.55121
1.57245
1.5926
1.61146
1.6288
1.6444
1.65814
1.6698
1.67928
1.68659
1.69185
1.69455
1.69551
1.6955
1.69464
1.69358
1.69277
1.69537
1.70666
1.70723
1.7654
1.99434
1.13368
4.71577
0.34168
0.339298
0.336722
0.334049
0.331251
0.328289
0.325156
0.32185
0.318358
0.314665
0.310768
0.306652
0.302295
0.297685
0.292819
0.287664
0.282199
0.276411
0.270275
0.26376
0.256843
0.249492
0.241667
0.233327
0.224437
0.214962
0.204862
0.194071
0.182425
0.169741
0.155867
0.140688
0.124767
0.110513
0.102406
0.105175
0.121121
0.14861
0.182134
0.213656
0.235162
0.24138
0.231413
0.208828
0.179909
0.150182
0.122043
0.0953548
0.0692282
0.0431216
0.0169656
-0.00912313
-0.0350671
-0.0608463
-0.0864519
-0.111861
-0.137022
-0.161864
-0.186291
-0.2102
-0.233438
-0.255857
-0.277249
-0.2975
-0.316187
-0.333508
-0.348389
-0.360566
-0.36806
-0.378349
-0.37919
-0.395794
-0.374444
-0.425829
-0.324979
-0.523363
-0.135757
-0.874273
0.485217
-2.03261
0.343814
0.345942
0.348209
0.35059
0.353106
0.355756
0.35854
0.361486
0.364604
0.367885
0.371333
0.374966
0.378802
0.382843
0.38709
0.391556
0.396259
0.401217
0.406413
0.411869
0.417607
0.42363
0.429944
0.436555
0.443477
0.450716
0.458288
0.466189
0.474428
0.483022
0.491961
0.501259
0.510905
0.5209
0.531247
0.541948
0.553001
0.56438
0.576098
0.588139
0.600474
0.613098
0.626009
0.63918
0.652577
0.666193
0.67998
0.693911
0.707949
0.722039
0.736153
0.750218
0.764188
0.777991
0.791574
0.804849
0.817733
0.830177
0.842045
0.85324
0.863637
0.873133
0.881664
0.889066
0.895316
0.900432
0.904513
0.906929
0.908744
0.910508
0.912362
0.914497
0.916225
0.919278
0.926387
0.912453
0.950743
1.13791
0.36816
3.23057
0.3029
0.302865
0.302855
0.302849
0.302832
0.30281
0.302784
0.302751
0.302711
0.30267
0.302633
0.302597
0.30256
0.302526
0.302507
0.302508
0.302531
0.302588
0.302688
0.30285
0.303094
0.303445
0.303937
0.304593
0.305403
0.306304
0.3072
0.308148
0.309655
0.313058
0.320619
0.33474
0.356024
0.380854
0.400416
0.402859
0.377774
0.320689
0.235737
0.135969
0.040439
-0.032058
-0.0707404
-0.0775479
-0.0647067
-0.0464126
-0.0314868
-0.0220339
-0.0165694
-0.0133356
-0.0115768
-0.0112454
-0.0123878
-0.0149076
-0.0185983
-0.0232515
-0.0286747
-0.0346916
-0.041126
-0.0478227
-0.0546273
-0.0614194
-0.0680549
-0.0745051
-0.0805293
-0.0864218
-0.0915176
-0.0966785
-0.0989009
-0.103599
-0.101707
-0.112261
-0.0958657
-0.132102
-0.0639272
-0.193493
0.046173
-0.376178
0.390557
-0.878377
0.302908
0.302874
0.302827
0.30276
0.302677
0.302578
0.302449
0.302298
0.302122
0.301917
0.301677
0.3014
0.301088
0.300734
0.300335
0.299887
0.299388
0.298841
0.298231
0.297562
0.296837
0.296047
0.295188
0.294264
0.293274
0.292217
0.291099
0.289916
0.288673
0.287381
0.286041
0.284663
0.283248
0.281814
0.280373
0.278932
0.277506
0.276108
0.274764
0.273479
0.272261
0.271129
0.270105
0.269192
0.268405
0.26776
0.267256
0.266904
0.266706
0.266672
0.266802
0.267074
0.267476
0.267966
0.268515
0.269068
0.269591
0.270074
0.270461
0.270743
0.270914
0.270978
0.270952
0.270833
0.270721
0.270576
0.270537
0.271868
0.27113
0.269068
0.265939
0.262485
0.259611
0.261175
0.271817
0.275222
0.309416
0.409822
0.00585881
1.35223
)
;

boundaryField
{
    inlet
    {
        type            freestreamPressure;
        freestreamValue uniform 0;
        value           nonuniform List<scalar> 
134
(
0.742676
0.044562
-0.682825
-1.31231
-1.76499
-2.03875
-2.0806
-1.88653
-1.46114
-0.682079
-0.125425
-0.202954
-0.33951
-0.468312
-0.598716
-0.73538
-0.879537
-1.03193
-1.1947
-1.37173
1.42529
-1.56836
-1.78732
-2.01849
-2.23579
-2.39288
-2.46918
-2.6039
-2.60731
-2.65881
-3.17464
-2.91866
-2.92959
-2.98656
-3.0289
-3.04998
-3.07037
-3.12302
-3.25494
-3.41481
2.06899
2.73278
3.29649
3.6086
3.55804
2.95268
1.59351
-3.76574
-3.68367
-3.55532
-3.47223
-3.4108
-3.34189
-3.26414
-3.18451
-3.105
-3.02449
-2.94196
-2.85741
-2.77087
-2.68185
-2.58946
-2.49217
-2.38735
-2.27225
-2.1434
-2.06162
-1.98476
-1.89202
-1.78396
-1.65888
-1.49854
-1.28145
-0.896632
-0.387255
0.552189
1.2222
1.96429
2.69715
3.40918
4.08382
4.65609
5.09348
5.40652
5.60552
5.7175
5.77254
5.79688
5.81174
5.84811
5.9556
6.15322
6.36837
6.54483
6.68956
6.81491
6.92319
7.01051
7.07492
7.11765
7.14251
7.15855
7.18412
7.26566
7.47352
7.92325
8.11284
7.92179
7.7021
7.56147
7.44622
7.31512
7.17161
7.02637
6.88054
6.7312
6.57668
6.41624
6.24892
6.07288
5.88529
5.68248
5.45758
5.20553
4.89672
4.69825
4.50374
4.25755
3.96476
3.6247
3.20359
2.66448
1.82618
0.764984
)
;
    }
    outlet
    {
        type            freestreamPressure;
        freestreamValue uniform 0;
        value           nonuniform List<scalar> 
160
(
0.000904511
0.000904602
0.000904338
0.000904574
0.00090423
0.000904516
0.000904129
0.000904399
0.00090399
0.000904245
0.000903829
0.000904046
0.000903652
0.000903766
0.00090345
0.000903426
0.000903218
0.000903022
0.000902979
0.000902536
0.000902742
0.000901957
0.0009025
0.000901275
0.000902247
0.0009005
0.000901995
0.000899611
0.000901779
0.000898598
0.000901609
0.000897452
0.000901496
0.000896167
0.000901472
0.000894753
0.000901563
0.000893165
0.000901826
0.000891417
0.000902315
0.000889523
0.000903099
0.000887448
0.000904291
0.000885188
0.000905968
0.000882756
0.000908128
0.000880152
0.000910604
0.000877367
0.000913088
0.000874427
0.000915621
0.00087132
0.000919456
0.000868061
0.00092826
0.000864689
0.000948547
0.000861204
0.00098757
0.000857641
0.00104775
0.000854005
0.00111964
0.000850352
0.00117863
0.00084672
0.00119031
0.000843137
0.00112231
0.000839649
0.000958036
0.000836297
0.000706981
0.000833166
0.000408154
0.000830276
0.000121125
0.000827655
-9.56018e-05
0.000825372
-0.000209883
0.000823493
-0.000229064
0.000822041
-0.000190575
0.000821064
-0.000136513
0.000820625
-9.25902e-05
0.00082073
-6.48092e-05
0.000821424
-4.87509e-05
0.000822728
-3.92449e-05
0.000824682
-3.40747e-05
0.00082731
-3.31053e-05
0.000830551
-3.64775e-05
0.000834392
-4.39116e-05
0.000838724
-5.48055e-05
0.000843469
-6.85537e-05
0.000848479
-8.45991e-05
0.000853665
-0.000102434
0.000859015
-0.000121554
0.000864375
-0.000141517
0.000869732
-0.000161885
0.000875082
-0.000182319
0.000880461
-0.000202414
0.00088595
-0.000222099
0.000891551
-0.000240684
0.00089762
-0.000259045
0.000904069
-0.000275254
0.00091139
-0.000291663
0.000922709
-0.000299357
0.00092643
-0.000314483
0.000926344
-0.000310336
0.000923274
-0.000343259
0.000919794
-0.000296006
0.000919157
-0.00040654
0.000935208
-0.000201426
0.000985542
-0.000594682
0.00101321
0.000151676
0.00115607
-0.0011197
0.00155897
0.00141853
2.34831e-05
-0.00227726
0.00500605
)
;
    }
    walls
    {
        type            zeroGradient;
    }
    frontAndBack
    {
        type            empty;
    }
}


// ************************************************************************* //
