/*--------------------------------*- C++ -*----------------------------------*\
| =========                 |                                                 |
| \\      /  F ield         | OpenFOAM: The Open Source CFD Toolbox           |
|  \\    /   O peration     | Version:  2312                                  |
|   \\  /    A nd           | Website:  www.openfoam.com                      |
|    \\/     M anipulation  |                                                 |
\*---------------------------------------------------------------------------*/
FoamFile
{
    version     2.0;
    format      ascii;
    arch        "LSB;label=32;scalar=64";
    class       volScalarField;
    location    "0.01";
    object      p_rgh;
}
// * * * * * * * * * * * * * * * * * * * * * * * * * * * * * * * * * * * * * //

dimensions      [1 -1 -2 0 0 0 0];

internalField   nonuniform List<scalar> 
6000
(
108204
108194
108182
108171
108161
108152
108145
108140
108135
108131
108128
108126
108125
108124
108123
108123
108124
108125
108126
108128
108131
108135
108140
108145
108152
108161
108171
108182
108194
108204
108088
108087
108081
108073
108064
108057
108050
108045
108041
108037
108035
108032
108031
108030
108030
108030
108030
108031
108032
108035
108037
108041
108045
108050
108057
108064
108073
108081
108087
108088
107969
107971
107970
107965
107960
107954
107948
107944
107940
107937
107935
107933
107931
107931
107930
107930
107931
107931
107933
107935
107937
107940
107944
107948
107954
107960
107965
107970
107971
107969
107842
107843
107843
107841
107838
107834
107830
107827
107824
107821
107819
107817
107816
107815
107815
107815
107815
107816
107817
107819
107821
107824
107827
107830
107834
107838
107841
107843
107843
107842
107714
107715
107715
107715
107713
107710
107708
107705
107703
107701
107699
107698
107697
107696
107696
107696
107697
107697
107698
107699
107701
107703
107705
107708
107710
107713
107715
107715
107715
107714
107589
107590
107590
107590
107589
107588
107587
107585
107583
107582
107581
107580
107579
107579
107578
107578
107579
107579
107580
107581
107582
107583
107585
107587
107588
107589
107590
107590
107590
107589
107466
107467
107468
107468
107468
107468
107467
107466
107466
107465
107464
107463
107463
107462
107462
107462
107462
107463
107463
107464
107465
107466
107467
107467
107468
107468
107468
107468
107467
107466
107346
107347
107348
107349
107350
107350
107350
107350
107349
107349
107349
107348
107348
107348
107348
107348
107348
107348
107348
107349
107349
107350
107350
107350
107350
107350
107349
107348
107347
107346
107228
107230
107231
107232
107234
107234
107235
107235
107235
107235
107235
107235
107235
107235
107235
107235
107235
107235
107235
107235
107235
107235
107235
107235
107234
107234
107232
107231
107230
107228
107113
107115
107116
107118
107120
107121
107122
107123
107123
107123
107124
107124
107124
107124
107124
107124
107124
107124
107124
107123
107123
107123
107122
107122
107121
107120
107118
107116
107114
107113
107000
107002
107004
107006
107008
107009
107011
107012
107012
107013
107013
107014
107014
107014
107014
107014
107014
107014
107014
107013
107013
107012
107011
107010
107009
107008
107006
107004
107002
107000
106890
106892
106894
106896
106898
106900
106901
106903
106904
106904
106905
106905
106906
106906
106906
106906
106906
106906
106905
106905
106904
106903
106902
106901
106900
106898
106896
106894
106892
106890
106782
106784
106786
106788
106791
106793
106794
106796
106797
106798
106798
106799
106799
106800
106800
106800
106800
106799
106799
106798
106798
106797
106796
106794
106792
106790
106788
106786
106784
106782
106677
106679
106681
106683
106686
106688
106689
106691
106692
106693
106694
106695
106695
106695
106696
106696
106695
106695
106695
106694
106693
106692
106691
106689
106687
106685
106683
106681
106679
106677
106574
106576
106578
106581
106583
106585
106587
106589
106590
106591
106592
106593
106593
106594
106594
106594
106594
106593
106593
106592
106591
106590
106589
106587
106585
106583
106580
106578
106576
106574
106474
106476
106478
106480
106483
106485
106487
106489
106490
106491
106492
106493
106493
106494
106494
106494
106494
106494
106493
106492
106491
106490
106488
106487
106484
106483
106480
106478
106476
106474
106377
106379
106381
106383
106385
106387
106389
106390
106392
106393
106394
106395
106395
106395
106396
106396
106396
106395
106395
106394
106393
106392
106391
106389
106387
106386
106384
106381
106379
106377
106283
106284
106287
106289
106291
106293
106295
106297
106298
106299
106300
106301
106302
106302
106302
106302
106302
106302
106301
106300
106299
106298
106297
106295
106293
106291
106289
106287
106285
106283
106191
106193
106195
106197
106200
106202
106203
106205
106207
106208
106209
106210
106210
106211
106211
106211
106211
106210
106210
106209
106208
106207
106205
106204
106202
106200
106197
106195
106193
106191
106102
106104
106106
106108
106111
106113
106115
106116
106118
106119
106120
106121
106121
106122
106122
106122
106122
106121
106121
106120
106119
106118
106116
106115
106113
106111
106108
106106
106104
106102
106016
106017
106020
106022
106024
106026
106028
106030
106031
106033
106034
106034
106035
106035
106036
106036
106035
106035
106034
106034
106033
106031
106030
106029
106027
106025
106022
106020
106017
106016
105932
105934
105936
105938
105941
105943
105945
105946
105948
105949
105950
105951
105951
105952
105952
105952
105952
105951
105951
105950
105949
105948
105946
105945
105943
105941
105938
105936
105934
105932
105852
105854
105856
105858
105860
105863
105864
105866
105867
105868
105869
105870
105870
105871
105871
105871
105871
105870
105870
105869
105868
105867
105866
105864
105863
105860
105858
105856
105854
105852
105774
105776
105778
105780
105782
105784
105787
105788
105789
105790
105791
105792
105792
105793
105793
105793
105793
105792
105792
105791
105790
105789
105788
105787
105784
105781
105780
105778
105776
105774
105700
105702
105704
105706
105707
105709
105711
105711
105714
105714
105716
105716
105717
105717
105717
105716
105716
105716
105716
105715
105714
105713
105711
105710
105708
105707
105706
105704
105702
105700
105628
105630
105632
105634
105636
105637
105639
105640
105641
105642
105643
105643
105644
105644
105644
105644
105644
105644
105643
105643
105642
105641
105640
105639
105637
105636
105634
105632
105630
105628
105560
105562
105564
105566
105567
105569
105570
105571
105573
105574
105574
105575
105575
105576
105576
105576
105576
105575
105575
105574
105574
105573
105571
105570
105569
105567
105566
105564
105562
105560
105494
105496
105498
105500
105502
105503
105505
105506
105507
105508
105509
105509
105510
105510
105510
105510
105510
105510
105509
105509
105508
105507
105506
105505
105503
105502
105500
105498
105496
105494
105432
105434
105436
105438
105439
105441
105442
105444
105445
105446
105446
105447
105447
105448
105448
105448
105448
105447
105447
105446
105446
105445
105444
105443
105441
105440
105438
105436
105434
105432
105373
105374
105376
105378
105380
105382
105383
105384
105385
105386
105387
105387
105388
105388
105388
105388
105388
105388
105387
105387
105386
105385
105384
105383
105382
105380
105379
105376
105374
105373
105316
105318
105320
105322
105324
105325
105327
105328
105329
105329
105330
105331
105331
105331
105332
105332
105331
105331
105331
105330
105330
105329
105328
105327
105325
105324
105322
105320
105318
105316
105263
105265
105266
105268
105270
105272
105273
105274
105275
105276
105276
105277
105277
105278
105278
105278
105278
105277
105277
105277
105276
105275
105274
105273
105272
105271
105268
105267
105265
105263
105213
105214
105216
105218
105219
105221
105221
105223
105223
105224
105225
105226
105226
105227
105226
105227
105227
105226
105226
105225
105224
105224
105223
105222
105221
105219
105218
105216
105214
105213
105166
105167
105169
105170
105171
105172
105173
105174
105175
105176
105176
105177
105177
105177
105177
105177
105177
105177
105177
105176
105176
105175
105174
105173
105172
105171
105170
105169
105167
105166
105122
105123
105125
105126
105127
105128
105129
105130
105131
105132
105132
105133
105133
105133
105133
105133
105133
105133
105133
105132
105132
105131
105130
105129
105128
105127
105126
105125
105123
105122
105080
105082
105084
105085
105086
105087
105088
105089
105090
105090
105091
105091
105092
105092
105092
105092
105092
105092
105091
105091
105090
105090
105089
105088
105087
105086
105085
105084
105082
105080
105042
105044
105045
105047
105048
105049
105050
105051
105052
105052
105053
105053
105053
105054
105054
105054
105054
105053
105053
105053
105052
105052
105051
105050
105049
105048
105047
105045
105044
105042
105007
105009
105010
105012
105013
105014
105015
105016
105016
105017
105018
105018
105018
105018
105018
105018
105018
105018
105018
105018
105017
105017
105016
105015
105014
105013
105012
105010
105009
105007
104975
104976
104978
104979
104981
104982
104983
104983
104984
104985
104985
104986
104986
104986
104986
104986
104986
104986
104985
104985
104985
104984
104983
104983
104982
104981
104979
104978
104976
104975
104946
104947
104948
104950
104952
104952
104953
104954
104954
104955
104956
104956
104956
104956
104956
104957
104956
104956
104956
104956
104955
104955
104954
104953
104952
104951
104950
104948
104947
104945
104919
104920
104922
104923
104925
104926
104927
104927
104928
104928
104929
104929
104929
104930
104930
104930
104930
104929
104929
104929
104929
104928
104927
104927
104926
104925
104923
104922
104920
104919
104895
104897
104898
104899
104900
104902
104903
104904
104904
104905
104905
104905
104906
104906
104906
104906
104906
104906
104905
104905
104905
104904
104904
104903
104902
104899
104899
104898
104897
104895
104875
104876
104877
104878
104878
104879
104881
104881
104882
104882
104882
104882
104883
104883
104884
104883
104883
104883
104882
104882
104883
104881
104881
104880
104879
104878
104878
104877
104876
104875
104857
104858
104859
104860
104860
104861
104862
104862
104863
104863
104864
104864
104864
104864
104865
104864
104864
104864
104864
104864
104863
104863
104862
104862
104861
104861
104860
104859
104858
104857
104841
104843
104844
104844
104845
104846
104846
104847
104848
104848
104848
104849
104849
104849
104849
104849
104849
104849
104849
104848
104848
104848
104847
104846
104846
104845
104845
104844
104843
104841
104829
104830
104831
104832
104833
104833
104834
104834
104835
104835
104836
104836
104836
104836
104836
104836
104836
104836
104836
104836
104835
104835
104834
104834
104833
104833
104832
104831
104830
104829
104819
104820
104821
104822
104823
104823
104824
104824
104825
104825
104826
104826
104826
104826
104826
104826
104826
104826
104826
104826
104825
104825
104824
104824
104824
104823
104822
104821
104820
104819
104811
104813
104814
104815
104816
104816
104817
104817
104817
104818
104818
104819
104819
104819
104819
104819
104819
104819
104819
104818
104818
104818
104817
104817
104816
104816
104815
104814
104813
104811
104807
104808
104809
104810
104811
104811
104812
104812
104813
104813
104813
104813
104814
104814
104814
104814
104814
104814
104814
104813
104813
104813
104813
104812
104811
104811
104810
104809
104808
104807
104804
104805
104806
104808
104808
104809
104809
104810
104810
104811
104811
104811
104811
104811
104811
104811
104811
104811
104811
104811
104810
104810
104810
104809
104809
104808
104807
104806
104805
104804
104804
104805
104806
104807
104808
104809
104809
104810
104810
104811
104811
104811
104811
104811
104811
104811
104811
104811
104811
104811
104811
104810
104810
104809
104809
104808
104807
104806
104805
104804
104807
104808
104808
104809
104810
104811
104812
104812
104812
104812
104812
104813
104812
104812
104813
104813
104812
104813
104812
104813
104812
104812
104811
104811
104811
104810
104809
104809
104808
104807
104812
104812
104813
104814
104814
104815
104815
104815
104815
104816
104816
104816
104816
104816
104816
104816
104816
104816
104816
104816
104816
104815
104815
104815
104814
104814
104814
104813
104812
104812
104819
104819
104820
104821
104821
104821
104822
104822
104822
104823
104823
104823
104823
104823
104823
104823
104823
104823
104823
104823
104823
104822
104822
104822
104821
104821
104821
104820
104819
104819
104828
104829
104830
104830
104830
104831
104831
104831
104832
104832
104832
104832
104832
104833
104833
104833
104832
104832
104832
104832
104832
104832
104831
104831
104831
104830
104830
104830
104829
104828
104839
104840
104841
104841
104842
104842
104843
104843
104843
104843
104844
104844
104844
104844
104844
104844
104844
104844
104844
104844
104843
104843
104843
104842
104842
104842
104841
104841
104840
104839
104853
104854
104854
104855
104855
104856
104856
104857
104857
104857
104857
104857
104857
104858
104858
104858
104857
104858
104857
104857
104857
104857
104856
104856
104856
104855
104855
104854
104854
104853
104869
104869
104870
104871
104871
104872
104872
104872
104873
104873
104873
104873
104873
104873
104873
104873
104873
104873
104873
104873
104873
104872
104872
104872
104872
104871
104871
104870
104869
104869
104886
104887
104888
104889
104889
104889
104889
104890
104890
104890
104890
104890
104891
104891
104891
104891
104891
104891
104890
104890
104890
104890
104890
104889
104889
104889
104888
104888
104887
104886
104906
104906
104907
104908
104908
104909
104909
104909
104910
104910
104910
104910
104910
104910
104910
104910
104910
104910
104910
104910
104910
104909
104909
104909
104909
104908
104908
104907
104906
104906
104927
104928
104928
104929
104930
104930
104930
104931
104931
104931
104931
104932
104931
104932
104931
104932
104931
104932
104931
104931
104931
104931
104931
104931
104930
104930
104929
104928
104928
104927
104950
104951
104952
104952
104953
104953
104953
104954
104954
104954
104954
104954
104955
104955
104955
104955
104955
104955
104955
104954
104954
104954
104954
104954
104953
104952
104952
104952
104951
104950
104975
104976
104977
104977
104977
104977
104978
104978
104978
104978
104978
104978
104979
104979
104979
104979
104979
104979
104979
104978
104978
104978
104978
104978
104977
104977
104977
104976
104976
104975
105002
105003
105003
105004
105004
105004
105004
105004
105005
105005
105005
105005
105005
105005
105005
105005
105005
105005
105005
105005
105005
105005
105004
105004
105004
105004
105004
105003
105003
105002
105031
105031
105032
105032
105032
105032
105033
105033
105033
105033
105033
105033
105033
105033
105033
105033
105033
105033
105033
105033
105033
105033
105033
105033
105032
105032
105032
105031
105031
105031
105061
105061
105061
105062
105062
105062
105062
105063
105063
105063
105063
105063
105063
105063
105063
105063
105063
105063
105063
105063
105063
105063
105063
105062
105062
105062
105062
105061
105061
105061
105092
105092
105093
105093
105093
105094
105094
105094
105094
105094
105094
105094
105094
105094
105094
105094
105094
105094
105094
105094
105094
105094
105094
105094
105094
105093
105093
105093
105092
105092
105125
105125
105126
105126
105126
105127
105127
105127
105127
105127
105127
105127
105127
105127
105127
105127
105127
105127
105127
105127
105127
105127
105127
105127
105127
105126
105126
105126
105125
105125
105159
105160
105160
105160
105161
105161
105161
105161
105161
105161
105161
105162
105162
105162
105162
105162
105162
105162
105162
105161
105161
105161
105161
105161
105161
105161
105160
105160
105160
105159
105195
105196
105196
105196
105196
105197
105197
105197
105197
105197
105197
105197
105197
105197
105197
105197
105197
105197
105197
105197
105197
105197
105197
105197
105197
105196
105196
105196
105196
105195
105232
105233
105233
105233
105233
105234
105234
105234
105234
105234
105234
105234
105234
105234
105234
105234
105234
105234
105234
105234
105234
105234
105234
105234
105234
105233
105233
105233
105233
105232
105271
105271
105271
105272
105272
105272
105272
105272
105272
105272
105272
105272
105272
105272
105273
105273
105272
105272
105272
105272
105272
105272
105272
105272
105272
105272
105272
105271
105271
105271
105310
105311
105311
105311
105311
105311
105312
105312
105312
105312
105312
105312
105312
105312
105312
105312
105312
105312
105312
105312
105312
105312
105312
105312
105311
105311
105311
105311
105311
105310
105351
105351
105352
105352
105352
105352
105352
105352
105352
105352
105352
105353
105353
105353
105353
105353
105353
105353
105353
105352
105352
105352
105352
105352
105352
105352
105352
105352
105351
105351
105393
105393
105393
105394
105394
105394
105394
105394
105394
105394
105394
105394
105394
105394
105394
105394
105394
105394
105394
105394
105394
105394
105394
105394
105394
105394
105394
105393
105393
105393
105436
105436
105436
105437
105437
105437
105437
105437
105437
105437
105437
105437
105437
105437
105437
105437
105437
105437
105437
105437
105437
105437
105437
105437
105437
105437
105437
105436
105436
105436
105480
105480
105480
105480
105480
105481
105481
105481
105481
105481
105481
105481
105481
105481
105481
105481
105481
105481
105481
105481
105481
105481
105481
105481
105481
105480
105480
105480
105480
105480
105525
105525
105525
105525
105525
105525
105525
105525
105525
105525
105526
105526
105526
105526
105526
105526
105526
105526
105526
105526
105525
105525
105525
105525
105525
105525
105525
105525
105525
105525
105570
105571
105571
105571
105571
105571
105571
105571
105571
105571
105571
105571
105571
105571
105571
105571
105571
105571
105571
105571
105571
105571
105571
105571
105571
105571
105571
105571
105571
105570
105617
105617
105617
105617
105618
105618
105618
105618
105618
105618
105618
105618
105618
105618
105618
105618
105618
105618
105618
105618
105618
105618
105618
105618
105618
105618
105617
105617
105617
105617
105664
105665
105665
105665
105665
105665
105665
105665
105665
105665
105665
105665
105665
105665
105665
105665
105665
105665
105665
105665
105665
105665
105665
105665
105665
105665
105665
105665
105665
105664
105713
105713
105713
105713
105713
105713
105713
105713
105713
105713
105713
105713
105713
105713
105713
105713
105713
105713
105713
105713
105713
105713
105713
105713
105713
105713
105713
105713
105713
105713
105762
105762
105762
105762
105762
105762
105762
105762
105762
105762
105762
105762
105762
105762
105762
105762
105762
105762
105762
105762
105762
105762
105762
105762
105762
105762
105762
105762
105762
105762
105811
105811
105811
105811
105811
105811
105811
105811
105811
105811
105811
105811
105811
105811
105811
105811
105811
105811
105811
105811
105811
105811
105811
105811
105811
105811
105811
105811
105811
105811
105861
105861
105861
105861
105861
105861
105861
105861
105861
105861
105861
105861
105861
105861
105861
105861
105861
105861
105861
105861
105861
105861
105861
105861
105861
105861
105861
105861
105861
105861
105912
105912
105912
105912
105912
105912
105912
105912
105912
105911
105911
105911
105911
105911
105911
105911
105911
105911
105911
105911
105911
105912
105912
105912
105912
105912
105912
105912
105912
105912
105963
105963
105963
105963
105963
105963
105963
105963
105963
105962
105962
105962
105962
105962
105962
105962
105962
105962
105962
105962
105962
105963
105963
105963
105963
105963
105963
105963
105963
105963
106015
106015
106015
106015
106015
106015
106014
106014
106014
106014
106014
106014
106014
106013
106013
106013
106013
106014
106014
106014
106014
106014
106014
106014
106015
106015
106015
106015
106015
106015
106068
106067
106067
106067
106067
106067
106066
106066
106066
106066
106065
106065
106065
106065
106065
106065
106065
106065
106065
106065
106066
106066
106066
106066
106067
106067
106067
106067
106067
106068
106120
106120
106120
106120
106119
106119
106118
106118
106118
106118
106117
106117
106117
106117
106117
106117
106117
106117
106117
106117
106118
106118
106118
106118
106119
106119
106120
106120
106120
106120
106173
106173
106173
106172
106172
106171
106171
106170
106170
106169
106169
106169
106169
106169
106169
106169
106169
106169
106169
106169
106169
106170
106170
106171
106171
106172
106172
106173
106173
106173
106226
106226
106225
106225
106224
106223
106222
106222
106221
106221
106221
106221
106220
106220
106220
106220
106220
106220
106221
106221
106221
106221
106222
106222
106223
106224
106225
106225
106226
106226
106279
106279
106278
106277
106275
106274
106274
106273
106272
106272
106272
106271
106271
106271
106271
106271
106271
106271
106271
106272
106272
106272
106273
106274
106274
106275
106277
106278
106279
106279
106331
106331
106329
106327
106326
106324
106323
106322
106321
106321
106321
106320
106320
106320
106320
106320
106320
106320
106320
106321
106321
106321
106322
106323
106324
106326
106327
106329
106331
106331
106382
106381
106379
106376
106373
106371
106369
106368
106368
106367
106367
106367
106366
106366
106366
106366
106366
106366
106367
106367
106367
106368
106368
106369
106371
106373
106376
106379
106381
106382
106428
106428
106424
106419
106415
106412
106410
106409
106408
106408
106408
106407
106407
106407
106407
106407
106407
106407
106407
106408
106408
106408
106409
106410
106412
106415
106419
106424
106428
106428
106466
106466
106459
106452
106446
106442
106440
106439
106438
106438
106437
106437
106437
106437
106437
106437
106437
106437
106437
106437
106438
106438
106439
106440
106442
106446
106452
106459
106466
106466
106489
106484
106468
106457
106449
106445
106443
106442
106441
106441
106441
106440
106440
106440
106440
106440
106440
106440
106440
106441
106441
106441
106442
106443
106445
106449
106457
106468
106484
106489
106334
106259
106223
106207
106200
106198
106197
106196
106196
106196
106196
106196
106196
106196
106196
106196
106196
106196
106196
106196
106196
106196
106196
106197
106198
106200
106207
106223
106259
106334
105787
105727
105734
105731
105725
105719
105715
105712
105710
105709
105707
105707
105706
105706
105706
105706
105706
105706
105707
105707
105709
105710
105712
105715
105719
105725
105731
105734
105727
105787
101109
101159
101185
101189
101193
101196
101199
101200
101202
101203
101203
101204
101204
101204
101205
101205
101204
101204
101204
101203
101203
101202
101200
101199
101196
101193
101189
101185
101159
101109
100011
100018
100018
100018
100018
100018
100018
100018
100018
100018
100018
100018
100018
100018
100018
100018
100018
100018
100018
100018
100018
100018
100018
100018
100018
100018
100018
100018
100018
100011
99998.3
99998.3
99998.3
99998.3
99998.3
99998.3
99998.3
99998.3
99998.3
99998.3
99998.3
99998.3
99998.3
99998.3
99998.3
99998.3
99998.3
99998.3
99998.3
99998.3
99998.3
99998.3
99998.3
99998.3
99998.3
99998.3
99998.3
99998.3
99998.3
99998.3
99998.3
99998.3
99998.3
99998.3
99998.3
99998.3
99998.3
99998.3
99998.3
99998.3
99998.3
99998.3
99998.3
99998.3
99998.3
99998.3
99998.3
99998.3
99998.3
99998.3
99998.3
99998.3
99998.3
99998.3
99998.3
99998.3
99998.3
99998.3
99998.3
99998.3
99998.3
99998.3
99998.3
99998.3
99998.3
99998.3
99998.3
99998.3
99998.3
99998.3
99998.3
99998.3
99998.3
99998.3
99998.3
99998.3
99998.3
99998.3
99998.3
99998.3
99998.3
99998.3
99998.3
99998.3
99998.3
99998.3
99998.3
99998.3
99998.3
99998.3
99998.3
99998.3
99998.3
99998.3
99998.3
99998.3
99998.3
99998.3
99998.3
99998.3
99998.3
99998.3
99998.3
99998.3
99998.3
99998.3
99998.3
99998.3
99998.3
99998.3
99998.3
99998.3
99998.3
99998.3
99998.3
99998.3
99998.3
99998.3
99998.3
99998.3
99998.3
99998.3
99998.3
99998.3
99998.3
99998.3
99998.3
99998.3
99998.3
99998.3
99998.3
99998.3
99998.3
99998.3
99998.3
99998.3
99998.3
99998.3
99998.3
99998.3
99998.3
99998.3
99998.3
99998.3
99998.3
99998.3
99998.3
99998.3
99998.3
99998.3
99998.3
99998.3
99998.3
99998.3
99998.3
99998.3
99998.3
99998.3
99998.3
99998.3
99998.3
99998.3
99998.3
99998.3
99998.3
99998.3
99998.3
99998.3
99998.3
99998.3
99998.3
99998.3
99998.3
99998.3
99998.3
99998.3
99998.3
99998.3
99998.3
99998.3
99998.3
99998.3
99998.3
99998.3
99998.3
99998.3
99998.3
99998.3
99998.3
99998.3
99998.3
99998.3
99998.3
99998.3
99998.3
99998.3
99998.3
99998.3
99998.3
99998.3
99998.3
99998.3
99998.3
99998.3
99998.3
99998.3
99998.3
99998.3
99998.3
99998.3
99998.3
99998.3
99998.3
99998.3
99998.3
99998.3
99998.3
99998.3
99998.3
99998.3
99998.3
99998.3
99998.3
99998.3
99998.3
99998.3
99998.3
99998.3
99998.3
99998.3
99998.3
99998.3
99998.3
99998.3
99998.3
99998.3
99998.3
99998.3
99998.3
99998.3
99998.4
99998.4
99998.4
99998.4
99998.4
99998.4
99998.4
99998.4
99998.4
99998.4
99998.4
99998.4
99998.4
99998.4
99998.4
99998.4
99998.4
99998.4
99998.4
99998.4
99998.4
99998.4
99998.4
99998.4
99998.4
99998.4
99998.4
99998.4
99998.4
99998.4
99998.4
99998.4
99998.4
99998.4
99998.4
99998.4
99998.4
99998.4
99998.4
99998.4
99998.4
99998.4
99998.4
99998.4
99998.4
99998.4
99998.4
99998.4
99998.4
99998.4
99998.4
99998.4
99998.4
99998.4
99998.4
99998.4
99998.4
99998.4
99998.4
99998.4
99998.4
99998.4
99998.4
99998.4
99998.4
99998.4
99998.4
99998.4
99998.4
99998.4
99998.4
99998.4
99998.4
99998.4
99998.4
99998.4
99998.4
99998.4
99998.4
99998.4
99998.4
99998.4
99998.4
99998.4
99998.4
99998.4
99998.4
99998.4
99998.4
99998.4
99998.4
99998.4
99998.4
99998.4
99998.4
99998.4
99998.4
99998.4
99998.4
99998.4
99998.4
99998.4
99998.4
99998.4
99998.4
99998.4
99998.4
99998.4
99998.4
99998.4
99998.4
99998.4
99998.4
99998.4
99998.4
99998.4
99998.4
99998.4
99998.4
99998.4
99998.5
99998.5
99998.5
99998.5
99998.5
99998.5
99998.5
99998.5
99998.5
99998.5
99998.5
99998.5
99998.5
99998.5
99998.5
99998.5
99998.5
99998.5
99998.5
99998.5
99998.5
99998.5
99998.5
99998.5
99998.5
99998.5
99998.5
99998.5
99998.5
99998.5
99998.5
99998.5
99998.5
99998.5
99998.5
99998.5
99998.5
99998.5
99998.5
99998.5
99998.5
99998.5
99998.5
99998.5
99998.5
99998.5
99998.5
99998.5
99998.5
99998.5
99998.5
99998.5
99998.5
99998.5
99998.5
99998.5
99998.5
99998.5
99998.5
99998.5
99998.5
99998.5
99998.5
99998.5
99998.5
99998.5
99998.5
99998.5
99998.5
99998.5
99998.5
99998.5
99998.5
99998.5
99998.5
99998.5
99998.5
99998.5
99998.5
99998.5
99998.5
99998.5
99998.5
99998.5
99998.5
99998.5
99998.5
99998.5
99998.5
99998.5
99998.5
99998.5
99998.5
99998.5
99998.5
99998.5
99998.5
99998.5
99998.5
99998.5
99998.5
99998.5
99998.5
99998.5
99998.5
99998.5
99998.5
99998.5
99998.5
99998.5
99998.5
99998.5
99998.5
99998.5
99998.5
99998.5
99998.5
99998.5
99998.5
99998.5
99998.6
99998.6
99998.6
99998.6
99998.6
99998.6
99998.6
99998.6
99998.6
99998.6
99998.6
99998.6
99998.6
99998.6
99998.6
99998.6
99998.6
99998.6
99998.6
99998.6
99998.6
99998.6
99998.6
99998.6
99998.6
99998.6
99998.6
99998.6
99998.6
99998.6
99998.6
99998.6
99998.6
99998.6
99998.6
99998.6
99998.6
99998.6
99998.6
99998.6
99998.6
99998.6
99998.6
99998.6
99998.6
99998.6
99998.6
99998.6
99998.6
99998.6
99998.6
99998.6
99998.6
99998.6
99998.6
99998.6
99998.6
99998.6
99998.6
99998.6
99998.6
99998.6
99998.6
99998.6
99998.6
99998.6
99998.6
99998.6
99998.6
99998.6
99998.6
99998.6
99998.6
99998.6
99998.6
99998.6
99998.6
99998.6
99998.6
99998.6
99998.6
99998.6
99998.6
99998.6
99998.6
99998.6
99998.6
99998.6
99998.6
99998.6
99998.7
99998.7
99998.7
99998.7
99998.7
99998.7
99998.7
99998.7
99998.7
99998.7
99998.7
99998.7
99998.7
99998.7
99998.7
99998.7
99998.7
99998.7
99998.7
99998.7
99998.7
99998.7
99998.7
99998.7
99998.7
99998.7
99998.7
99998.7
99998.7
99998.7
99998.7
99998.7
99998.7
99998.7
99998.7
99998.7
99998.7
99998.7
99998.7
99998.7
99998.7
99998.7
99998.7
99998.7
99998.7
99998.7
99998.7
99998.7
99998.7
99998.7
99998.7
99998.7
99998.7
99998.7
99998.7
99998.7
99998.7
99998.7
99998.7
99998.7
99998.8
99998.8
99998.8
99998.8
99998.8
99998.8
99998.8
99998.8
99998.8
99998.8
99998.8
99998.8
99998.8
99998.8
99998.8
99998.8
99998.8
99998.8
99998.8
99998.8
99998.8
99998.8
99998.8
99998.8
99998.8
99998.8
99998.8
99998.8
99998.8
99998.8
99998.8
99998.8
99998.8
99998.8
99998.8
99998.8
99998.8
99998.8
99998.8
99998.8
99998.8
99998.8
99998.8
99998.8
99998.8
99998.8
99998.8
99998.8
99998.8
99998.8
99998.8
99998.8
99998.8
99998.8
99998.8
99998.8
99998.8
99998.8
99998.8
99998.8
99998.8
99998.8
99998.8
99998.8
99998.8
99998.8
99998.8
99998.8
99998.8
99998.8
99998.8
99998.8
99998.8
99998.8
99998.8
99998.8
99998.8
99998.8
99998.8
99998.8
99998.8
99998.8
99998.8
99998.8
99998.8
99998.8
99998.8
99998.8
99998.8
99998.8
99998.9
99998.9
99998.9
99998.9
99998.9
99998.9
99998.9
99998.9
99998.9
99998.9
99998.9
99998.9
99998.9
99998.9
99998.9
99998.9
99998.9
99998.9
99998.9
99998.9
99998.9
99998.9
99998.9
99998.9
99998.9
99998.9
99998.9
99998.9
99998.9
99998.9
99998.9
99998.9
99998.9
99998.9
99998.9
99998.9
99998.9
99998.9
99998.9
99998.9
99998.9
99998.9
99998.9
99998.9
99998.9
99998.9
99998.9
99998.9
99998.9
99998.9
99998.9
99998.9
99998.9
99998.9
99998.9
99998.9
99998.9
99998.9
99998.9
99998.9
99999
99999
99999
99999
99999
99999
99999
99999
99999
99999
99999
99999
99999
99999
99999
99999
99999
99999
99999
99999
99999
99999
99999
99999
99999
99999
99999
99999
99999
99999
99999
99999
99999
99999
99999
99999
99999
99999
99999
99999
99999
99999
99999
99999
99999
99999
99999
99999
99999
99999
99999
99999
99999
99999
99999
99999
99999
99999
99999
99999
99999.1
99999.1
99999.1
99999.1
99999.1
99999.1
99999.1
99999.1
99999.1
99999.1
99999.1
99999.1
99999.1
99999.1
99999.1
99999.1
99999.1
99999.1
99999.1
99999.1
99999.1
99999.1
99999.1
99999.1
99999.1
99999.1
99999.1
99999.1
99999.1
99999.1
99999.1
99999.1
99999.1
99999.1
99999.1
99999.1
99999.1
99999.1
99999.1
99999.1
99999.1
99999.1
99999.1
99999.1
99999.1
99999.1
99999.1
99999.1
99999.1
99999.1
99999.1
99999.1
99999.1
99999.1
99999.1
99999.1
99999.1
99999.1
99999.1
99999.1
99999.2
99999.2
99999.2
99999.2
99999.2
99999.2
99999.2
99999.2
99999.2
99999.2
99999.2
99999.2
99999.2
99999.2
99999.2
99999.2
99999.2
99999.2
99999.2
99999.2
99999.2
99999.2
99999.2
99999.2
99999.2
99999.2
99999.2
99999.2
99999.2
99999.2
99999.3
99999.3
99999.3
99999.3
99999.3
99999.3
99999.3
99999.3
99999.3
99999.3
99999.3
99999.3
99999.3
99999.3
99999.3
99999.3
99999.3
99999.3
99999.3
99999.3
99999.3
99999.3
99999.3
99999.3
99999.3
99999.3
99999.3
99999.3
99999.3
99999.3
99999.3
99999.3
99999.3
99999.3
99999.3
99999.3
99999.3
99999.3
99999.3
99999.3
99999.3
99999.3
99999.3
99999.3
99999.3
99999.3
99999.3
99999.3
99999.3
99999.3
99999.3
99999.3
99999.3
99999.3
99999.3
99999.3
99999.3
99999.3
99999.3
99999.3
99999.4
99999.4
99999.4
99999.4
99999.4
99999.4
99999.4
99999.4
99999.4
99999.4
99999.4
99999.4
99999.4
99999.4
99999.4
99999.4
99999.4
99999.4
99999.4
99999.4
99999.4
99999.4
99999.4
99999.4
99999.4
99999.4
99999.4
99999.4
99999.4
99999.4
99999.4
99999.4
99999.4
99999.4
99999.4
99999.4
99999.4
99999.4
99999.4
99999.4
99999.4
99999.4
99999.4
99999.4
99999.4
99999.4
99999.4
99999.4
99999.4
99999.4
99999.4
99999.4
99999.4
99999.4
99999.4
99999.4
99999.4
99999.4
99999.4
99999.4
99999.5
99999.5
99999.5
99999.5
99999.5
99999.5
99999.5
99999.5
99999.5
99999.5
99999.5
99999.5
99999.5
99999.5
99999.5
99999.5
99999.5
99999.5
99999.5
99999.5
99999.5
99999.5
99999.5
99999.5
99999.5
99999.5
99999.5
99999.5
99999.5
99999.5
99999.6
99999.6
99999.6
99999.6
99999.6
99999.6
99999.6
99999.6
99999.6
99999.6
99999.6
99999.6
99999.6
99999.6
99999.6
99999.6
99999.6
99999.6
99999.6
99999.6
99999.6
99999.6
99999.6
99999.6
99999.6
99999.6
99999.6
99999.6
99999.6
99999.6
99999.6
99999.6
99999.6
99999.6
99999.6
99999.6
99999.6
99999.6
99999.6
99999.6
99999.6
99999.6
99999.6
99999.6
99999.6
99999.6
99999.6
99999.6
99999.6
99999.6
99999.6
99999.6
99999.6
99999.6
99999.6
99999.6
99999.6
99999.6
99999.6
99999.6
99999.7
99999.7
99999.7
99999.7
99999.7
99999.7
99999.7
99999.7
99999.7
99999.7
99999.7
99999.7
99999.7
99999.7
99999.7
99999.7
99999.7
99999.7
99999.7
99999.7
99999.7
99999.7
99999.7
99999.7
99999.7
99999.7
99999.7
99999.7
99999.7
99999.7
99999.8
99999.8
99999.8
99999.8
99999.8
99999.8
99999.8
99999.8
99999.8
99999.8
99999.8
99999.8
99999.8
99999.8
99999.8
99999.8
99999.8
99999.8
99999.8
99999.8
99999.8
99999.8
99999.8
99999.8
99999.8
99999.8
99999.8
99999.8
99999.8
99999.8
99999.8
99999.8
99999.8
99999.8
99999.8
99999.8
99999.8
99999.8
99999.8
99999.8
99999.8
99999.8
99999.8
99999.8
99999.8
99999.8
99999.8
99999.8
99999.8
99999.8
99999.8
99999.8
99999.8
99999.8
99999.8
99999.8
99999.8
99999.8
99999.8
99999.8
99999.9
99999.9
99999.9
99999.9
99999.9
99999.9
99999.9
99999.9
99999.9
99999.9
99999.9
99999.9
99999.9
99999.9
99999.9
99999.9
99999.9
99999.9
99999.9
99999.9
99999.9
99999.9
99999.9
99999.9
99999.9
99999.9
99999.9
99999.9
99999.9
99999.9
100000
100000
100000
100000
100000
100000
100000
100000
100000
100000
100000
100000
100000
100000
100000
100000
100000
100000
100000
100000
100000
100000
100000
100000
100000
100000
100000
100000
100000
100000
100000
100000
100000
100000
100000
100000
100000
100000
100000
100000
100000
100000
100000
100000
100000
100000
100000
100000
100000
100000
100000
100000
100000
100000
100000
100000
100000
100000
100000
100000
100000
100000
100000
100000
100000
100000
100000
100000
100000
100000
100000
100000
100000
100000
100000
100000
100000
100000
100000
100000
100000
100000
100000
100000
100000
100000
100000
100000
100000
100000
100000
100000
100000
100000
100000
100000
100000
100000
100000
100000
100000
100000
100000
100000
100000
100000
100000
100000
100000
100000
100000
100000
100000
100000
100000
100000
100000
100000
100000
100000
100000
100000
100000
100000
100000
100000
100000
100000
100000
100000
100000
100000
100000
100000
100000
100000
100000
100000
100000
100000
100000
100000
100000
100000
100000
100000
100000
100000
100000
100000
100000
100000
100000
100000
100000
100000
100000
100000
100000
100000
100000
100000
100000
100000
100000
100000
100000
100000
100000
100000
100000
100000
100000
100000
100000
100000
100000
100000
100000
100000
100000
100000
100000
100000
100000
100000
100000
100000
100000
100000
100000
100000
100000
100000
100000
100000
100000
100000
100000
100000
100000
100000
100000
100000
100000
100000
100000
100000
100000
100000
100001
100001
100001
100001
100001
100001
100001
100001
100001
100001
100001
100001
100001
100001
100001
100001
100001
100001
100001
100001
100001
100001
100001
100001
100001
100001
100001
100001
100001
100001
100001
100001
100001
100001
100001
100001
100001
100001
100001
100001
100001
100001
100001
100001
100001
100001
100001
100001
100001
100001
100001
100001
100001
100001
100001
100001
100001
100001
100001
100001
100001
100001
100001
100001
100001
100001
100001
100001
100001
100001
100001
100001
100001
100001
100001
100001
100001
100001
100001
100001
100001
100001
100001
100001
100001
100001
100001
100001
100001
100001
100001
100001
100001
100001
100001
100001
100001
100001
100001
100001
100001
100001
100001
100001
100001
100001
100001
100001
100001
100001
100001
100001
100001
100001
100001
100001
100001
100001
100001
100001
100001
100001
100001
100001
100001
100001
100001
100001
100001
100001
100001
100001
100001
100001
100001
100001
100001
100001
100001
100001
100001
100001
100001
100001
100001
100001
100001
100001
100001
100001
100001
100001
100001
100001
100001
100001
100001
100001
100001
100001
100001
100001
100001
100001
100001
100001
100001
100001
100001
100001
100001
100001
100001
100001
100001
100001
100001
100001
100001
100001
100001
100001
100001
100001
100001
100001
100001
100001
100001
100001
100001
100001
100001
100001
100001
100001
100001
100001
100001
100001
100001
100001
100001
100001
100001
100001
100001
100001
100001
100001
100001
100001
100001
100001
100001
100001
100001
100001
100001
100001
100001
100001
100001
100001
100001
100001
100001
100001
100001
100001
100001
100001
100001
100001
100001
100001
100001
100001
100001
100001
100001
100001
100001
100001
100001
100001
100001
100001
100001
100001
100001
100001
100001
100001
100001
100001
100001
100001
100001
100001
100001
100001
100001
100001
100001
100001
100001
100001
100001
100001
100001
100001
100001
100001
100001
100001
100001
100001
100001
100001
100001
100001
100001
100001
100001
100001
100001
100001
100001
100001
100001
100001
100001
100001
100001
100001
100001
100001
100001
100001
100001
100001
100001
100001
100001
100001
100001
100001
100001
100001
100001
100001
100001
100001
100001
100001
100001
100001
100001
100001
100001
100001
100001
100001
100001
100001
100001
100001
100001
100001
100002
100002
100002
100002
100002
100002
100002
100002
100002
100002
100002
100002
100002
100002
100002
100002
100002
100002
100002
100002
100002
100002
100002
100002
100002
100002
100002
100002
100002
100002
100002
100002
100002
100002
100002
100002
100002
100002
100002
100002
100002
100002
100002
100002
100002
100002
100002
100002
100002
100002
100002
100002
100002
100002
100002
100002
100002
100002
100002
100002
100002
100002
100002
100002
100002
100002
100002
100002
100002
100002
100002
100002
100002
100002
100002
100002
100002
100002
100002
100002
100002
100002
100002
100002
100002
100002
100002
100002
100002
100002
100002
100002
100002
100002
100002
100002
100002
100002
100002
100002
100002
100002
100002
100002
100002
100002
100002
100002
100002
100002
100002
100002
100002
100002
100002
100002
100002
100002
100002
100002
100002
100002
100002
100002
100002
100002
100002
100002
100002
100002
100002
100002
100002
100002
100002
100002
100002
100002
100002
100002
100002
100002
100002
100002
100002
100002
100002
100002
100002
100002
100002
100002
100002
100002
100002
100002
100002
100002
100002
100002
100002
100002
100002
100002
100002
100002
100002
100002
100002
100002
100002
100002
100002
100002
100002
100002
100002
100002
100002
100002
100002
100002
100002
100002
100002
100002
100002
100002
100002
100002
100002
100002
100002
100002
100002
100002
100002
100002
100002
100002
100002
100002
100002
100002
100002
100002
100002
100002
100002
100002
100002
100002
100002
100002
100002
100002
100002
100002
100002
100002
100002
100002
100002
100002
100002
100002
100002
100002
100002
100002
100002
100002
100002
100002
100002
100002
100002
100002
100002
100002
100002
100002
100002
100002
100002
100002
100002
100002
100002
100002
100002
100002
100002
100002
100002
100002
100002
100002
100002
100002
100002
100002
100002
100002
100002
100002
100002
100002
100002
100002
100002
100002
100002
100002
100002
100002
100002
100002
100002
100002
100002
100002
100002
100002
100002
100002
100002
100002
100002
100002
100002
100002
100002
100002
100002
100002
100002
100002
100002
100002
100003
100003
100003
100003
100003
100003
100003
100003
100003
100003
100003
100003
100003
100003
100003
100003
100003
100003
100003
100003
100003
100003
100003
100003
100003
100003
100003
100003
100003
100003
100003
100003
100003
100003
100003
100003
100003
100003
100003
100003
100003
100003
100003
100003
100003
100003
100003
100003
100003
100003
100003
100003
100003
100003
100003
100003
100003
100003
100003
100003
100003
100003
100003
100003
100003
100003
100003
100003
100003
100003
100003
100003
100003
100003
100003
100003
100003
100003
100003
100003
100003
100003
100003
100003
100003
100003
100003
100003
100003
100003
100003
100003
100003
100003
100003
100003
100003
100003
100003
100003
100003
100003
100003
100003
100003
100003
100003
100003
100003
100003
100003
100003
100003
100003
100003
100003
100003
100003
100003
100003
100003
100003
100003
100003
100003
100003
100003
100003
100003
100003
100003
100003
100003
100003
100003
100003
100003
100003
100003
100003
100003
100003
100003
100003
100003
100003
100003
100003
100003
100003
100003
100003
100003
100003
100003
100003
100003
100003
100003
100003
100003
100003
100003
100003
100003
100003
100003
100003
100003
100003
100003
100003
100003
100003
100003
100003
100003
100003
100003
100003
100003
100003
100003
100003
100003
100003
100003
100003
100003
100003
100003
100003
100003
100003
100003
100003
100003
100003
100003
100003
100003
100003
100003
100003
100003
100003
100003
100003
100003
100003
100003
100003
100003
100003
100003
100003
100003
100003
100003
100003
100003
100003
100003
100003
100003
100003
100003
100003
100003
100003
100003
100003
100003
100003
100003
100003
100003
100003
100003
100003
100003
100003
100003
100003
100003
100003
100003
100003
100003
100003
100003
100003
100003
100003
100003
100003
100003
100003
100003
100003
100003
100003
100003
100003
100003
100003
100003
100003
100003
100003
100003
100003
100004
100004
100004
100004
100004
100004
100004
100004
100004
100004
100003
100003
100003
100003
100003
100003
100004
100004
100004
100004
100004
100004
100004
100004
100004
100004
100003
100003
100004
100004
100004
100004
100004
100004
100004
100004
100004
100004
100004
100004
100004
100004
100004
100004
100004
100004
100004
100004
100004
100004
100004
100004
100004
100004
100004
100004
100004
100004
100004
100004
100004
100004
100004
100004
100004
100004
100004
100004
100004
100004
100004
100004
100004
100004
100004
100004
100004
100004
100004
100004
100004
100004
100004
100004
100004
100004
100004
100004
100004
100004
100004
100004
100004
100004
100004
100004
100004
100004
100004
100004
100004
100004
100004
100004
100004
100004
100004
100004
100004
100004
100004
100004
100004
100004
100004
100004
100004
100004
100004
100004
100004
100004
100004
100004
100004
100004
100004
100004
100004
100004
100004
100004
100004
100004
100004
100004
100004
100004
100004
100004
100004
100004
100004
100004
100004
100004
100004
100004
100004
100004
100004
100004
100004
100004
100004
100004
100004
100004
100004
100004
100004
100004
100004
100004
100004
100004
100004
100004
100004
100004
100004
100004
100004
100004
100004
100004
100004
100004
100004
100004
100004
100004
100004
100004
100004
100004
100004
100004
100004
100004
100004
100004
100004
100004
100004
100004
100004
100004
100004
100004
100004
100004
100004
100004
100004
100004
100004
100004
100004
100004
100004
100004
100004
100004
100004
100004
100004
100004
100004
100004
100004
100004
100004
100004
100004
100004
100004
100004
100004
100004
100004
100004
100004
100004
100004
100004
100004
100004
100004
100004
100004
100004
100004
100004
100004
100004
100004
100004
100004
100004
100004
100004
100004
100004
100004
100004
100004
100004
100004
100004
100004
100004
100004
100004
100004
100004
100004
100004
100005
100005
100005
100005
100005
100005
100005
100005
100005
100005
100005
100005
100005
100005
100005
100005
100005
100005
100005
100005
100005
100005
100005
100005
100005
100005
100005
100005
100005
100005
100005
100005
100005
100005
100005
100005
100005
100005
100005
100005
100005
100005
100005
100005
100005
100005
100005
100005
100005
100005
100005
100005
100005
100005
100005
100005
100005
100005
100005
100005
100005
100005
100005
100005
100005
100005
100005
100005
100005
100005
100005
100005
100005
100005
100005
100005
100005
100005
100005
100005
100005
100005
100005
100005
100005
100005
100005
100005
100005
100005
100005
100005
100005
100005
100005
100005
100005
100005
100005
100005
100005
100005
100005
100005
100005
100005
100005
100005
100005
100005
100005
100005
100005
100005
100005
100005
100005
100005
100005
100005
100005
100005
100005
100005
100005
100005
100005
100005
100005
100005
100005
100005
100005
100005
100005
100005
100005
100005
100005
100005
100005
100005
100005
100005
100005
100005
100005
100005
100005
100005
100005
100005
100005
100005
100006
100006
100006
100006
100006
100006
100006
100006
100006
100006
100006
100006
100006
100006
100006
100006
100006
100006
100006
100006
100006
100006
100005
100005
100005
100005
100005
100006
100006
100006
100006
100006
100006
100006
100006
100006
100006
100006
100006
100006
100006
100006
100006
100006
100006
100006
100006
100006
100006
100006
100006
100006
100006
100006
100006
100005
100006
100007
100007
100007
100007
100007
100007
100007
100007
100007
100007
100007
100007
100007
100007
100007
100007
100007
100007
100007
100007
100007
100007
100007
100007
100007
100007
100007
100007
100006
100008
100009
100009
100009
100009
100009
100009
100009
100009
100009
100009
100009
100009
100009
100009
100009
100009
100009
100009
100009
100009
100009
100009
100009
100009
100009
100009
100009
100009
100008
100011
100011
100011
100011
100011
100011
100011
100011
100011
100011
100011
100011
100011
100011
100011
100011
100011
100011
100011
100011
100011
100011
100011
100011
100011
100011
100011
100011
100011
100011
)
;

boundaryField
{
    inlet
    {
        type            fixedFluxPressure;
        gradient        nonuniform List<scalar> 
30
(
-12896.1
-12644.4
-12585
-12566.9
-12549.2
-12539.4
-12533.9
-12530.4
-12528.2
-12526.6
-12525.5
-12524.7
-12524.2
-12523.8
-12523.7
-12523.7
-12523.8
-12524.2
-12524.7
-12525.5
-12526.6
-12528.2
-12530.4
-12533.9
-12539.4
-12549.2
-12566.9
-12585
-12644.4
-12896.1
)
;
        value           nonuniform List<scalar> 
30
(
108172
108162
108151
108140
108129
108121
108114
108108
108104
108100
108097
108095
108093
108092
108092
108092
108092
108093
108095
108097
108100
108104
108108
108114
108121
108129
108140
108151
108162
108172
)
;
    }
    outlet
    {
        type            prghPressure;
        p               uniform 100000;
        value           uniform 100011;
    }
    walls
    {
        type            fixedFluxPressure;
        gradient        uniform 0;
        value           nonuniform List<scalar> 
400
(
108204
108088
107969
107842
107714
107589
107466
107346
107228
107113
107000
106890
106782
106677
106574
106474
106377
106283
106191
106102
106016
105932
105852
105774
105700
105628
105560
105494
105432
105373
105316
105263
105213
105166
105122
105080
105042
105007
104975
104946
104919
104895
104875
104857
104841
104829
104819
104811
104807
104804
104804
104807
104812
104819
104828
104839
104853
104869
104886
104906
104927
104950
104975
105002
105031
105061
105092
105125
105159
105195
105232
105271
105310
105351
105393
105436
105480
105525
105570
105617
105664
105713
105762
105811
105861
105912
105963
106015
106068
106120
106173
106226
106279
106331
106382
106428
106466
106489
106334
105787
101109
100011
99998.3
99998.3
99998.3
99998.3
99998.3
99998.3
99998.3
99998.3
99998.4
99998.4
99998.4
99998.4
99998.5
99998.5
99998.5
99998.5
99998.6
99998.6
99998.6
99998.7
99998.7
99998.8
99998.8
99998.8
99998.9
99998.9
99999
99999
99999.1
99999.1
99999.2
99999.3
99999.3
99999.4
99999.4
99999.5
99999.6
99999.6
99999.7
99999.8
99999.8
99999.9
100000
100000
100000
100000
100000
100000
100000
100001
100001
100001
100001
100001
100001
100001
100001
100001
100001
100001
100002
100002
100002
100002
100002
100002
100002
100002
100002
100002
100003
100003
100003
100003
100003
100003
100003
100003
100003
100003
100004
100004
100004
100004
100004
100004
100004
100004
100005
100005
100005
100005
100005
100005
100005
100006
100008
100011
108204
108088
107969
107842
107714
107589
107466
107346
107228
107113
107000
106890
106782
106677
106574
106474
106377
106283
106191
106102
106016
105932
105852
105774
105700
105628
105560
105494
105432
105373
105316
105263
105213
105166
105122
105080
105042
105007
104975
104945
104919
104895
104875
104857
104841
104829
104819
104811
104807
104804
104804
104807
104812
104819
104828
104839
104853
104869
104886
104906
104927
104950
104975
105002
105031
105061
105092
105125
105159
105195
105232
105271
105310
105351
105393
105436
105480
105525
105570
105617
105664
105713
105762
105811
105861
105912
105963
106015
106068
106120
106173
106226
106279
106331
106382
106428
106466
106489
106334
105787
101109
100011
99998.3
99998.3
99998.3
99998.3
99998.3
99998.3
99998.3
99998.3
99998.4
99998.4
99998.4
99998.4
99998.5
99998.5
99998.5
99998.5
99998.6
99998.6
99998.6
99998.7
99998.7
99998.8
99998.8
99998.8
99998.9
99998.9
99999
99999
99999.1
99999.1
99999.2
99999.3
99999.3
99999.4
99999.4
99999.5
99999.6
99999.6
99999.7
99999.8
99999.8
99999.9
100000
100000
100000
100000
100000
100000
100000
100001
100001
100001
100001
100001
100001
100001
100001
100001
100001
100001
100002
100002
100002
100002
100002
100002
100002
100002
100002
100002
100003
100003
100003
100003
100003
100003
100003
100003
100003
100003
100004
100004
100004
100004
100004
100004
100004
100004
100005
100005
100005
100005
100005
100005
100005
100006
100008
100011
)
;
    }
    frontAndBackPlanes
    {
        type            empty;
    }
}


// ************************************************************************* //
