FoamFile
{
    version     2.0;
    format      ascii;
    class       faceList;
    location    "constant/polyMesh";
    object      faces;
}

450
(
4(4 7 6 5 )
4(8 11 10 9 )
4(12 15 14 13 )
4(16 19 18 17 )
4(1 5 6 2 )
4(5 6 27 26 )
4(5 9 10 6 )
4(9 10 29 28 )
4(9 13 14 10 )
4(13 14 31 30 )
4(13 17 18 14 )
4(17 18 33 32 )
4(17 21 22 18 )
4(24 26 27 25 )
4(26 27 39 38 )
4(26 28 29 27 )
4(28 29 41 40 )
4(28 30 31 29 )
4(30 31 43 42 )
4(30 32 33 31 )
4(32 33 45 44 )
4(32 34 35 33 )
4(36 38 39 37 )
4(38 39 51 50 )
4(38 40 41 39 )
4(40 41 53 52 )
4(40 42 43 41 )
4(42 43 55 54 )
4(42 44 45 43 )
4(44 45 57 56 )
4(44 46 47 45 )
4(48 50 51 49 )
4(50 51 63 62 )
4(50 52 53 51 )
4(52 53 65 64 )
4(52 54 55 53 )
4(54 55 67 66 )
4(54 56 57 55 )
4(56 57 69 68 )
4(56 58 59 57 )
4(3 2 6 7 )
4(7 75 74 6 )
4(7 6 10 11 )
4(11 77 76 10 )
4(11 10 14 15 )
4(15 79 78 14 )
4(15 14 18 19 )
4(19 81 80 18 )
4(19 18 22 23 )
4(2 25 27 6 )
4(2 6 74 72 )
4(6 74 85 27 )
4(6 27 29 10 )
4(6 10 76 74 )
4(10 76 86 29 )
4(10 29 31 14 )
4(10 14 78 76 )
4(14 78 87 31 )
4(14 31 33 18 )
4(14 18 80 78 )
4(18 80 88 33 )
4(18 33 35 22 )
4(18 22 82 80 )
4(25 37 39 27 )
4(25 27 85 84 )
4(27 85 91 39 )
4(27 39 41 29 )
4(27 29 86 85 )
4(29 86 92 41 )
4(29 41 43 31 )
4(29 31 87 86 )
4(31 87 93 43 )
4(31 43 45 33 )
4(31 33 88 87 )
4(33 88 94 45 )
4(33 45 47 35 )
4(33 35 89 88 )
4(37 49 51 39 )
4(37 39 91 90 )
4(39 91 97 51 )
4(39 51 53 41 )
4(39 41 92 91 )
4(41 92 98 53 )
4(41 53 55 43 )
4(41 43 93 92 )
4(43 93 99 55 )
4(43 55 57 45 )
4(43 45 94 93 )
4(45 94 100 57 )
4(45 57 59 47 )
4(45 47 95 94 )
4(49 61 63 51 )
4(49 51 97 96 )
4(51 97 103 63 )
4(51 63 65 53 )
4(51 53 98 97 )
4(53 98 104 65 )
4(53 65 67 55 )
4(53 55 99 98 )
4(55 99 105 67 )
4(55 67 69 57 )
4(55 57 100 99 )
4(57 100 106 69 )
4(57 69 71 59 )
4(57 59 101 100 )
4(73 72 74 75 )
4(75 111 110 74 )
4(75 74 76 77 )
4(77 113 112 76 )
4(77 76 78 79 )
4(79 115 114 78 )
4(79 78 80 81 )
4(81 117 116 80 )
4(81 80 82 83 )
4(72 84 85 74 )
4(72 74 110 108 )
4(74 110 121 85 )
4(74 85 86 76 )
4(74 76 112 110 )
4(76 112 122 86 )
4(76 86 87 78 )
4(76 78 114 112 )
4(78 114 123 87 )
4(78 87 88 80 )
4(78 80 116 114 )
4(80 116 124 88 )
4(80 88 89 82 )
4(80 82 118 116 )
4(84 90 91 85 )
4(84 85 121 120 )
4(85 121 127 91 )
4(85 91 92 86 )
4(85 86 122 121 )
4(86 122 128 92 )
4(86 92 93 87 )
4(86 87 123 122 )
4(87 123 129 93 )
4(87 93 94 88 )
4(87 88 124 123 )
4(88 124 130 94 )
4(88 94 95 89 )
4(88 89 125 124 )
4(90 96 97 91 )
4(90 91 127 126 )
4(91 127 133 97 )
4(91 97 98 92 )
4(91 92 128 127 )
4(92 128 134 98 )
4(92 98 99 93 )
4(92 93 129 128 )
4(93 129 135 99 )
4(93 99 100 94 )
4(93 94 130 129 )
4(94 130 136 100 )
4(94 100 101 95 )
4(94 95 131 130 )
4(96 102 103 97 )
4(96 97 133 132 )
4(97 133 139 103 )
4(97 103 104 98 )
4(97 98 134 133 )
4(98 134 140 104 )
4(98 104 105 99 )
4(98 99 135 134 )
4(99 135 141 105 )
4(99 105 106 100 )
4(99 100 136 135 )
4(100 136 142 106 )
4(100 106 107 101 )
4(100 101 137 136 )
4(109 108 110 111 )
4(111 147 146 110 )
4(111 110 112 113 )
4(113 149 148 112 )
4(113 112 114 115 )
4(115 151 150 114 )
4(115 114 116 117 )
4(117 153 152 116 )
4(117 116 118 119 )
4(108 120 121 110 )
4(108 110 146 144 )
4(110 146 157 121 )
4(110 121 122 112 )
4(110 112 148 146 )
4(112 148 158 122 )
4(112 122 123 114 )
4(112 114 150 148 )
4(114 150 159 123 )
4(114 123 124 116 )
4(114 116 152 150 )
4(116 152 160 124 )
4(116 124 125 118 )
4(116 118 154 152 )
4(120 126 127 121 )
4(120 121 157 156 )
4(121 157 163 127 )
4(121 127 128 122 )
4(121 122 158 157 )
4(122 158 164 128 )
4(122 128 129 123 )
4(122 123 159 158 )
4(123 159 165 129 )
4(123 129 130 124 )
4(123 124 160 159 )
4(124 160 166 130 )
4(124 130 131 125 )
4(124 125 161 160 )
4(126 132 133 127 )
4(126 127 163 162 )
4(127 163 169 133 )
4(127 133 134 128 )
4(127 128 164 163 )
4(128 164 170 134 )
4(128 134 135 129 )
4(128 129 165 164 )
4(129 165 171 135 )
4(129 135 136 130 )
4(129 130 166 165 )
4(130 166 172 136 )
4(130 136 137 131 )
4(130 131 167 166 )
4(132 138 139 133 )
4(132 133 169 168 )
4(133 169 175 139 )
4(133 139 140 134 )
4(133 134 170 169 )
4(134 170 176 140 )
4(134 140 141 135 )
4(134 135 171 170 )
4(135 171 177 141 )
4(135 141 142 136 )
4(135 136 172 171 )
4(136 172 178 142 )
4(136 142 143 137 )
4(136 137 173 172 )
4(145 144 146 147 )
4(147 183 182 146 )
4(147 146 148 149 )
4(149 185 184 148 )
4(149 148 150 151 )
4(151 187 186 150 )
4(151 150 152 153 )
4(153 189 188 152 )
4(153 152 154 155 )
4(144 156 157 146 )
4(144 146 182 180 )
4(146 182 193 157 )
4(146 157 158 148 )
4(146 148 184 182 )
4(148 184 194 158 )
4(148 158 159 150 )
4(148 150 186 184 )
4(150 186 195 159 )
4(150 159 160 152 )
4(150 152 188 186 )
4(152 188 196 160 )
4(152 160 161 154 )
4(152 154 190 188 )
4(156 162 163 157 )
4(156 157 193 192 )
4(157 193 199 163 )
4(157 163 164 158 )
4(157 158 194 193 )
4(158 194 200 164 )
4(158 164 165 159 )
4(158 159 195 194 )
4(159 195 201 165 )
4(159 165 166 160 )
4(159 160 196 195 )
4(160 196 202 166 )
4(160 166 167 161 )
4(160 161 197 196 )
4(162 168 169 163 )
4(162 163 199 198 )
4(163 199 205 169 )
4(163 169 170 164 )
4(163 164 200 199 )
4(164 200 206 170 )
4(164 170 171 165 )
4(164 165 201 200 )
4(165 201 207 171 )
4(165 171 172 166 )
4(165 166 202 201 )
4(166 202 208 172 )
4(166 172 173 167 )
4(166 167 203 202 )
4(168 174 175 169 )
4(168 169 205 204 )
4(169 205 211 175 )
4(169 175 176 170 )
4(169 170 206 205 )
4(170 206 212 176 )
4(170 176 177 171 )
4(170 171 207 206 )
4(171 207 213 177 )
4(171 177 178 172 )
4(171 172 208 207 )
4(172 208 214 178 )
4(172 178 179 173 )
4(172 173 209 208 )
4(0 1 2 3 )
4(1 24 25 2 )
4(24 36 37 25 )
4(36 48 49 37 )
4(48 60 61 49 )
4(3 2 72 73 )
4(2 25 84 72 )
4(25 37 90 84 )
4(37 49 96 90 )
4(49 61 102 96 )
4(73 72 108 109 )
4(72 84 120 108 )
4(84 90 126 120 )
4(90 96 132 126 )
4(96 102 138 132 )
4(109 108 144 145 )
4(108 120 156 144 )
4(120 126 162 156 )
4(126 132 168 162 )
4(132 138 174 168 )
4(145 144 180 181 )
4(144 156 192 180 )
4(156 162 198 192 )
4(162 168 204 198 )
4(168 174 210 204 )
4(0 4 5 1 )
4(4 8 9 5 )
4(8 12 13 9 )
4(12 16 17 13 )
4(16 20 21 17 )
4(1 5 26 24 )
4(5 9 28 26 )
4(9 13 30 28 )
4(13 17 32 30 )
4(17 21 34 32 )
4(24 26 38 36 )
4(26 28 40 38 )
4(28 30 42 40 )
4(30 32 44 42 )
4(32 34 46 44 )
4(36 38 50 48 )
4(38 40 52 50 )
4(40 42 54 52 )
4(42 44 56 54 )
4(44 46 58 56 )
4(48 50 62 60 )
4(50 52 64 62 )
4(52 54 66 64 )
4(54 56 68 66 )
4(56 58 70 68 )
4(0 3 7 4 )
4(4 7 11 8 )
4(8 11 15 12 )
4(12 15 19 16 )
4(16 19 23 20 )
4(3 73 75 7 )
4(7 75 77 11 )
4(11 77 79 15 )
4(15 79 81 19 )
4(19 81 83 23 )
4(73 109 111 75 )
4(75 111 113 77 )
4(77 113 115 79 )
4(79 115 117 81 )
4(81 117 119 83 )
4(109 145 147 111 )
4(111 147 149 113 )
4(113 149 151 115 )
4(115 151 153 117 )
4(117 153 155 119 )
4(145 181 183 147 )
4(147 183 185 149 )
4(149 185 187 151 )
4(151 187 189 153 )
4(153 189 191 155 )
4(20 23 22 21 )
4(21 22 35 34 )
4(34 35 47 46 )
4(46 47 59 58 )
4(58 59 71 70 )
4(23 83 82 22 )
4(22 82 89 35 )
4(35 89 95 47 )
4(47 95 101 59 )
4(59 101 107 71 )
4(83 119 118 82 )
4(82 118 125 89 )
4(89 125 131 95 )
4(95 131 137 101 )
4(101 137 143 107 )
4(119 155 154 118 )
4(118 154 161 125 )
4(125 161 167 131 )
4(131 167 173 137 )
4(137 173 179 143 )
4(155 191 190 154 )
4(154 190 197 161 )
4(161 197 203 167 )
4(167 203 209 173 )
4(173 209 215 179 )
4(60 62 63 61 )
4(62 64 65 63 )
4(64 66 67 65 )
4(66 68 69 67 )
4(68 70 71 69 )
4(61 63 103 102 )
4(63 65 104 103 )
4(65 67 105 104 )
4(67 69 106 105 )
4(69 71 107 106 )
4(102 103 139 138 )
4(103 104 140 139 )
4(104 105 141 140 )
4(105 106 142 141 )
4(106 107 143 142 )
4(138 139 175 174 )
4(139 140 176 175 )
4(140 141 177 176 )
4(141 142 178 177 )
4(142 143 179 178 )
4(174 175 211 210 )
4(175 176 212 211 )
4(176 177 213 212 )
4(177 178 214 213 )
4(178 179 215 214 )
4(181 180 182 183 )
4(183 182 184 185 )
4(185 184 186 187 )
4(187 186 188 189 )
4(189 188 190 191 )
4(180 192 193 182 )
4(182 193 194 184 )
4(184 194 195 186 )
4(186 195 196 188 )
4(188 196 197 190 )
4(192 198 199 193 )
4(193 199 200 194 )
4(194 200 201 195 )
4(195 201 202 196 )
4(196 202 203 197 )
4(198 204 205 199 )
4(199 205 206 200 )
4(200 206 207 201 )
4(201 207 208 202 )
4(202 208 209 203 )
4(204 210 211 205 )
4(205 211 212 206 )
4(206 212 213 207 )
4(207 213 214 208 )
4(208 214 215 209 )
)
