/*--------------------------------*- C++ -*----------------------------------*\
| =========                 |                                                 |
| \\      /  F ield         | OpenFOAM: The Open Source CFD Toolbox           |
|  \\    /   O peration     | Version:  2312                                  |
|   \\  /    A nd           | Website:  www.openfoam.com                      |
|    \\/     M anipulation  |                                                 |
\*---------------------------------------------------------------------------*/
FoamFile
{
    version     2.0;
    format      ascii;
    arch        "LSB;label=32;scalar=64";
    class       volScalarField;
    location    "100";
    object      p;
}
// * * * * * * * * * * * * * * * * * * * * * * * * * * * * * * * * * * * * * //

dimensions      [0 2 -2 0 0 0 0];

internalField   nonuniform List<scalar> 
10720
(
64.2376
3.18669
-69.4406
-143.578
-215.16
-289.34
-357.618
-417.651
-471.652
-516.437
-553.153
-582.663
-605.138
-621.406
-632.213
-637.107
-636.72
-629.824
-617.399
-598.669
-575.377
-548.453
-521.408
-493.636
-460.221
-420.32
-378.629
-339.588
-304.473
-271.477
-238.951
-206.512
-174.088
-141.328
-108.047
-73.3176
-38.0731
2.28675
28.7077
122.784
175.181
227.952
274.901
311.148
332.025
338.559
334.785
319.7
296.113
269.319
242.627
217.212
193.836
172.934
153.749
136.104
119.426
103.392
87.4119
71.4406
55.1354
38.618
22.3601
8.43645
-2.07715
-10.3949
-16.7983
-21.1594
-23.5927
-24.3333
-23.5277
-21.2606
-17.5407
-12.3671
-5.36823
4.03651
19.2316
44.213
126.602
80.4784
27.7403
-29.5615
-89.6783
-152.352
-214.533
-274.197
-330.478
-381.641
-427.119
-466.556
-499.87
-527.184
-548.37
-563.106
-571.35
-572.931
-568.552
-558.129
-542.919
-523.945
-503.494
-480.57
-451.19
-414.695
-375.247
-337.408
-302.84
-270.151
-237.855
-205.577
-173.28
-140.658
-107.521
-72.9212
-37.7805
2.56716
28.2289
167.328
205.263
241.935
275.694
302.913
320.522
327.702
325.028
313.022
294.282
271.983
248.451
224.989
202.488
181.495
161.868
143.51
126.112
109.396
92.9451
76.6317
60.22
43.8054
27.868
14.032
3.27531
-5.2425
-12.017
-17.0673
-20.2781
-21.6771
-21.3899
-19.5322
-16.1384
-11.2166
-4.40523
4.86222
19.9643
44.0595
131.941
90.7103
43.3263
-9.71289
-65.8768
-124.706
-184.632
-243.301
-299.214
-351.225
-398.044
-439.135
-474.19
-502.818
-524.791
-540.361
-549.736
-552.834
-549.92
-541.113
-527.245
-509.283
-488.921
-466.027
-438.155
-404.403
-367.678
-331.895
-298.693
-267.025
-235.569
-203.957
-172.151
-139.865
-106.947
-72.5065
-37.4811
2.77569
28.2849
168.367
202.613
235.512
265.288
288.945
304.736
312.218
311.364
302.494
287.366
268.141
246.82
224.831
203.169
182.499
162.991
144.609
127.172
110.434
94.0636
77.8785
61.7085
45.6214
30.0419
16.2462
5.1874
-3.61018
-10.5679
-15.6941
-18.9072
-20.31
-20.0807
-18.3398
-15.0958
-10.3215
-3.63702
5.53364
20.4965
43.7386
139.373
104.619
64.2801
19.2304
-28.8742
-80.1045
-132.952
-185.804
-237.461
-286.756
-332.56
-374.119
-410.832
-442.228
-467.956
-487.975
-502.38
-510.764
-513.119
-509.529
-500.522
-486.878
-469.808
-449.471
-424.295
-393.555
-359.588
-325.847
-293.975
-263.28
-232.653
-201.748
-170.531
-138.736
-106.207
-72.0582
-37.2223
2.83337
28.569
169.99
198.638
226.497
252.138
272.818
287.319
295.075
295.726
289.493
277.626
261.73
243.412
223.89
204.087
184.671
165.945
147.985
130.741
114.06
97.7171
81.5583
65.4788
49.5487
34.1593
20.3551
9.03225
-0.0522549
-7.29381
-12.7456
-16.3558
-18.1959
-18.384
-16.9978
-14.0326
-9.46134
-2.91833
6.15246
20.9425
43.3578
137.527
106.675
70.7049
30.3419
-12.8355
-59.2902
-107.769
-156.861
-205.67
-253.072
-297.972
-339.55
-377.063
-409.893
-437.554
-459.78
-476.263
-486.783
-491.223
-489.756
-482.824
-471.158
-455.746
-436.887
-413.482
-384.89
-352.957
-320.693
-289.747
-259.732
-229.726
-199.401
-168.71
-137.396
-105.296
-71.5356
-36.9896
2.76612
28.791
164.754
190.102
214.871
237.751
256.336
269.898
277.839
279.671
275.578
266.422
253.392
237.755
220.513
202.494
184.353
166.474
149.041
132.11
115.622
99.4433
83.457
67.5989
51.9433
36.8418
23.1446
11.6643
2.34032
-5.15049
-10.8589
-14.7235
-16.7764
-17.1324
-15.8779
-13.0271
-8.55801
-2.1097
6.86318
21.4362
42.9804
133.842
106.452
74.4111
38.4875
0.107245
-41.4357
-85.0026
-129.463
-174.172
-218.134
-260.425
-300.289
-336.962
-369.772
-398.167
-421.723
-440.048
-453.027
-460.449
-462.314
-458.851
-450.559
-438.126
-421.815
-400.877
-374.843
-345.256
-314.783
-285.062
-255.949
-226.688
-196.99
-166.836
-136.011
-104.357
-71.0153
-36.8243
2.53948
28.8537
158.051
180.542
202.705
223.35
240.291
253.099
261.14
263.857
261.429
254.477
243.909
230.737
215.763
199.691
183.116
166.429
149.866
133.552
117.504
101.663
85.9648
70.385
55.0116
40.1712
26.5799
14.9731
5.4276
-2.29435
-8.24344
-12.3626
-14.6782
-15.2984
-14.3052
-11.7027
-7.45316
-1.19123
7.61533
21.9109
42.5589
128.214
103.494
74.519
42.0322
7.41748
-30.209
-69.8369
-110.487
-151.738
-192.717
-232.64
-270.847
-306.585
-339.173
-368.02
-392.598
-412.462
-427.261
-436.716
-440.696
-439.365
-433.155
-422.622
-408.064
-389.037
-365.195
-337.749
-308.981
-280.455
-252.224
-223.696
-194.618
-164.984
-134.619
-103.406
-70.5187
-36.7635
2.11254
28.7181
150.103
170.397
190.532
209.404
225.035
237.206
245.272
248.645
247.507
242.33
233.82
222.792
209.885
195.673
180.674
165.25
149.655
134.063
118.552
103.128
87.7808
72.528
57.4728
42.9194
29.4784
17.8121
8.09432
0.17011
-6.00382
-10.3732
-12.9482
-13.8158
-13.0447
-10.6343
-6.54326
-0.413648
8.26444
22.2832
42.0562
121.877
99.4005
73.03
43.4975
12.1391
-22.0216
-58.0619
-95.1295
-132.954
-170.797
-207.991
-243.99
-278.113
-309.715
-338.194
-362.991
-383.587
-399.571
-410.681
-416.736
-417.747
-413.967
-405.759
-393.351
-376.482
-354.925
-329.666
-302.674
-275.438
-248.175
-220.457
-192.071
-163.024
-133.165
-102.413
-70.0039
-36.7681
1.51325
28.3445
141.819
160.292
178.743
196.143
210.695
222.305
230.329
234.187
234.044
230.283
223.475
214.289
203.235
190.777
177.349
163.262
148.764
134.05
119.23
104.363
89.4824
74.6417
59.9595
45.7235
32.4716
20.8032
10.9575
2.85993
-3.51707
-8.11833
-10.9367
-12.0451
-11.505
-9.31075
-5.41463
0.536323
9.03233
22.6999
41.5618
115.169
94.5652
70.3799
43.3267
14.708
-16.497
-49.4507
-83.3861
-118.159
-153.128
-187.74
-221.56
-253.982
-284.415
-312.288
-337.029
-358.087
-375.017
-387.444
-395.12
-397.921
-396.016
-389.667
-379.076
-364.109
-344.626
-321.415
-296.147
-270.208
-243.939
-217.055
-189.388
-160.956
-131.638
-101.374
-69.4585
-36.7939
0.823317
27.7143
133.489
150.45
167.494
183.648
197.289
208.395
216.328
220.538
221.161
218.53
213.122
205.497
196.069
185.209
173.273
160.515
147.16
133.397
119.356
105.127
90.7837
76.4091
62.1367
48.2437
35.2132
23.5918
13.6609
5.4178
-1.1431
-5.96325
-9.02132
-10.3707
-10.0618
-8.08054
-4.37372
1.40428
9.71864
23.0215
40.9959
108.409
89.4064
67.0997
42.1872
15.931
-12.7015
-42.9315
-74.0658
-106.047
-138.314
-170.417
-202.009
-232.56
-261.562
-288.481
-312.753
-333.835
-351.244
-364.57
-373.545
-377.946
-377.825
-373.32
-364.57
-351.509
-334.057
-312.855
-289.32
-264.723
-239.496
-213.484
-186.569
-158.784
-130.034
-100.289
-68.8839
-36.8181
0.0889699
26.848
125.344
141.015
156.855
171.942
184.794
195.432
203.242
207.698
208.911
207.182
202.922
196.609
188.59
179.163
168.615
157.148
144.951
132.193
119.008
105.504
91.7776
77.9364
64.1267
50.6162
37.8495
26.3305
16.3657
8.01416
1.29741
-3.72035
-7.00261
-8.58388
-8.50416
-6.74113
-3.23588
2.34818
10.4504
23.3363
40.4034
101.754
84.1349
63.4557
40.3976
16.1923
-10.1975
-38.0384
-66.6982
-96.1698
-125.968
-155.726
-185.179
-213.866
-241.35
-267.153
-290.751
-311.61
-329.242
-343.196
-353.173
-358.864
-360.225
-357.314
-350.222
-338.921
-323.368
-304.081
-282.243
-259.002
-234.85
-209.743
-183.612
-156.504
-128.354
-99.1618
-68.293
-36.8269
-0.698746
25.7809
117.49
132.051
146.845
161.004
173.159
183.361
191.022
195.641
197.307
196.3
192.978
187.767
180.959
172.798
163.519
153.273
142.21
130.474
118.188
105.465
92.4147
79.1606
65.856
52.7612
40.2946
28.925
18.9724
10.5465
3.69835
-1.49881
-4.99414
-6.80218
-6.95046
-5.40631
-2.10542
3.27797
11.1547
23.5989
39.7704
95.3047
78.8985
59.6479
38.2185
15.8084
-8.60645
-34.3322
-60.7837
-87.9962
-115.539
-143.112
-170.516
-197.36
-223.276
-247.84
-270.571
-290.969
-308.552
-322.848
-333.54
-340.279
-342.924
-341.459
-335.92
-326.29
-312.542
-295.089
-274.916
-253.045
-230
-205.831
-180.516
-154.119
-126.599
-97.9891
-67.6962
-36.8216
-1.56012
24.5544
109.994
123.584
137.458
150.793
162.325
172.117
179.612
184.329
186.339
185.909
183.357
179.067
173.295
166.245
158.108
148.997
139.022
128.3
116.934
105.033
92.7087
80.0915
67.3353
54.6947
42.5676
31.3963
21.5052
13.0447
6.09582
0.743282
-2.94768
-4.97156
-5.34305
-4.01944
-0.930417
4.23723
11.8648
23.8305
39.1049
89.1203
73.7845
55.7996
35.8118
14.9882
-7.67682
-31.5231
-56.0017
-81.1809
-106.677
-132.235
-157.717
-182.786
-207.137
-230.407
-252.162
-271.94
-289.277
-303.704
-314.872
-322.426
-326.133
-325.92
-321.781
-313.692
-301.631
-285.918
-267.365
-246.866
-224.952
-201.75
-177.281
-151.626
-124.767
-96.7705
-67.096
-36.8219
-2.50204
23.1927
102.88
115.616
128.667
141.267
152.233
161.64
168.956
173.717
175.988
176.018
174.098
170.578
165.689
159.606
152.488
144.415
135.465
125.728
115.284
104.225
92.6605
80.7168
68.5465
56.3954
44.645
33.7161
23.933
15.4769
8.45732
2.97307
-0.896548
-3.12631
-3.71642
-2.61358
0.259119
5.20076
12.5616
24.0222
38.408
83.2297
68.8491
51.9953
33.2951
13.8847
-7.21864
-29.386
-52.0957
-75.4428
-99.078
-122.785
-146.47
-169.849
-192.67
-214.627
-235.336
-254.37
-271.298
-285.662
-297.095
-305.25
-309.824
-310.695
-307.816
-301.149
-290.661
-276.595
-259.608
-240.473
-219.71
-197.5
-173.905
-149.022
-122.858
-95.5035
-66.4844
-36.8443
-3.51489
21.7016
96.1578
108.13
120.442
132.376
142.826
151.866
158.994
163.763
166.226
166.623
165.223
162.346
158.208
152.963
146.746
139.614
131.618
122.822
113.281
103.069
92.2831
81.0412
69.4885
57.8599
46.5219
35.8782
26.2491
17.838
10.7808
5.19154
1.16344
-1.25881
-2.06015
-1.17741
1.47386
6.17702
13.2507
24.1795
37.6838
77.6459
64.125
48.2895
30.7482
12.6052
-7.09766
-27.7545
-48.8739
-70.5638
-92.5041
-114.514
-136.532
-158.319
-179.671
-200.325
-219.95
-238.162
-254.56
-268.712
-280.239
-288.806
-294.065
-295.851
-294.084
-288.708
-279.674
-267.154
-251.672
-233.884
-214.281
-193.084
-170.39
-146.309
-120.871
-94.1905
-65.8599
-36.8951
-4.58894
20.0907
89.8248
101.106
112.747
124.078
134.05
142.739
149.676
154.42
157.022
157.711
156.737
154.398
150.9
146.381
140.957
134.671
127.552
119.64
110.97
101.594
91.5922
81.0703
70.1604
59.0821
48.1886
37.8695
28.4378
20.1121
13.0509
7.3841
3.21881
0.618366
-0.38597
0.278415
2.70434
7.15828
13.9267
24.3021
36.9361
72.3707
59.6305
44.718
28.2271
11.2269
-7.20954
-26.5017
-46.1837
-66.3709
-86.7683
-107.224
-127.701
-147.996
-167.945
-187.33
-205.862
-223.201
-238.981
-252.799
-264.274
-273.086
-278.868
-281.414
-280.615
-276.4
-268.702
-257.626
-243.581
-227.113
-208.674
-188.507
-166.736
-143.485
-118.805
-92.8299
-65.2196
-36.9706
-5.71408
18.382
83.8699
94.5248
105.552
116.329
125.856
134.21
140.952
145.649
148.347
149.267
148.643
146.756
143.801
139.907
135.18
129.648
123.327
116.238
108.396
99.8332
90.61
80.8149
70.564
60.0599
49.6407
39.6819
30.4883
22.2878
15.2571
9.54179
5.26253
2.50036
1.3031
1.75221
3.94945
8.14354
14.5887
24.3922
36.1686
67.4014
55.3726
41.302
25.7696
9.80651
-7.47959
-25.5343
-43.9105
-62.7313
-81.7238
-100.755
-119.807
-138.71
-157.332
-175.493
-192.945
-209.387
-224.489
-237.878
-249.187
-258.101
-264.259
-267.419
-267.449
-264.265
-257.782
-248.046
-235.365
-220.183
-202.902
-183.776
-162.948
-140.552
-116.659
-91.4235
-64.5662
-37.0664
-6.88538
16.6015
78.2785
88.3612
98.8247
109.088
118.2
126.233
132.777
137.409
140.168
141.271
140.934
139.425
136.933
133.58
129.461
124.6
119.001
112.671
105.607
97.8237
89.3621
80.2911
70.7076
60.7947
50.8741
41.3077
32.3901
24.3529
17.3874
11.6534
7.28466
4.37866
2.9999
3.23811
5.20434
9.12912
15.2351
24.4521
35.3859
62.7294
51.3531
38.0568
23.4004
8.38585
-7.8521
-24.777
-41.9648
-59.5388
-77.2461
-94.9692
-112.709
-130.318
-147.693
-164.686
-181.081
-196.621
-211.006
-223.896
-234.945
-243.84
-250.246
-253.886
-254.615
-252.337
-246.95
-238.449
-227.052
-213.112
-196.978
-178.898
-159.028
-137.512
-114.435
-89.9688
-63.8969
-37.1769
-8.09495
14.7705
73.0335
82.5901
92.5331
102.32
111.04
118.765
125.112
129.664
132.458
133.702
133.602
132.411
130.314
127.426
123.839
119.571
114.621
108.984
102.645
95.6011
87.8756
79.517
70.6018
61.2909
51.8883
42.7415
34.1338
26.2963
19.4303
13.708
9.27517
6.24483
4.69746
4.73058
6.46445
10.1116
15.8635
24.4839
34.5924
58.3432
47.5692
34.986
21.1383
6.99229
-8.28342
-24.1745
-40.2736
-56.7083
-73.2383
-89.761
-106.29
-122.698
-138.903
-154.786
-170.162
-184.807
-198.457
-210.8
-221.515
-230.296
-236.835
-240.836
-242.14
-240.647
-236.239
-228.867
-218.673
-205.926
-190.918
-173.884
-154.985
-134.368
-112.133
-88.4668
-63.2127
-37.301
-9.33623
12.9006
68.1176
77.1875
86.6481
95.9877
104.337
111.77
117.918
122.381
125.186
126.539
126.633
125.71
123.95
121.465
118.342
114.599
110.229
105.221
99.5507
93.2017
86.1793
78.5132
70.2587
61.5548
52.6853
43.9809
35.7127
28.1085
21.3752
15.6948
11.2243
8.09035
6.38863
6.22394
7.7254
11.0879
16.4731
24.4907
33.7936
54.2309
44.0156
32.0928
18.9922
5.64745
-8.74321
-23.6829
-38.7841
-54.1725
-69.6216
-85.0391
-100.45
-115.742
-130.854
-145.689
-160.089
-173.86
-186.77
-198.535
-208.86
-217.449
-224.024
-228.279
-230.048
-229.224
-225.681
-219.335
-210.26
-198.65
-184.741
-168.746
-150.823
-131.123
-109.754
-86.9159
-62.5097
-37.4348
-10.5997
10.9949
63.513
72.1313
81.1415
90.062
98.0605
105.21
111.163
115.527
118.328
119.762
120.016
119.319
117.847
115.71
112.993
109.711
105.859
101.42
96.3623
90.6596
84.3025
77.303
69.6958
61.5972
53.2687
45.0241
37.121
29.7805
23.2115
17.603
13.1214
9.90541
8.0649
7.71105
8.98133
12.0538
17.0617
24.4746
32.9931
50.3792
40.6836
29.3757
16.9691
4.36523
-9.20729
-23.2699
-37.4514
-51.8768
-66.3308
-80.7316
-95.1094
-109.369
-123.46
-137.308
-150.779
-163.703
-175.877
-187.046
-196.942
-205.278
-211.807
-216.222
-218.354
-218.093
-215.308
-209.886
-201.844
-191.31
-178.466
-163.497
-146.553
-127.783
-107.301
-85.3181
-61.7879
-37.5768
-11.8769
9.05438
59.2031
67.3995
75.9879
84.5132
92.1786
99.0564
104.817
109.077
111.858
113.352
113.737
113.231
112.006
110.17
107.807
104.932
101.54
97.6127
93.1137
88.008
82.2749
75.9108
68.9316
61.4299
53.6449
45.8726
38.3555
31.3056
24.9302
19.4227
14.9566
11.681
9.71842
9.18564
10.2274
13.0062
17.6289
24.4392
32.197
46.7753
37.5653
26.8305
15.0712
3.15537
-9.65851
-22.9088
-36.2413
-49.7761
-63.3125
-76.7746
-90.1989
-103.5
-116.641
-129.564
-142.152
-154.262
-165.714
-176.282
-185.72
-193.758
-200.172
-204.668
-207.071
-207.276
-205.147
-200.549
-193.455
-183.932
-172.114
-158.153
-142.184
-124.352
-104.777
-83.672
-61.0434
-37.7222
-13.1566
7.08236
55.1702
62.9711
71.1625
79.3155
86.664
93.2806
98.8509
103.003
105.754
107.29
107.781
107.436
106.423
104.85
102.795
100.28
97.2971
93.8278
89.8347
85.277
80.1248
74.3611
67.9847
61.0664
53.8227
46.5298
39.4146
32.678
26.5229
21.1438
16.7193
13.4069
11.3397
10.6397
11.4569
13.9405
18.1725
24.3865
31.4091
43.4059
34.6502
24.4529
13.2989
2.0229
-10.0844
-22.5808
-35.1258
-47.8378
-60.5244
-73.1187
-85.6595
-98.0716
-110.328
-122.384
-134.139
-145.471
-156.222
-166.191
-175.155
-182.862
-189.106
-193.615
-196.211
-196.791
-195.222
-191.355
-185.124
-176.546
-165.709
-152.73
-137.729
-120.84
-102.185
-81.98
-60.2759
-37.8678
-14.4306
5.08817
51.3972
58.8271
66.6446
74.4448
81.4918
87.8572
93.2406
97.2809
99.9924
101.557
102.135
101.927
101.097
99.751
97.9672
95.7673
93.1471
90.0877
86.5511
82.494
77.8791
72.6785
66.8762
60.5231
53.8126
47.0011
40.299
33.8942
27.9829
22.758
18.4005
15.074
12.9204
12.0663
12.6646
14.8534
18.6924
24.32
30.6351
40.2581
31.9294
22.2365
11.6502
0.972254
-10.476
-22.2702
-34.084
-46.0317
-57.9321
-69.7225
-81.4449
-93.0314
-104.464
-115.708
-126.679
-137.271
-147.346
-156.724
-165.207
-172.561
-178.592
-183.057
-185.777
-186.651
-185.555
-182.33
-176.879
-169.179
-159.272
-147.247
-133.2
-117.254
-99.5291
-80.2413
-59.4814
-38.0067
-15.688
3.08753
47.8694
54.9492
62.4141
69.8806
76.6391
82.7615
87.9621
91.8892
94.5555
96.1363
96.7844
96.6918
96.0202
94.8722
93.3258
91.4043
89.1055
86.4118
83.2863
79.6838
75.5627
70.8866
65.6271
59.8167
53.6269
47.2935
41.0104
34.9519
29.3044
24.2567
19.9903
16.6722
14.4505
13.4566
13.8436
15.7401
19.1867
24.2414
29.8785
37.319
29.3927
20.175
10.1221
0.00499994
-10.8273
-21.9656
-33.0978
-44.3354
-55.5054
-66.5498
-77.5121
-88.3323
-98.999
-109.484
-119.718
-129.609
-139.035
-147.838
-155.838
-162.825
-168.612
-172.985
-175.769
-176.867
-176.165
-173.499
-168.748
-161.857
-152.83
-141.722
-128.611
-113.603
-96.8148
-78.459
-58.6584
-38.1339
-16.9199
1.09831
44.5719
51.3216
58.4527
65.6009
72.0835
77.972
82.9942
86.8082
89.4236
91.0105
91.7151
91.7213
91.1866
90.2117
88.8736
87.1976
85.1832
82.8155
80.0585
76.8677
73.1982
69.0074
64.2572
58.9644
53.2786
47.4162
41.5537
35.851
30.4837
25.634
21.4809
18.1928
15.9221
14.8035
14.9883
16.5975
19.6553
24.154
29.1443
34.5769
27.0309
18.2613
8.71073
-0.880028
-11.1343
-21.6589
-32.1551
-42.7306
-53.2205
-63.572
-73.8279
-83.9352
-93.8885
-103.666
-113.207
-122.435
-131.243
-139.489
-147.013
-153.623
-159.145
-163.389
-166.186
-167.448
-167.068
-164.883
-160.756
-154.606
-146.404
-136.177
-123.977
-109.897
-94.0478
-76.632
-57.8035
-38.2412
-18.1158
-0.863729
41.491
47.9283
54.7424
61.5874
67.806
73.469
78.317
82.0182
84.5791
86.1645
86.9142
87.0043
86.5884
85.7652
84.6103
83.1505
81.3883
79.3105
76.8838
74.0643
70.8059
67.0617
62.7863
57.9828
52.7817
47.3788
41.934
36.5927
31.518
26.8836
22.8641
19.6266
17.3257
16.0979
16.0913
17.4206
20.0962
24.0589
28.4351
32.0206
24.8338
16.4884
7.4117
-1.68328
-11.3949
-21.3441
-31.2449
-41.2022
-51.0578
-60.7642
-70.3633
-79.808
-89.0959
-98.2124
-107.105
-115.708
-123.927
-131.638
-138.696
-144.928
-150.17
-154.256
-157.024
-158.396
-158.275
-156.502
-152.928
-147.451
-140.019
-130.63
-119.316
-106.149
-91.2341
-74.7652
-56.9146
-38.323
-19.2676
-2.78455
38.6134
44.7546
51.2676
57.8233
63.7887
69.235
73.9129
77.5017
80.0053
81.5831
82.3684
82.5301
82.2174
81.5273
80.5339
79.2656
77.7268
75.9071
73.7752
71.2895
68.4037
65.0688
61.2335
56.8905
52.1512
47.1928
42.1587
37.1801
32.4067
28.0019
24.1336
20.9663
18.6537
17.3329
17.1474
18.2063
20.5096
23.9586
27.7552
29.639
22.7931
14.8486
6.2206
-2.40773
-11.6078
-21.0163
-30.3601
-39.7384
-49.0021
-58.1067
-67.0945
-75.9213
-84.5901
-93.0889
-101.374
-109.389
-117.051
-124.249
-130.854
-136.71
-141.663
-145.57
-148.276
-149.713
-149.796
-148.37
-145.283
-140.416
-133.698
-125.103
-114.641
-102.37
-88.3807
-72.8581
-55.9885
-38.3721
-20.3645
-4.65294
35.9266
41.7873
48.0135
54.2927
60.0154
65.2525
69.765
73.2427
75.687
77.2521
78.0654
78.2881
78.0659
77.4927
76.6419
75.5427
74.2021
72.6114
70.7428
68.5563
66.0072
63.0458
59.6167
55.7034
51.4013
46.8694
42.2358
37.6172
33.1497
28.9854
25.2839
22.204
19.8973
18.5001
18.1493
18.9496
20.8933
23.8538
27.1056
27.4215
20.899
13.335
5.13196
-3.05534
-11.7739
-20.6732
-29.4933
-38.3296
-47.0399
-55.5821
-63.9995
-72.2513
-80.3418
-88.2644
-95.9814
-103.443
-110.579
-117.289
-123.457
-128.943
-133.604
-137.315
-139.935
-141.4
-141.638
-140.503
-137.84
-133.523
-127.463
-119.616
-109.972
-98.5721
-85.4965
-70.915
-55.0239
-38.3806
-21.3989
-6.45621
33.4194
39.0131
44.9661
50.9803
56.4705
61.5058
65.8578
69.2257
71.6095
73.1581
73.9926
74.2676
74.1244
73.6548
72.9296
71.9805
70.8155
69.4284
67.7942
65.8759
63.6305
61.008
57.9515
54.4374
50.5464
46.421
42.1746
37.91
33.7497
29.8334
26.3109
23.3343
21.0504
19.593
19.0921
19.6478
21.2474
23.7462
26.4896
25.3586
19.1433
11.9408
4.14057
-3.62994
-11.8928
-20.3127
-28.6405
-36.9677
-45.1593
-53.1763
-61.0607
-68.7757
-76.3274
-83.7121
-90.8973
-97.8411
-104.479
-110.726
-116.475
-121.601
-125.971
-129.477
-131.988
-133.451
-133.804
-132.91
-130.615
-126.79
-121.335
-114.187
-105.324
-94.7682
-82.5874
-68.9382
-54.0174
-38.3425
-22.361
-8.18288
31.0806
36.42
42.112
47.8732
53.1399
57.9806
62.1769
65.4368
67.7595
69.2881
70.1386
70.4583
70.3841
70.0061
69.3927
68.5765
67.5675
66.3611
64.9356
63.2569
61.2842
58.9684
56.2525
53.1074
49.6008
45.86
41.9849
38.0649
34.2093
30.5452
27.2114
24.3514
22.1059
20.6044
19.9693
20.2962
21.5695
23.6353
25.9067
23.4407
17.5176
10.6588
3.24118
-4.13437
-11.9671
-19.9342
-27.7982
-35.6473
-43.3527
-50.8778
-58.264
-65.4778
-72.5261
-79.4084
-86.0966
-92.5546
-98.7256
-104.532
-109.881
-114.66
-118.743
-122.037
-124.425
-125.862
-126.294
-125.598
-123.622
-120.235
-115.332
-108.837
-100.715
-90.9718
-79.664
-66.9314
-52.9687
-38.2517
-23.2438
-9.82152
28.8999
33.997
39.4398
44.9582
50.0104
54.6635
58.7083
61.863
64.1243
65.6305
66.4919
66.8499
66.8366
66.5394
66.0253
65.3272
64.4567
63.4109
62.171
60.7063
58.9778
56.939
54.533
51.727
48.5779
45.1987
41.6768
38.0897
34.5335
31.1225
27.9841
25.252
23.0592
21.5293
20.7765
20.8923
21.8597
23.5224
25.3588
21.659
16.0142
9.48248
2.42851
-4.57309
-11.998
-19.5374
-26.9649
-34.3641
-41.6126
-48.6769
-55.5969
-62.342
-68.9201
-75.3333
-81.5569
-87.5596
-93.2914
-98.6834
-103.652
-108.095
-111.899
-114.98
-117.235
-118.626
-119.11
-118.572
-116.87
-113.873
-109.471
-103.583
-96.1595
-87.1951
-76.7334
-64.8978
-51.8761
-38.1018
-24.0398
-11.3627
26.8674
31.7337
36.9379
42.2235
47.0696
51.5417
55.44
58.4916
60.6914
62.1734
63.0422
63.433
63.4732
63.2475
62.8215
62.2286
61.4809
60.5779
59.5033
58.2288
56.719
54.9293
52.8045
50.3091
47.4904
44.4489
41.2608
37.9923
34.7273
31.5675
28.6285
26.033
23.9054
22.362
21.5086
21.4318
22.1154
23.4062
24.8438
20.005
14.6253
8.4054
1.69726
-4.94902
-11.9879
-19.1227
-26.1376
-33.1133
-39.9325
-46.5648
-53.0483
-59.3551
-65.4944
-71.469
-77.2582
-82.8346
-88.1544
-93.1558
-97.7633
-101.886
-105.419
-108.289
-110.406
-111.736
-112.248
-111.837
-110.368
-107.715
-103.769
-98.4407
-91.6738
-83.4517
-73.8054
-62.8425
-50.7391
-37.8889
-24.7428
-12.7965
24.9741
29.6199
34.5959
39.6581
44.3061
48.6038
52.3601
55.3107
57.4499
58.9061
59.779
60.1974
60.2846
60.1228
59.7752
59.2757
58.6373
57.861
56.9331
55.8282
54.5136
52.9475
51.0767
48.8645
46.35
43.622
40.7473
37.7816
34.7974
31.8843
29.1458
26.6934
24.6418
23.0992
22.1624
21.9128
22.3363
23.2868
24.3623
18.4706
13.3441
7.42124
1.04248
-5.26664
-11.9391
-18.6908
-25.3166
-31.8923
-38.3079
-44.5344
-50.6087
-56.5053
-62.2343
-67.7995
-73.1829
-78.3607
-83.2945
-87.9282
-92.1949
-96.0118
-99.2858
-101.948
-103.923
-105.183
-105.704
-105.392
-104.122
-101.773
-98.237
-93.4244
-87.2716
-79.7528
-70.8883
-60.7692
-49.5582
-37.6076
-25.3472
-14.1164
23.2113
27.6465
32.4039
37.2519
41.7092
45.8387
49.4573
52.3097
54.3888
55.8179
56.6921
57.1341
57.2626
57.1575
56.8799
56.4634
55.9221
55.2585
54.4607
53.5066
52.3659
51.0001
49.3581
47.403
45.1672
42.7292
40.1467
37.4665
34.7507
32.0773
29.5378
27.2328
25.2661
23.7373
22.7339
22.3319
22.5198
23.162
23.9108
17.0485
12.1633
6.52415
0.45903
-5.5293
-11.8545
-18.2434
-24.5006
-30.6998
-36.7351
-42.5803
-48.2711
-53.7838
-59.1288
-64.3111
-69.3153
-74.1205
-78.6927
-82.9817
-86.9272
-90.4545
-93.4801
-95.9416
-97.7738
-98.9565
-99.4716
-99.2364
-98.1351
-96.0535
-92.8873
-88.5473
-82.9663
-76.1107
-67.9914
-58.6837
-48.3342
-37.2564
-25.8497
-15.3159
21.5707
25.8045
30.3527
34.9947
39.2687
43.2361
46.7213
49.4782
51.4978
52.8989
53.7723
54.234
54.3992
54.3444
54.1293
53.7864
53.3317
52.7677
52.0857
51.265
50.2794
49.0923
47.6559
45.9336
43.952
41.7805
39.4688
37.0562
34.5949
32.1522
29.8085
27.6527
25.7781
24.2747
23.2216
22.6879
22.6656
23.0313
23.4885
15.7313
11.077
5.70827
-0.0577844
-5.74139
-11.7361
-17.781
-23.6902
-29.5336
-35.2107
-40.6975
-46.0283
-51.1812
-56.1673
-60.992
-65.6419
-70.0988
-74.3327
-78.2986
-81.9423
-85.1964
-87.9855
-90.2536
-91.9455
-93.0466
-93.5451
-93.3682
-92.4094
-90.5625
-87.7283
-83.8202
-78.7689
-72.5358
-65.1227
-56.5906
-47.0686
-36.833
-26.247
-16.3912
20.0448
24.086
28.4334
32.8779
36.9756
40.7863
44.1425
46.806
48.7674
50.14
51.0104
51.4888
51.6858
51.676
51.516
51.2396
50.861
50.386
49.8058
49.1042
48.2557
47.228
45.976
44.4637
42.7129
40.7852
38.7234
36.5596
34.3378
32.1153
29.9618
27.955
26.1778
24.7103
23.6232
22.9783
22.7712
22.892
23.0907
14.5125
10.0784
4.96821
-0.512807
-5.90598
-11.5873
-17.3059
-22.8854
-28.3928
-33.7324
-38.8819
-43.8748
-48.6906
-53.3406
-57.831
-62.1501
-66.2819
-70.1997
-73.8633
-77.2241
-80.2209
-82.7861
-84.8695
-86.4251
-87.4428
-87.9166
-87.7826
-86.944
-85.3031
-82.7669
-79.2521
-74.6899
-69.0379
-62.2909
-54.4958
-45.7643
-36.3366
-26.5379
-17.3387
18.6263
22.4831
26.6383
30.8927
34.8207
38.4804
41.7117
44.2845
46.1882
47.5318
48.3975
48.8898
49.115
49.1449
49.0344
48.8162
48.506
48.1092
47.6199
47.0231
46.2966
45.4106
44.3229
42.9995
41.4577
39.752
37.9193
35.9858
33.9878
31.9737
30.0032
28.1438
26.4673
25.0448
23.9384
23.2026
22.8363
22.7429
22.7159
13.3856
9.16232
4.2987
-0.9102
-6.02743
-11.4103
-16.8195
-22.0871
-27.2765
-32.2978
-37.1302
-41.8058
-46.3056
-50.6411
-54.8191
-58.829
-62.6574
-66.2803
-69.6615
-72.7572
-75.5129
-77.8671
-79.7754
-81.1995
-82.1336
-82.5774
-82.4744
-81.7374
-80.2769
-78.0075
-74.85
-70.7375
-65.6258
-59.503
-52.4045
-44.4242
-35.7679
-26.7216
-18.1574
17.3082
20.9887
24.9592
29.0312
32.7958
36.3099
39.4201
41.9047
43.7519
45.0662
45.9254
46.4289
46.6787
46.7439
46.6774
46.5113
46.2614
45.934
45.5248
45.0207
44.4022
43.6416
42.7007
41.5465
40.1931
38.6888
37.0651
35.3433
33.553
31.7347
29.9389
28.2231
26.6494
25.2792
24.167
23.3595
22.8587
22.5809
22.3585
12.3445
8.32254
3.6949
-1.25446
-6.10866
-11.2081
-16.3234
-21.2952
-26.1846
-30.9057
-35.4395
-39.8169
-44.0204
-48.0618
-51.9476
-55.6691
-59.2144
-62.5621
-65.6799
-68.5282
-71.058
-73.2143
-74.9574
-76.2559
-77.1083
-77.5185
-77.437
-76.7858
-75.4838
-73.4529
-70.6191
-66.919
-62.307
-56.7668
-50.3229
-43.0522
-35.1288
-26.7996
-18.8467
16.0843
19.5958
23.3892
27.2857
30.8932
34.2667
37.2598
39.6585
41.4502
42.7348
43.5862
44.0986
44.3697
44.4661
44.4387
44.3187
44.1222
43.8562
43.5177
43.0954
42.572
41.9228
41.1122
40.1092
38.925
37.6025
36.1688
34.6406
33.0419
31.4061
29.7754
28.1985
26.728
25.4163
24.3103
23.4497
22.8383
22.4045
22.0164
11.3837
7.55439
3.15195
-1.5496
-6.15355
-10.9829
-15.8194
-20.5113
-25.1166
-29.5544
-33.807
-37.9043
-41.8301
-45.596
-49.209
-52.6613
-55.9427
-59.0341
-61.9064
-64.5242
-66.8432
-68.8144
-70.4024
-71.5821
-72.3557
-72.7302
-72.6632
-72.0846
-70.9219
-69.1041
-66.5633
-63.2394
-59.0878
-54.0884
-48.2563
-41.6526
-34.4221
-26.7737
-19.4082
14.9482
18.298
21.9215
25.6494
29.1055
32.3434
35.223
37.5381
39.2754
40.5301
41.3724
41.8915
42.1809
42.3048
42.3119
42.2328
42.0836
41.8717
41.5954
41.2452
40.8057
40.2547
39.5596
38.6912
37.6586
36.4996
35.2376
33.8855
32.4624
30.9957
29.5201
28.0762
26.7079
25.4593
24.3699
23.473
22.7736
22.2108
21.6837
10.4977
6.85246
2.66551
-1.79962
-6.16492
-10.7379
-15.3093
-19.7358
-24.0726
-28.2431
-32.2312
-36.0652
-39.7305
-43.2386
-46.5965
-49.7976
-52.8332
-55.686
-58.33
-60.7332
-62.856
-64.6547
-66.098
-67.166
-67.8643
-68.2027
-68.1448
-67.6279
-66.5877
-64.9603
-62.6839
-59.7027
-55.9735
-51.4737
-46.2105
-40.2306
-33.6518
-26.6475
-19.8437
13.8946
17.0892
20.5499
24.1155
27.4258
30.5328
33.3026
35.5364
37.2202
38.4449
39.2769
39.8006
40.1057
40.2536
40.2912
40.248
40.1404
39.9762
39.7546
39.4676
39.1019
38.6373
38.0442
37.2956
36.3982
35.3858
34.2783
33.0855
31.8226
30.5114
29.1805
27.8628
26.5947
25.4125
24.349
23.4312
22.6648
21.9982
21.3582
9.68144
6.21245
2.23124
-2.00812
-6.14634
-10.475
-14.7948
-18.9701
-23.0529
-26.971
-30.7098
-34.2964
-37.7175
-40.9843
-44.1041
-47.071
-49.8775
-52.5083
-54.9402
-57.1442
-59.0849
-60.7232
-62.032
-62.9959
-63.6231
-63.9259
-63.873
-63.4089
-62.4766
-61.0193
-58.9812
-56.3112
-52.9682
-48.9277
-44.1908
-38.7912
-32.8224
-26.4252
-20.158
12.9177
15.9638
19.2681
22.6778
25.8476
28.8282
31.4917
33.6465
35.2776
36.4721
37.2927
37.8193
38.1375
38.3063
38.3704
38.3589
38.2879
38.1655
37.9918
37.7602
37.459
37.0704
36.5673
35.9245
35.1476
34.266
33.2968
32.2477
31.13
29.9612
28.7642
27.5655
26.3946
25.2809
24.2508
23.3257
22.5114
21.7641
21.0341
8.93015
5.62953
1.84529
-2.17875
-6.10017
-10.1969
-14.2778
-18.2146
-22.0573
-25.7373
-29.2413
-32.5956
-35.7876
-38.8287
-41.726
-44.4746
-47.0681
-49.4928
-51.7276
-53.747
-55.5188
-57.0088
-58.1929
-59.0602
-59.621
-59.8893
-59.8388
-59.4201
-58.5831
-57.2777
-55.4543
-53.0662
-50.0746
-46.4549
-42.2025
-37.3399
-31.9396
-26.1125
-20.355
12.0125
14.9163
18.0706
21.3303
24.3648
27.2235
29.784
31.8616
33.4412
34.6055
35.4137
35.9412
36.2701
36.4568
36.5442
36.5604
36.5213
36.4354
36.3035
36.1203
35.8755
35.5533
35.1294
34.5803
33.91
33.1446
32.299
31.3787
30.3921
29.3529
28.279
27.1918
26.1143
25.07
24.0794
23.1592
22.3143
21.5075
20.7096
8.23929
5.09992
1.50374
-2.31464
-6.03
-9.90557
-13.7596
-17.4707
-21.0861
-24.5415
-27.8245
-30.9603
-33.9378
-36.7676
-39.4573
-42.0024
-44.3978
-46.631
-48.6834
-50.5317
-52.1475
-53.5005
-54.5697
-55.3479
-55.847
-56.0827
-56.0326
-55.6534
-54.9009
-53.7313
-52.1008
-49.9673
-47.2949
-44.0587
-40.2503
-35.8825
-31.0093
-25.7154
-20.4411
11.1742
13.9417
16.9521
20.0675
22.9716
25.7125
28.1732
30.176
31.7048
32.8386
33.6335
34.1604
34.4978
34.6997
34.8071
34.8473
34.8361
34.7818
34.6862
34.545
34.3494
34.0853
33.7308
33.2641
32.6879
32.0255
31.2898
30.4846
29.6158
28.6939
27.7328
26.7492
25.7608
24.7858
23.8395
22.9342
22.0739
21.2267
20.3794
7.60464
4.61942
1.20309
-2.41906
-5.93782
-9.60335
-13.242
-16.739
-20.1397
-23.383
-26.4579
-29.3885
-32.1648
-34.7972
-37.2932
-39.6489
-41.8601
-43.9158
-45.7992
-47.4895
-48.9614
-50.1881
-51.1517
-51.8478
-52.2903
-52.4956
-52.445
-52.1002
-51.4227
-50.3745
-48.9173
-47.0134
-44.6297
-41.742
-38.3386
-34.4246
-30.0382
-25.241
-20.4223
10.3984
13.0353
15.9075
18.8842
21.6627
24.2899
26.6539
28.5836
30.0626
31.1659
31.9466
32.4713
32.8151
33.0297
33.1541
33.215
33.2278
33.2008
33.1366
33.0318
32.8789
32.6653
32.3713
31.9769
31.4837
30.9124
30.274
29.571
28.8076
27.9914
27.1332
26.2453
25.3413
24.4346
23.5362
22.6544
21.7919
20.921
20.0425
7.02221
4.18458
0.940021
-2.4948
-5.82656
-9.29192
-12.7261
-16.0205
-19.2181
-22.2613
-25.1404
-27.8783
-30.466
-32.9139
-35.2291
-37.4087
-39.4489
-41.3401
-43.0671
-44.6116
-45.951
-47.0618
-47.9286
-48.5499
-48.9406
-49.118
-49.0662
-48.7516
-48.141
-47.2015
-45.8997
-44.2022
-42.0789
-39.5066
-36.4714
-32.9719
-29.0329
-24.6966
-20.3064
9.68073
12.1925
14.932
17.7754
20.4329
22.9501
25.2204
27.0791
28.509
29.5819
30.3474
30.8686
31.2168
31.4417
31.5805
31.659
31.6923
31.6888
31.6516
31.5781
31.462
31.2921
31.0508
30.7196
30.2993
29.8081
29.2557
28.6433
27.9738
27.2525
26.4874
25.6876
24.863
24.023
23.1748
22.3233
21.4699
20.5899
19.6945
6.48826
3.79169
0.711388
-2.54474
-5.6981
-8.97361
-12.2136
-15.3159
-18.3214
-21.176
-23.8707
-26.4277
-28.839
-31.1143
-33.261
-35.2767
-37.1582
-38.8971
-40.4799
-41.8901
-43.1077
-44.1121
-44.8906
-45.4437
-45.7876
-45.9396
-45.8863
-45.5987
-45.0477
-44.2055
-43.043
-41.5308
-39.6418
-37.354
-34.6521
-31.5296
-28.0004
-24.09
-20.1009
9.01737
11.4092
14.0213
16.7364
19.2773
21.6884
23.8678
25.6572
27.0391
28.0814
28.831
29.3471
29.6981
29.9311
30.0817
30.175
30.2257
30.2422
30.228
30.1812
30.0967
29.9645
29.7689
29.4927
29.1362
28.7154
28.2385
27.7063
27.12
26.4837
25.8027
25.0835
24.333
23.5575
22.7609
21.9451
21.1101
20.2334
19.3352
5.99927
3.4377
0.514266
-2.57136
-5.55511
-8.64965
-11.7055
-14.6261
-17.45
-20.1266
-22.648
-25.0352
-27.281
-29.3953
-31.385
-33.2483
-34.9827
-36.5807
-38.0304
-39.3171
-40.423
-41.3302
-42.0283
-42.5197
-42.8211
-42.9501
-42.8956
-42.632
-42.1347
-41.3795
-40.3417
-38.9956
-37.3169
-35.2849
-32.8837
-30.1029
-26.9474
-23.4292
-19.8142
8.40444
10.6813
13.171
15.7627
18.1913
20.4999
22.5913
24.3132
25.6476
26.6594
27.3924
27.9023
28.2543
28.4934
28.6537
28.7592
28.8244
28.8577
28.8629
28.8389
28.7812
28.6814
28.525
28.2968
27.9958
27.6365
27.2259
26.7641
26.2518
25.691
25.0856
24.4399
23.7584
23.0447
22.3001
21.5241
20.715
19.852
18.9613
5.55189
3.11933
0.345873
-2.57711
-5.39913
-8.322
-11.2031
-13.9513
-16.6038
-19.1126
-21.4709
-23.6989
-25.7899
-27.7538
-29.5972
-31.319
-32.9171
-34.385
-35.712
-36.8852
-37.8889
-38.7074
-39.3326
-39.7681
-40.0314
-40.1399
-40.0843
-39.8425
-39.3932
-38.7161
-37.7899
-36.5923
-35.1019
-33.2994
-31.1686
-28.6965
-25.8805
-22.7221
-19.4543
7.8384
10.0051
12.3773
14.8504
17.1707
19.3803
21.3863
23.0423
24.3303
25.3115
26.0272
26.5296
26.8811
27.1246
27.2924
27.4078
27.4849
27.5322
27.5537
27.5488
27.5138
27.4414
27.3189
27.1319
26.8793
26.5735
26.2209
25.8211
25.3738
24.8802
24.3425
23.7637
23.146
22.491
21.7981
21.0645
20.2873
19.4465
18.5737
5.14294
2.83385
0.203598
-2.56426
-5.23251
-7.99184
-10.7071
-13.2925
-15.7829
-18.1337
-20.3386
-22.417
-24.3633
-26.1868
-27.8941
-29.4845
-30.9564
-32.3041
-33.5181
-34.5872
-35.4976
-36.2355
-36.7945
-37.18
-37.4091
-37.4993
-37.443
-37.2209
-36.8149
-36.2077
-35.3812
-34.3165
-32.9943
-31.3972
-29.5088
-27.3145
-24.8061
-21.9765
-19.0299
7.31586
9.37696
11.6365
13.9954
16.2114
18.3254
20.2485
21.8404
23.0826
24.0332
24.731
25.2251
25.5745
25.8207
25.9941
26.1173
26.2042
26.2629
26.2978
26.3087
26.2928
26.2436
26.1499
25.9985
25.7877
25.5284
25.2264
24.8807
24.4907
24.0564
23.5795
23.0611
22.5022
21.9026
21.2603
20.571
19.83
19.0184
18.1701
4.76953
2.57837
0.0850102
-2.53495
-5.05663
-7.66083
-10.2187
-12.6497
-14.9873
-17.1891
-19.2499
-21.1882
-22.999
-24.6915
-26.2722
-27.7406
-29.0958
-30.3326
-31.4429
-32.4166
-33.2416
-33.9063
-34.4057
-34.7462
-34.945
-35.0191
-34.9625
-34.7583
-34.3911
-33.8467
-33.1095
-32.1632
-30.9911
-29.5772
-27.9057
-25.9607
-23.7301
-21.2
-18.5494
6.83375
8.79362
10.9449
13.1942
15.3097
17.3312
19.1741
20.7034
21.9006
22.8207
23.5
23.9846
24.3309
24.5781
24.7554
24.8846
24.9791
25.0469
25.0927
25.1167
25.1166
25.087
25.0177
24.8965
24.7218
24.5028
24.2446
23.9462
23.6063
23.2247
22.8018
22.3381
21.833
21.2856
20.6923
20.0478
19.3463
18.5689
17.7524
4.42883
2.35051
-0.0122536
-2.49112
-4.87347
-7.32998
-9.7387
-12.0238
-14.2167
-16.2782
-18.2036
-20.0105
-21.6948
-23.2651
-24.7281
-26.0834
-27.3306
-28.4653
-29.4803
-30.3667
-31.114
-31.7123
-32.158
-32.4582
-32.6301
-32.6902
-32.6336
-32.4458
-32.1138
-31.6255
-30.968
-30.1274
-29.0889
-27.8382
-26.3602
-24.6385
-22.6579
-20.3998
-18.0209
6.38902
8.25195
10.2994
12.4431
14.4618
16.3941
18.1591
19.6274
20.7803
21.6699
22.3303
22.8046
23.1465
23.3934
23.5732
23.7066
23.8069
23.8819
23.9364
23.9709
23.9838
23.9703
23.9215
23.8262
23.6824
23.4981
23.2779
23.0206
22.7246
22.3893
22.0146
21.5999
21.1443
20.6455
20.0994
19.4997
18.8394
18.1003
17.3192
4.1183
2.14775
-0.0902355
-2.43467
-4.68428
-7.00073
-9.26794
-11.4148
-13.4713
-15.4006
-17.1987
-18.8826
-20.4485
-21.905
-23.2585
-24.5091
-25.6565
-26.6971
-27.6246
-28.4312
-29.1078
-29.646
-30.0434
-30.3078
-30.4559
-30.504
-30.4478
-30.275
-29.9746
-29.5367
-28.9503
-28.2037
-27.284
-26.1785
-24.8729
-23.3505
-21.5945
-19.5826
-17.4522
5.97898
7.74905
9.69684
11.7392
13.6646
15.5106
17.2001
18.609
19.7183
20.5775
21.2185
21.6816
22.0181
22.2635
22.4443
22.5806
22.6851
22.7655
22.8266
22.8695
22.8929
22.8927
22.861
22.7876
22.6701
22.5157
22.3282
22.1064
21.8488
21.5543
21.2223
20.8519
20.4412
19.9877
19.4864
18.9307
18.3127
17.6142
16.8727
3.83556
1.968
-0.150945
-2.36725
-4.49071
-6.67384
-8.80697
-10.8232
-12.7508
-14.5555
-16.2341
-17.8026
-19.2579
-20.6083
-21.8602
-23.0137
-24.069
-25.023
-25.8703
-26.604
-27.2164
-27.7003
-28.0545
-28.2869
-28.4143
-28.4518
-28.3966
-28.2376
-27.9659
-27.5729
-27.05
-26.3869
-25.5729
-24.5962
-23.4438
-22.0992
-20.5442
-18.7546
-16.8508
5.60107
7.28215
9.13438
11.0792
12.9147
14.6774
16.2936
17.6445
18.711
19.54
20.1612
20.6126
20.9426
21.1854
21.3661
21.5039
21.6111
21.6954
21.7616
21.8109
21.8426
21.8532
21.8356
21.7807
21.6856
21.5566
21.3972
21.2063
20.9821
20.7233
20.4291
20.0982
19.7286
19.3168
18.8582
18.3452
17.7696
17.1133
16.4132
3.5784
1.80918
-0.196165
-2.29045
-4.2938
-6.35054
-8.35645
-10.2489
-12.055
-13.7424
-15.3086
-16.769
-18.121
-19.3726
-20.5299
-21.5936
-22.5639
-23.4383
-24.2121
-24.8794
-25.4335
-25.8684
-26.1838
-26.388
-26.4971
-26.5259
-26.4719
-26.3257
-26.0797
-25.7271
-25.2607
-24.6719
-23.9516
-23.0893
-22.0727
-20.8861
-19.5109
-17.9214
-16.2235
5.25291
6.84878
8.60926
10.4603
12.2092
13.8914
15.4365
16.7309
17.7553
18.5542
19.1553
19.5943
19.9172
20.1564
20.3358
20.474
20.5828
20.6697
20.7395
20.7936
20.8318
20.8509
20.845
20.8053
20.7291
20.6218
20.4866
20.3222
20.127
19.8995
19.6388
19.3433
19.0107
18.6378
18.219
17.7471
17.2132
16.5996
15.9427
3.34473
1.66946
-0.227567
-2.2056
-4.09487
-6.03145
-7.91686
-9.69233
-11.3835
-12.9605
-14.4211
-15.7803
-17.0357
-18.1952
-19.2648
-20.2453
-21.1371
-21.9384
-22.6448
-23.2516
-23.7527
-24.1436
-24.4245
-24.6037
-24.6968
-24.7182
-24.6658
-24.5315
-24.3088
-23.9925
-23.5764
-23.0537
-22.4163
-21.6552
-20.759
-19.7128
-18.4978
-17.0881
-15.5767
4.93225
6.44649
8.11905
9.87992
11.5453
13.1497
14.6257
15.865
16.848
17.617
18.198
18.6241
18.939
19.1738
19.3511
19.4886
19.598
19.6863
19.7585
19.8161
19.8591
19.885
19.8884
19.8614
19.8011
19.7122
19.5976
19.4561
19.286
19.086
18.8548
18.5909
18.2919
17.9543
17.573
17.1401
16.6469
16.0759
15.4621
3.13264
1.54703
-0.246692
-2.11407
-3.8948
-5.71748
-7.48865
-9.15341
-10.7363
-12.2091
-13.5706
-14.8348
-15.9999
-17.0736
-18.0617
-18.9651
-19.7847
-20.5186
-21.1635
-21.7151
-22.1684
-22.5196
-22.7696
-22.9268
-23.0062
-23.0213
-22.9708
-22.8475
-22.6461
-22.3623
-21.9911
-21.527
-20.9631
-20.2915
-19.5017
-18.5799
-17.5077
-16.2592
-14.9162
4.63697
6.07308
7.66125
9.33552
10.9204
12.4495
13.8586
15.0441
15.9864
16.7257
17.2864
17.6992
18.0057
18.2353
18.4096
18.5457
18.6547
18.7435
18.817
18.8769
18.9235
18.9545
18.9654
18.9488
18.9019
18.8286
18.7315
18.6096
18.4613
18.2852
18.0801
17.8444
17.5756
17.2706
16.9238
16.5278
16.0735
15.5442
14.9738
2.94025
1.44026
-0.254976
-2.01702
-3.69472
-5.40915
-7.07213
-8.63231
-10.1128
-11.4876
-12.7559
-13.931
-15.0118
-16.0055
-16.9178
-17.7499
-18.5026
-19.1747
-19.7633
-20.2647
-20.6747
-20.9903
-21.2128
-21.3506
-21.4181
-21.4281
-21.3797
-21.2668
-21.0847
-20.83
-20.499
-20.087
-19.5882
-18.9956
-18.3
-17.4882
-16.5428
-15.4385
-14.2472
4.3651
5.72639
7.23377
8.82468
10.332
11.7885
13.1324
14.2655
15.1676
15.8775
16.4179
16.8172
17.1148
17.3386
17.5092
17.6431
17.751
17.8395
17.9134
17.9747
18.0237
18.0586
18.0754
18.0674
18.0315
17.9713
17.8891
17.7841
17.6547
17.4995
17.3174
17.1067
16.8653
16.5896
16.2748
15.9133
15.4964
15.0075
14.479
2.76591
1.34758
-0.253762
-1.91561
-3.49529
-5.10716
-6.66761
-8.12876
-9.51266
-10.7952
-11.9758
-13.0675
-14.0693
-14.9885
-15.8303
-16.5963
-17.2873
-17.9026
-18.4396
-18.8953
-19.2661
-19.5497
-19.7478
-19.8687
-19.926
-19.9319
-19.8858
-19.7824
-19.6179
-19.3895
-19.0944
-18.7287
-18.2875
-17.7648
-17.1523
-16.438
-15.6051
-14.6294
-13.5744
4.11483
5.40456
6.83441
8.34533
9.77781
11.1639
12.4447
13.5266
14.3891
15.0701
15.5904
15.9759
16.2641
16.4816
16.648
16.779
16.8851
16.9726
17.0463
17.1082
17.1587
17.1965
17.2179
17.2168
17.1902
17.141
17.0714
16.9809
16.8678
16.7308
16.5689
16.3806
16.1636
15.9148
15.6293
15.3
14.9182
14.468
13.9802
2.60802
1.26754
-0.244364
-1.81087
-3.29753
-4.81195
-6.27527
-7.64288
-8.93551
-10.131
-11.2293
-12.2426
-13.1706
-14.0202
-14.7966
-15.5012
-16.1353
-16.6982
-17.188
-17.6021
-17.9375
-18.1924
-18.3688
-18.4748
-18.5234
-18.5261
-18.4825
-18.388
-18.2395
-18.0349
-17.7718
-17.4473
-17.0572
-16.5964
-16.0573
-15.4291
-14.6959
-13.8348
-12.9019
3.88448
5.10575
6.46146
7.89531
9.25575
10.574
11.7931
12.8251
13.6485
14.3011
14.8016
15.1732
15.4516
15.6623
15.824
15.9517
16.0554
16.1414
16.2143
16.276
16.3274
16.3671
16.3921
16.3966
16.3777
16.3378
16.279
16.2007
16.1017
15.9807
15.8366
15.6681
15.4732
15.2486
14.9901
14.6905
14.3419
13.9283
13.4792
2.4652
1.19886
-0.227937
-1.70383
-3.10207
-4.52418
-5.89541
-7.17443
-8.38084
-9.49428
-10.515
-11.4548
-12.3137
-13.0984
-13.8138
-14.4615
-15.0429
-15.5577
-16.0043
-16.3804
-16.6837
-16.9129
-17.0701
-17.1632
-17.2044
-17.2046
-17.1636
-17.0775
-16.9436
-16.7603
-16.526
-16.2382
-15.8935
-15.4874
-15.0132
-14.461
-13.8161
-13.0571
-12.2333
3.67251
4.82835
6.11299
7.47287
8.7638
10.0162
11.1755
12.1589
12.9435
13.5683
14.0494
14.4071
14.6754
14.879
15.0356
15.1596
15.2605
15.3444
15.4159
15.477
15.5286
15.5696
15.5972
15.6064
15.5939
15.5618
15.5122
15.4445
15.3577
15.2505
15.1222
14.9713
14.7961
14.5936
14.3596
14.0877
13.7696
13.3906
12.9783
2.33608
1.14037
-0.205505
-1.59524
-2.90961
-4.24405
-5.52804
-6.72333
-7.84811
-8.88417
-9.83176
-10.7024
-11.4967
-12.2209
-12.8795
-13.4743
-14.0069
-14.4774
-14.8842
-15.2258
-15.5
-15.7061
-15.8463
-15.9281
-15.9632
-15.9615
-15.9233
-15.845
-15.7244
-15.5605
-15.352
-15.0969
-14.7925
-14.4348
-14.018
-13.5331
-12.9664
-12.298
-11.5717
3.47747
4.57074
5.78749
7.07608
8.30016
9.48903
10.5899
11.5257
12.2717
12.8696
13.332
13.6757
13.9337
14.13
14.2812
14.4011
14.4988
14.5803
14.6499
14.71
14.7612
14.8028
14.8325
14.8454
14.8383
14.8131
14.7713
14.7128
14.6365
14.5415
14.4269
14.2917
14.1341
13.9516
13.7401
13.4934
13.204
12.8574
12.4798
2.2194
1.09097
-0.177999
-1.4859
-2.72065
-3.97195
-5.17322
-6.2892
-7.33666
-8.2997
-9.1782
-9.98373
-10.7177
-11.3855
-11.9911
-12.5366
-13.024
-13.4535
-13.8239
-14.1338
-14.3818
-14.5671
-14.6923
-14.7643
-14.7941
-14.7912
-14.7559
-14.685
-14.5767
-14.4303
-14.2449
-14.0191
-13.7505
-13.4359
-13.0699
-12.6445
-12.1471
-11.5593
-10.9198
3.29792
4.33154
5.4834
6.70361
7.86335
8.99059
10.0344
10.9237
11.6308
12.2032
12.6475
12.9771
13.2248
13.4137
13.5595
13.6751
13.7693
13.848
13.9155
13.9739
14.0242
14.066
14.0971
14.113
14.1107
14.0913
14.0565
14.006
13.9389
13.8545
13.7521
13.6307
13.4889
13.3243
13.1332
12.9099
12.6469
12.3306
11.9856
2.11393
1.04932
-0.146593
-1.37688
-2.53604
-3.70858
-4.83134
-5.87215
-6.84609
-7.74041
-8.55283
-9.2966
-9.97433
-10.5896
-11.1456
-11.6452
-12.0908
-12.4826
-12.8195
-13.1006
-13.3246
-13.4913
-13.6031
-13.6666
-13.6921
-13.6884
-13.656
-13.592
-13.4951
-13.3646
-13.2001
-13.0005
-12.7639
-12.4874
-12.1665
-11.7938
-11.3579
-10.8417
-10.2796
3.13261
4.10941
5.19953
6.35416
7.45247
8.52033
9.50854
10.3519
11.0179
11.5661
11.9936
12.3091
12.5462
12.728
12.8686
12.98
13.0708
13.1465
13.2114
13.2679
13.317
13.3584
13.3903
13.4087
13.4104
13.3962
13.3676
13.3243
13.2655
13.1905
13.0988
12.9896
12.8618
12.7133
12.5407
12.3387
12.1002
11.8121
11.4976
2.01883
1.01472
-0.111984
-1.26878
-2.35635
-3.45445
-4.50272
-5.47238
-6.3765
-7.2064
-7.95456
-8.63903
-9.26446
-9.83072
-10.34
-10.7966
-11.2035
-11.5605
-11.8668
-12.1216
-12.324
-12.4741
-12.5742
-12.6305
-12.6526
-12.6487
-12.6193
-12.5619
-12.4754
-12.3596
-12.2139
-12.0379
-11.8297
-11.5872
-11.3062
-10.9804
-10.5989
-10.1466
-9.65351
2.98057
3.9033
4.93465
6.02651
7.06597
8.07627
9.01106
9.80949
10.4316
10.9572
11.3688
11.6697
11.8962
12.071
12.2066
12.3139
12.4012
12.4739
12.5363
12.5906
12.6381
12.6787
12.711
12.7313
12.7365
12.7271
12.7042
12.6676
12.6164
12.5499
12.4679
12.3697
12.2544
12.1202
11.9643
11.7817
11.5657
11.3038
11.0178
1.93405
0.987502
-0.0733413
-1.16043
-2.1802
-3.2077
-4.18573
-5.08836
-5.92663
-6.69524
-7.3822
-8.0122
-8.58969
-9.10931
-9.57369
-9.98955
-10.3601
-10.6847
-10.9624
-11.1928
-11.3755
-11.5105
-11.6003
-11.6504
-11.6698
-11.666
-11.6397
-11.5887
-11.5119
-11.4093
-11.2809
-11.1259
-10.9434
-10.731
-10.4856
-10.2012
-9.86837
-9.47273
-9.04117
2.84152
3.71262
4.68714
5.71785
6.70008
7.65345
8.53632
9.29116
9.8725
10.3798
10.7752
11.0598
11.2751
11.443
11.5735
11.6766
11.7603
11.8299
11.8896
11.9415
11.987
12.0264
12.0586
12.0803
12.0884
12.0832
12.0655
12.035
11.9908
11.9323
11.8591
11.7708
11.6667
11.5455
11.4046
11.2395
11.0441
10.8064
10.547
1.85898
0.967099
-0.0307512
-1.05154
-2.00654
-2.96658
-3.87734
-4.71668
-5.4926
-6.20256
-6.83031
-7.41538
-7.9521
-8.42594
-8.84573
-9.22292
-9.55974
-9.85402
-10.1049
-10.3127
-10.4771
-10.5983
-10.6788
-10.7238
-10.7412
-10.7382
-10.7152
-10.6705
-10.6029
-10.5129
-10.4001
-10.2644
-10.1048
-9.91965
-9.70575
-9.45826
-9.1684
-8.82355
-8.44719
2.71483
3.53645
4.45586
5.42645
6.35189
7.24706
8.07852
8.78669
9.3331
9.83464
10.2139
10.4786
10.6822
10.8438
10.9698
11.069
11.1496
11.2165
11.2737
11.3231
11.3667
11.4044
11.436
11.4584
11.4688
11.4671
11.4541
11.4292
11.3915
11.3404
11.2754
11.1962
11.1021
10.9923
10.8646
10.7151
10.5381
10.3226
10.088
1.80079
0.951607
0.00220138
-0.963616
-1.86234
-2.75949
-3.59956
-4.36596
-5.05904
-5.69411
-6.21696
-6.78271
-7.32011
-7.77477
-8.17291
-8.53517
-8.86068
-9.14457
-9.38628
-9.5865
-9.74501
-9.86192
-9.93988
-9.98338
-10.0008
-9.99912
-9.97926
-9.93904
-9.87823
-9.79727
-9.69408
-9.57102
-9.42709
-9.2605
-9.0683
-8.84624
-8.58649
-8.27757
-7.94092
2.61657
3.39793
4.27323
5.18844
6.05719
6.88388
7.6395
8.25341
8.72582
9.28845
9.68724
9.94845
10.1537
10.3208
10.4507
10.5526
10.6352
10.7037
10.7619
10.8122
10.8562
10.8947
10.9275
10.952
10.9656
10.9677
10.959
10.939
10.9069
10.8618
10.8032
10.7309
10.6444
10.5428
10.4245
10.2857
10.1214
9.92097
9.70349
1.75486
0.940936
0.0325237
-0.885816
-1.73308
-2.56905
-3.33732
-4.02426
-4.62233
-5.17008
-5.5597
-6.13171
-6.69717
-7.15022
-7.54187
-7.90444
-8.23297
-8.51951
-8.76355
-8.9661
-9.12686
-9.24585
-9.32578
-9.37099
-9.39036
-9.391
-9.37419
-9.33739
-9.28164
-9.20753
-9.10951
-8.99439
-8.86108
-8.70694
-8.52951
-8.32502
-8.08652
-7.80321
-7.49516
2.53702
3.28419
4.1189
4.98105
5.79064
6.53986
7.20375
7.70342
8.08736
8.74309
9.1867
9.45761
9.67334
9.85317
9.993
10.1019
10.19
10.2631
10.3249
10.3781
10.4247
10.4656
10.5011
10.5289
10.5462
10.5524
10.5478
10.5322
10.5047
10.4644
10.411
10.344
10.2631
10.1677
10.0562
9.9252
9.76982
9.58003
9.37419
1.71024
0.931862
0.0648261
-0.805828
-1.60189
-2.37713
-3.07562
-3.68557
-4.19446
-4.65845
-4.92472
-5.49409
-6.08049
-6.5299
-6.91213
-7.27138
-7.60028
-7.88754
-8.13242
-8.33626
-8.49866
-8.61932
-8.70074
-8.74764
-8.7692
-8.77247
-8.75914
-8.72636
-8.67619
-8.60972
-8.51752
-8.41094
-8.2888
-8.14758
-7.98504
-7.79815
-7.58074
-7.32272
-7.04376
2.4583
3.17117
3.96484
4.77395
5.52551
6.19787
6.77365
7.16639
7.46546
8.19514
8.68407
8.96532
9.18883
9.37936
9.52853
9.64417
9.7375
9.81489
9.88035
9.93666
9.98582
10.0292
10.0672
10.0981
10.1191
10.1289
10.1283
10.1169
10.0938
10.0584
10.0102
9.94868
9.87374
9.78463
9.67998
9.55689
9.41079
9.2318
9.0379
1.66706
0.924226
0.0985763
-0.724686
-1.47009
-2.18559
-2.81677
-3.3522
-3.77843
-4.15925
-4.31671
-4.87291
-5.46969
-5.9138
-6.28506
-6.63754
-6.96372
-7.24956
-7.49368
-7.69769
-7.86099
-7.98294
-8.06559
-8.11424
-8.13809
-8.14408
-8.13434
-8.10561
-8.06107
-8.0021
-7.91556
-7.81724
-7.70584
-7.57723
-7.42915
-7.25954
-7.06256
-6.82876
-6.57498
2.38085
3.0597
3.81223
4.56904
5.26381
5.85963
6.35195
6.64292
6.86289
7.64548
8.17816
8.4724
8.70185
8.90082
9.05792
9.17988
9.27806
9.35973
9.4287
9.4882
9.53999
9.58591
9.62643
9.66033
9.68448
9.69789
9.70096
9.69359
9.67502
9.64453
9.60158
9.54591
9.47727
9.39495
9.29771
9.18282
9.04618
8.87815
8.69623
1.62566
0.917887
0.133264
-0.643383
-1.33924
-1.99641
-2.56313
-3.0267
-3.37683
-3.67407
-3.73839
-4.27092
-4.86588
-5.30178
-5.66093
-6.00388
-6.32434
-6.6066
-6.84844
-7.05147
-7.2151
-7.33801
-7.42203
-7.47291
-7.49965
-7.5092
-7.50425
-7.48102
-7.44378
-7.39384
-7.31502
-7.22653
-7.12725
-7.01216
-6.87926
-6.72685
-6.5501
-6.34084
-6.11833
2.30548
2.95085
3.66258
4.36814
5.00752
5.52715
5.94057
6.13157
6.27789
7.09415
7.667
7.97736
8.21355
8.41975
8.58358
8.71034
8.81259
8.89809
8.97104
9.03402
9.08913
9.13788
9.1812
9.21805
9.24547
9.26224
9.26892
9.26557
9.25152
9.22594
9.1883
9.13842
9.07603
9.00061
8.91093
8.80448
8.67729
8.52043
8.35035
1.58636
0.912812
0.168088
-0.563133
-1.21104
-1.81187
-2.31738
-2.71211
-2.9926
-3.20547
-3.19173
-3.69023
-4.27024
-4.69381
-5.03966
-5.37072
-5.68261
-5.95917
-6.19711
-6.39818
-6.56145
-6.68505
-6.77042
-6.82294
-6.85113
-6.86242
-6.86005
-6.83997
-6.80722
-6.76323
-6.68936
-6.60817
-6.51863
-6.4152
-6.29615
-6.16013
-6.00221
-5.81284
-5.60313
2.23302
2.84586
3.51739
4.17336
4.75854
5.20226
5.54167
5.63064
5.70694
6.54171
7.14946
7.47739
7.72164
7.93667
8.1083
8.23972
8.34422
8.43153
8.5069
8.57302
8.63165
8.684
8.73087
8.77127
8.80211
8.82228
8.83255
8.83342
8.82433
8.80441
8.77297
8.72971
8.67429
8.60621
8.52441
8.42646
8.30875
8.16253
8.00316
1.54947
0.908336
0.20164
-0.486326
-1.08834
-1.63529
-2.08276
-2.41176
-2.6283
-2.75597
-2.67827
-3.13239
-3.68424
-4.0903
-4.42094
-4.73772
-5.03846
-5.3071
-5.53961
-5.73745
-5.89996
-6.02512
-6.11449
-6.17289
-6.20836
-6.22773
-6.2347
-6.22504
-6.20442
-6.17417
-6.11275
-6.0453
-5.97081
-5.88302
-5.78006
-5.66148
-5.52458
-5.36529
-5.20735
2.16466
2.74658
3.37902
3.98746
4.5184
4.88547
5.15358
5.1346
5.14122
5.98724
6.62763
6.97204
7.22207
7.44436
7.62651
7.76709
7.87764
7.96755
8.04418
8.11145
8.17232
8.22772
8.27858
8.32304
8.35776
8.38084
8.39369
8.39716
8.39152
8.37598
8.35018
8.31361
8.26601
8.20678
8.13474
8.04764
7.94186
7.81017
7.6694
1.51501
0.903656
0.231741
-0.416186
-0.975177
-1.47126
-1.8633
-2.12872
-2.28581
-2.32778
-2.19872
-2.59858
-3.10941
-3.49175
-3.8042
-4.10402
-4.39093
-4.6497
-4.87514
-5.06803
-5.22718
-5.35009
-5.43659
-5.49014
-5.51934
-5.53321
-5.53578
-5.52275
-5.50006
-5.4687
-5.40691
-5.34219
-5.27388
-5.19538
-5.10515
-5.00193
-4.88005
-4.72581
-4.53519
2.10131
2.6545
3.24997
3.81356
4.289
4.57727
4.77474
4.63553
4.56622
5.42287
6.10294
6.47175
6.72752
6.94878
7.13049
7.27513
7.39328
7.49214
7.57603
7.64898
7.71426
7.77441
7.83057
7.88164
7.92362
7.95376
7.97243
7.98085
7.97928
7.96754
7.94522
7.91211
7.86803
7.81275
7.74557
7.66443
7.56543
7.43769
7.28993
1.48304
0.89882
0.25849
-0.353578
-0.873739
-1.32373
-1.66393
-1.86929
-1.97144
-1.92651
-1.75356
-2.08934
-2.5475
-2.89879
-3.18882
-3.46797
-3.73745
-3.98396
-4.20296
-4.39498
-4.55944
-4.69443
-4.80042
-4.88056
-4.93874
-4.97939
-5.00802
-5.02109
-5.02675
-5.02553
-4.99012
-4.9499
-4.90449
-4.84691
-4.77579
-4.69276
-4.6008
-4.50617
-4.45108
2.0427
2.56939
3.13077
3.65397
4.07408
4.28856
4.41842
4.13483
3.9676
4.82784
5.55188
5.96431
6.25406
6.494
6.67528
6.80598
6.90698
6.99351
7.07171
7.1441
7.212
7.2769
7.33941
7.39783
7.44752
7.48614
7.5146
7.53433
7.54578
7.54899
7.5436
7.52907
7.50461
7.46915
7.4214
7.35971
7.28377
7.19379
7.11915
1.45459
0.895192
0.283461
-0.296613
-0.783078
-1.19403
-1.48955
-1.64443
-1.69857
-1.56126
-1.34266
-1.60633
-2.00046
-2.31152
-2.5743
-2.82944
-3.07561
-3.30025
-3.49823
-3.66948
-3.8119
-3.92098
-3.99253
-4.02763
-4.04019
-4.04503
-4.04445
-4.03208
-4.01227
-3.98538
-3.93178
-3.88128
-3.8324
-3.77862
-3.7175
-3.64628
-3.55249
-3.40932
-3.17624
1.99008
2.49269
3.02368
3.51141
3.88029
4.03796
4.10351
3.6306
3.34442
4.19882
4.93616
5.36811
5.69857
6.00171
6.25096
6.43341
6.55951
6.64615
6.70918
6.76108
6.80974
6.86044
6.91568
6.97298
7.02315
7.05916
7.08005
7.08737
7.08269
7.06726
7.04212
7.00863
6.96816
6.92157
6.86845
6.80503
6.72042
6.58736
6.37919
1.43215
0.888655
0.297208
-0.257809
-0.715735
-1.09182
-1.34485
-1.45526
-1.45865
-1.21852
-0.95855
-1.15343
-1.47277
-1.72952
-1.95653
-2.18827
-2.42398
-2.65257
-2.86889
-3.07201
-3.26242
-3.44079
-3.60791
-3.75995
-3.8818
-3.96851
-4.03715
-4.09071
-4.14527
-4.19931
-4.20777
-4.20084
-4.18949
-4.16861
-4.13572
-4.09573
-4.06597
-4.07845
-4.22142
1.95224
2.43853
2.94559
3.39948
3.71371
3.81595
3.77251
3.05453
2.68479
3.59449
4.34698
4.74169
5.00386
5.23992
5.46529
5.6838
5.89398
6.08521
6.2474
6.37843
6.48162
6.5639
6.63469
6.7086
6.7965
6.89034
6.97775
7.05509
7.12164
7.17693
7.21951
7.24733
7.25883
7.25308
7.23132
7.19869
7.17295
7.19299
7.34336
1.41548
0.864989
0.270495
-0.276355
-0.713183
-1.04944
-1.24259
-1.28236
-1.19166
-0.836605
-0.576523
-0.726244
-0.974724
-1.16521
-1.32235
-1.47195
-1.61643
-1.751
-1.87178
-1.97502
-2.05309
-2.09365
-2.08748
-2.04005
-1.99282
-1.96926
-1.95621
-1.93225
-1.89367
-1.86535
-1.81235
-1.76647
-1.73248
-1.7005
-1.6658
-1.6231
-1.54324
-1.37265
-0.99397
1.9416
2.4288
2.92477
3.34269
3.58202
3.57247
3.27695
2.27239
1.90405
2.99868
3.9571
4.55262
4.91048
5.08511
5.10087
5.02025
4.90927
4.8216
4.77833
4.78135
4.82278
4.89536
4.98493
5.05946
5.08482
5.07629
5.06057
5.04154
5.01833
4.99081
4.96198
4.93552
4.91421
4.89854
4.885
4.8595
4.78214
4.57126
4.09836
1.39827
0.822643
0.205333
-0.351567
-0.778061
-1.07561
-1.19872
-1.14259
-0.913932
-0.443241
-0.186479
-0.292409
-0.494225
-0.694238
-0.902081
-1.12217
-1.35501
-1.6007
-1.86135
-2.14187
-2.44955
-2.78839
-3.14307
-3.47494
-3.7137
-3.85846
-3.99893
-4.10827
-4.29202
-4.56485
-4.48387
-4.49195
-4.56779
-4.62252
-4.6451
-4.66475
-4.72976
-4.90974
-5.34062
1.94558
2.44643
2.94374
3.33265
3.49496
3.33724
2.70665
1.45078
0.882143
1.89278
2.99113
4.05355
5.07031
6.02431
6.82496
7.42958
7.8547
8.11749
8.25591
8.31326
8.326
8.32386
8.34943
8.47237
8.72001
8.9919
9.20943
9.38227
9.52748
9.64845
9.74015
9.80007
9.83017
9.83534
9.82766
9.83123
9.90725
10.1486
10.7141
100.873
100.224
99.3889
98.2123
96.6322
94.5663
91.8509
88.3324
83.9723
78.9161
73.4406
67.8375
62.3368
57.0779
52.1057
47.4142
42.9769
38.7695
34.7703
30.9637
27.3341
23.8722
20.5701
17.4257
14.4347
11.5943
8.89794
6.34173
3.92115
1.6354
-0.517768
-2.53654
-4.42229
-6.1727
-7.78836
-9.26738
-10.6105
-11.8164
-12.8867
-13.8216
-14.624
-15.2959
-15.8419
-16.2657
-16.5734
-16.7705
-16.8642
-16.8612
-16.7697
-16.5973
-16.3522
-16.0427
-15.6765
-15.2616
-14.8051
-14.3143
-13.7955
-13.2549
-12.6978
-12.1294
-11.5539
-10.9755
-10.3976
-9.82299
-9.25528
-8.69426
-8.14642
-7.67541
-7.25487
-6.82982
-6.38059
-5.95337
-5.442
-5.09938
-4.38394
-4.42784
-2.99428
-4.33262
-0.748887
-5.65478
100.883
97.8921
94.3438
90.6191
86.8069
82.9853
79.2219
75.5673
71.9954
68.5423
65.2021
61.9885
58.9064
55.9625
53.1603
50.503
47.9913
45.6262
43.4055
41.3271
39.3867
37.5806
35.9025
34.3476
32.9084
31.5799
30.3543
29.2265
28.1886
27.2362
26.3616
25.5607
24.826
24.1537
23.5364
22.9705
22.4485
21.9668
21.518
21.0986
20.7012
20.3227
19.9561
19.5989
19.2449
18.8922
18.5357
18.1746
17.8049
17.4268
17.0374
16.6377
16.2263
15.8044
15.3718
14.93
14.4797
14.0224
13.5596
13.0932
12.6249
12.1568
11.6912
11.2295
10.7742
10.3259
9.88852
9.51932
9.20091
8.87596
8.54534
8.21071
7.87175
7.55545
7.16252
7.05965
6.19987
7.44621
3.77476
10.9446
44.9925
44.3072
43.6905
43.2559
42.9788
42.8024
42.6993
42.6191
42.4778
42.1704
41.6326
40.8495
39.857
38.6759
37.3079
35.7444
33.9919
32.0629
29.9814
27.7727
25.4711
23.1095
20.7236
18.3393
15.9792
13.6556
11.3823
9.16719
7.02216
4.95386
2.97173
1.0806
-0.713
-2.40643
-3.99444
-5.47558
-6.84582
-8.10432
-9.24831
-10.2779
-11.192
-11.9919
-12.6782
-13.2534
-13.7199
-14.082
-14.3434
-14.5096
-14.5859
-14.5787
-14.4947
-14.3401
-14.1223
-13.848
-13.5242
-13.1574
-12.7541
-12.3202
-11.8614
-11.3828
-10.8893
-10.385
-9.87412
-9.35981
-8.84625
-8.33394
-7.82913
-7.39243
-7.00088
-6.60452
-6.1805
-5.78028
-5.28944
-4.97291
-4.27559
-4.33671
-2.94208
-4.24464
-0.801544
-5.53759
45.5304
45.7623
45.9888
46.1488
46.2274
46.214
46.0993
45.8738
45.5357
45.0933
44.5457
43.9008
43.1644
42.3439
41.4488
40.4882
39.4733
38.4142
37.3236
36.2121
35.0922
33.9734
32.8673
31.7818
30.7263
29.7063
28.7287
27.7962
26.9131
26.0795
25.2977
24.5655
23.8833
23.2476
22.6577
22.1087
21.5993
21.124
20.6807
20.2636
19.8704
19.4951
19.1355
18.7857
18.4437
18.1044
17.7662
17.4247
17.0794
16.7266
16.3665
15.9967
15.618
15.2291
14.8311
14.4237
14.008
13.5847
13.1551
12.7204
12.2826
11.8435
11.4047
10.9686
10.537
10.1108
9.69447
9.34202
9.03721
8.72608
8.40871
8.08675
7.75895
7.45545
7.07129
6.97893
6.13813
7.34531
3.82789
10.6749
30.2025
29.6927
29.1072
28.529
27.9821
27.4789
27.0235
26.6145
26.2344
25.8477
25.4088
24.8922
24.307
23.6866
23.0289
22.3024
21.4799
20.5681
19.5863
18.5513
17.4622
16.3157
15.107
13.8417
12.5225
11.1561
9.74621
8.30362
6.83786
5.36342
3.89076
2.43375
1.00145
-0.394181
-1.74495
-3.04059
-4.27435
-5.43779
-6.52587
-7.53235
-8.45406
-9.28699
-10.0296
-10.6798
-11.2379
-11.704
-12.0802
-12.3684
-12.572
-12.6951
-12.7416
-12.7169
-12.626
-12.4749
-12.2693
-12.0152
-11.7183
-11.3844
-11.0186
-10.6264
-10.2122
-9.78073
-9.33614
-8.88198
-8.4228
-7.95965
-7.49887
-7.09714
-6.7351
-6.36789
-5.97088
-5.59719
-5.13196
-4.83491
-4.17192
-4.22532
-2.91239
-4.11826
-0.892435
-5.34769
30.4815
30.5517
30.4837
30.3226
30.1312
29.9426
29.7697
29.6087
29.4618
29.3242
29.192
29.0617
28.9281
28.787
28.6331
28.4623
28.2699
28.0527
27.807
27.5317
27.2245
26.8866
26.5175
26.121
25.6986
25.2556
24.7949
24.323
23.8431
23.3618
22.882
22.4095
21.9461
21.4963
21.0606
20.6421
20.2397
19.8551
19.4862
19.1334
18.7934
18.4659
18.147
17.8359
17.5286
17.2241
16.9184
16.611
16.2983
15.9803
15.6541
15.3203
14.9768
14.6245
14.2624
13.8915
13.5117
13.1239
12.7287
12.3276
11.9216
11.5125
11.1022
10.6926
10.2858
9.88262
9.48797
9.15306
8.86318
8.56695
8.26384
7.95627
7.6413
7.35019
6.97948
6.8862
6.08959
7.20895
3.918
10.3659
25.3543
25.1356
24.8587
24.5487
24.2237
23.8954
23.5833
23.2909
23.0212
22.7553
22.4663
22.1035
21.6295
21.0339
20.3484
19.6041
18.8183
17.9819
17.0919
16.1571
15.2007
14.233
13.2542
12.2531
11.2265
10.1716
9.09199
7.98701
6.86204
5.71927
4.56562
3.40491
2.24482
1.09031
-0.0495073
-1.16835
-2.25675
-3.30822
-4.31408
-5.26848
-6.16403
-6.99616
-7.75914
-8.44988
-9.06473
-9.60258
-10.0618
-10.443
-10.7469
-10.9749
-11.1297
-11.2142
-11.2325
-11.1887
-11.0878
-10.9345
-10.7341
-10.4916
-10.212
-9.9001
-9.56078
-9.19828
-8.817
-8.42063
-8.0139
-7.59848
-7.18034
-6.81255
-6.47852
-6.13859
-5.76722
-5.41905
-4.97843
-4.70103
-4.06813
-4.12242
-2.86887
-4.02037
-0.930909
-5.22155
25.4383
25.4469
25.4478
25.4228
25.3708
25.2988
25.2092
25.1002
24.9756
24.8337
24.6785
24.5099
24.3312
24.143
23.9485
23.7477
23.5439
23.3364
23.1274
22.9157
22.7028
22.4865
22.2677
22.0437
21.8155
21.5803
21.3391
21.0899
20.8344
20.5711
20.3025
20.028
19.7506
19.4701
19.1897
18.9091
18.6313
18.3558
18.0848
17.817
17.5539
17.2935
17.0365
16.7802
16.5248
16.2674
16.0079
15.7433
15.4737
15.1963
14.9115
14.6171
14.3139
14.0002
13.6772
13.344
13.0019
12.6506
12.2913
11.9245
11.5515
11.1736
10.7925
10.4101
10.0285
9.64865
9.27571
8.95826
8.6829
8.40144
8.11305
7.81977
7.5183
7.23944
6.88229
6.79258
6.02512
7.09999
3.93653
10.1602
18.4261
18.3368
18.2274
18.1153
18
17.885
17.7706
17.6652
17.5682
17.4853
17.4103
17.3388
17.2442
17.0984
16.8672
16.5418
16.1258
15.6389
15.0894
14.4795
13.804
13.0747
12.308
11.5167
10.6956
9.84191
8.95535
8.0433
7.10848
6.15643
5.18845
4.21017
3.22355
2.23479
1.2474
0.268635
-0.697081
-1.64215
-2.56169
-3.44803
-4.29621
-5.09912
-5.85239
-6.54996
-7.18871
-7.76426
-8.27476
-8.71807
-9.09306
-9.39961
-9.63831
-9.81075
-9.91909
-9.96635
-9.95579
-9.89139
-9.77726
-9.61784
-9.41754
-9.18094
-8.91225
-8.6157
-8.29557
-7.95556
-7.60041
-7.23205
-6.85662
-6.52252
-6.21621
-5.90354
-5.55811
-5.23539
-4.81926
-4.56308
-3.95704
-4.02062
-2.81091
-3.93631
-0.938164
-5.12856
18.4476
18.4715
18.5503
18.6507
18.7507
18.8507
18.9478
19.0418
19.1296
19.2105
19.2814
19.342
19.3893
19.4236
19.4419
19.4454
19.432
19.4034
19.3581
19.2986
19.2241
19.1374
19.0382
18.9294
18.8106
18.6848
18.5512
18.4124
18.2674
18.1182
17.9637
17.8056
17.6428
17.4767
17.3063
17.1334
16.9567
16.778
16.5962
16.4128
16.2266
16.0387
15.8474
15.6536
15.4552
15.2527
15.0437
14.8289
14.6056
14.3744
14.133
13.8822
13.6202
13.3482
13.0647
12.7713
12.4672
12.1537
11.8307
11.4996
11.1606
10.815
10.4644
10.1104
9.75517
9.39977
9.04949
8.74979
8.4893
8.22267
7.94897
7.6708
7.38388
7.11853
6.77509
6.6926
5.94738
6.99704
3.91845
9.98619
13.1547
13.116
13.0925
13.0921
13.1107
13.1379
13.1682
13.1974
13.2257
13.25
13.2705
13.2834
13.2893
13.2802
13.2451
13.1612
13.0113
12.7843
12.4862
12.1264
11.7148
11.249
10.7287
10.1613
9.5612
8.92949
8.26415
7.56481
6.83766
6.08536
5.31183
4.51816
3.70855
2.88523
2.05381
1.21756
0.382733
-0.446701
-1.2639
-2.06436
-2.84105
-3.58949
-4.30303
-4.97762
-5.60758
-6.18958
-6.71936
-7.19407
-7.61109
-7.96885
-8.26664
-8.50435
-8.68279
-8.80316
-8.86768
-8.87893
-8.84011
-8.75463
-8.62634
-8.45889
-8.25637
-8.02242
-7.76111
-7.47599
-7.1716
-6.85019
-6.51733
-6.21734
-5.93944
-5.65459
-5.33579
-5.03924
-4.64859
-4.41447
-3.83615
-3.91002
-2.74521
-3.84442
-0.941959
-5.02563
13.1759
13.2232
13.3118
13.4148
13.522
13.6329
13.7477
13.866
13.9879
14.1125
14.24
14.369
14.4994
14.6294
14.7586
14.885
15.0078
15.1247
15.235
15.3363
15.4282
15.5086
15.5773
15.6327
15.6753
15.7039
15.7197
15.722
15.7124
15.6904
15.6578
15.6143
15.5618
15.4998
15.43
15.3519
15.2669
15.1745
15.0757
14.97
14.8583
14.7397
14.6149
14.4827
14.3437
14.1964
14.0415
13.8768
13.7031
13.5182
13.323
13.1157
12.8973
12.6663
12.4242
12.1699
11.905
11.6291
11.3435
11.048
10.7439
10.432
10.1129
9.7887
9.46119
9.13163
8.80525
8.52435
8.27917
8.02786
7.7696
7.50668
7.23527
6.9842
6.65682
6.58163
5.86313
6.87909
3.8987
9.79086
9.8643
9.81856
9.79027
9.79371
9.83294
9.90114
9.98715
10.0838
10.185
10.2871
10.3848
10.474
10.5491
10.6073
10.6457
10.6612
10.643
10.5775
10.4508
10.2589
10.0058
9.70216
9.35274
8.95566
8.51103
8.0306
7.5215
6.98384
6.41647
5.82278
5.20478
4.56528
3.90512
3.22742
2.53421
1.82979
1.11714
0.401476
-0.313365
-1.02147
-1.71874
-2.3991
-3.0585
-3.69107
-4.29297
-4.85913
-5.3856
-5.86835
-6.30433
-6.69094
-7.02629
-7.30912
-7.53869
-7.71516
-7.83936
-7.91282
-7.93747
-7.91591
-7.85088
-7.74575
-7.60353
-7.42761
-7.22162
-6.98882
-6.73345
-6.45767
-6.16705
-5.90104
-5.65151
-5.39459
-5.10288
-4.83246
-4.46794
-4.25591
-3.70686
-3.7897
-2.6742
-3.74194
-0.944267
-4.90835
9.911
9.97625
10.0636
10.1602
10.2637
10.3727
10.4869
10.6057
10.7284
10.8548
10.9843
11.1166
11.2514
11.3881
11.5267
11.6666
11.8074
11.9486
12.0895
12.2296
12.3679
12.5036
12.6356
12.7629
12.8843
12.9988
13.1051
13.2027
13.2902
13.3675
13.4335
13.4884
13.5316
13.5635
13.5838
13.5931
13.5912
13.5789
13.556
13.5233
13.4804
13.428
13.3656
13.2938
13.2114
13.1198
13.0167
12.9034
12.7777
12.6407
12.4905
12.3282
12.1522
11.9638
11.7618
11.5478
11.3211
11.0833
10.8341
10.575
10.3061
10.0278
9.74123
9.44776
9.14915
8.84665
8.54535
8.28408
8.05509
7.81957
7.57669
7.32954
7.07403
6.83799
6.52771
6.45854
5.77234
6.74521
3.8758
9.57925
8.18535
8.1282
8.06861
8.02245
8.00682
8.02699
8.07839
8.1553
8.25097
8.35965
8.47461
8.59024
8.69976
8.79731
8.87702
8.93554
8.97051
8.97827
8.94961
8.8732
8.74019
8.5488
8.3052
8.01776
7.68926
7.31954
6.91691
6.49017
6.04063
5.56597
5.06712
4.54517
4.00177
3.43756
2.85503
2.25637
1.64558
1.02588
0.401917
-0.222849
-0.843601
-1.45683
-2.05767
-2.64229
-3.20591
-3.74446
-4.25335
-4.72892
-5.16752
-5.5661
-5.92196
-6.2329
-6.49741
-6.71459
-6.88432
-7.00691
-7.08341
-7.11527
-7.10476
-7.05388
-6.96534
-6.84194
-6.68685
-6.50285
-6.29376
-6.06183
-5.81187
-5.57916
-5.35766
-5.12821
-4.86333
-4.61888
-4.28077
-4.09052
-3.57159
-3.66242
-2.5977
-3.6335
-0.93981
-4.7874
8.22823
8.27606
8.3326
8.39551
8.46427
8.53948
8.62026
8.70745
8.79983
8.89829
9.00141
9.11001
9.22255
9.33981
9.46023
9.58453
9.71115
9.84071
9.97181
10.1049
10.2387
10.3736
10.5081
10.6425
10.7756
10.9072
11.0361
11.162
11.2836
11.4003
11.5111
11.615
11.7114
11.7993
11.8782
11.9473
12.0063
12.0547
12.0924
12.119
12.1347
12.1389
12.1322
12.1136
12.0846
12.0429
11.99
11.9238
11.8456
11.7533
11.6483
11.5287
11.3956
11.2478
11.0866
10.9111
10.723
10.5219
10.3096
10.0858
9.85144
9.60698
9.35307
9.09086
8.82194
8.54737
8.27207
8.03146
7.81918
7.59997
7.37322
7.14155
6.90201
6.68053
6.38884
6.32451
5.67374
6.60104
3.84174
9.36669
7.05019
7.01732
6.96949
6.91442
6.86979
6.84782
6.85348
6.88568
6.94348
7.02275
7.11861
7.22345
7.3321
7.438
7.53616
7.61954
7.68361
7.72411
7.73933
7.72353
7.66872
7.56546
7.40909
7.20142
6.95045
6.66264
6.34098
5.99168
5.62351
5.2383
4.83322
4.407
3.95945
3.49116
3.00305
2.49746
1.97705
1.44534
0.905218
0.360244
-0.186801
-0.732284
-1.27294
-1.80473
-2.32384
-2.82597
-3.30733
-3.764
-4.19239
-4.58912
-4.95114
-5.2758
-5.56103
-5.80526
-6.00739
-6.16696
-6.28397
-6.35935
-6.39393
-6.38932
-6.34752
-6.27076
-6.16157
-6.02231
-5.85634
-5.66558
-5.45465
-5.25405
-5.05972
-4.85716
-4.61902
-4.40012
-4.08853
-3.9197
-3.43134
-3.52984
-2.51548
-3.5217
-0.926796
-4.66691
7.06511
7.08077
7.10311
7.13074
7.16524
7.20568
7.25345
7.30744
7.36902
7.43686
7.51222
7.59361
7.6822
7.77634
7.87713
7.9828
8.09434
8.20994
8.33049
8.45416
8.58166
8.71126
8.84353
8.97681
9.11155
9.24622
9.38109
9.51474
9.64732
9.77749
9.90513
10.029
10.1489
10.2635
10.3724
10.4746
10.5695
10.6561
10.7339
10.8022
10.8606
10.9086
10.9453
10.9719
10.9859
10.9888
10.9783
10.9557
10.919
10.8695
10.8051
10.727
10.6335
10.5259
10.4028
10.2659
10.1143
9.94995
9.77244
9.58334
9.38268
9.17137
8.9497
8.71894
8.48008
8.23409
7.98564
7.76634
7.5717
7.36959
7.15911
6.94346
6.71986
6.51301
6.24
6.17961
5.56571
6.44797
3.79516
9.15313
6.16802
6.15773
6.13245
6.09382
6.05154
6.01518
5.99164
5.98667
6.0023
6.03973
6.09683
6.17054
6.2549
6.346
6.43819
6.52686
6.60492
6.66682
6.70691
6.72306
6.7117
6.66762
6.58261
6.45119
6.27183
6.05014
5.79337
5.50718
5.19767
4.8726
4.53349
4.17724
3.80171
3.40711
2.9949
2.56705
2.12598
1.67373
1.21242
0.743585
0.269321
-0.208257
-0.686274
-1.1615
-1.63032
-2.08919
-2.53442
-2.96244
-3.36966
-3.75281
-4.10876
-4.43469
-4.72818
-4.98708
-5.20974
-5.39487
-5.54205
-5.65083
-5.72164
-5.75535
-5.75334
-5.71709
-5.64855
-5.5496
-5.42305
-5.27078
-5.09647
-4.92648
-4.75848
-4.58206
-4.37016
-4.17651
-3.89146
-3.74366
-3.28612
-3.39202
-2.42709
-3.40565
-0.906222
-4.54559
6.16421
6.1618
6.16473
6.17309
6.18655
6.20604
6.23084
6.26213
6.29904
6.34285
6.39255
6.44941
6.5123
6.58241
6.65849
6.74163
6.83047
6.92601
7.0268
7.13369
7.24517
7.36196
7.4825
7.60731
7.73485
7.86552
7.99773
8.13176
8.26611
8.40092
8.53471
8.66752
8.79803
8.92603
9.05029
9.17052
9.28549
9.39487
9.49745
9.59284
9.68019
9.7585
9.82838
9.88727
9.93628
9.97312
9.99888
10.0115
10.012
9.99844
9.97164
9.92985
9.87404
9.80261
9.7167
9.61515
9.4997
9.36944
9.22613
9.06975
8.90175
8.7222
8.53232
8.33242
8.12357
7.90641
7.68519
7.48804
7.31163
7.12727
6.93419
6.73475
6.5274
6.33453
6.08102
6.02396
5.448
6.28522
3.73889
8.93534
5.49402
5.50005
5.49422
5.47564
5.44979
5.42126
5.39353
5.37042
5.35737
5.35789
5.37355
5.40428
5.45006
5.50809
5.57515
5.64605
5.71597
5.77856
5.82848
5.86001
5.87058
5.85752
5.81737
5.74364
5.63099
5.47627
5.28234
5.05512
4.80109
4.52598
4.23544
3.93032
3.60839
3.26911
2.91457
2.54755
2.17015
1.78379
1.38899
0.986345
0.576566
0.161124
-0.257799
-0.677528
-1.09521
-1.5078
-1.9122
-2.30524
-2.68382
-3.04487
-3.3855
-3.70288
-3.99438
-4.2576
-4.4904
-4.69129
-4.8587
-4.99189
-5.09061
-5.15511
-5.18599
-5.18412
-5.15084
-5.08759
-4.99666
-4.87947
-4.7393
-4.5982
-4.45524
-4.30392
-4.1177
-3.94855
-3.68985
-3.56255
-3.13583
-3.24881
-2.3324
-3.28432
-0.878371
-4.4207
5.47856
5.46439
5.45575
5.45155
5.45267
5.4585
5.46968
5.48567
5.50718
5.5337
5.56601
5.60358
5.64723
5.69638
5.75184
5.81295
5.88047
5.95361
6.03313
6.11814
6.20928
6.30557
6.4076
6.51429
6.62609
6.74181
6.86182
6.98488
7.11116
7.23938
7.36954
7.50041
7.63183
7.76255
7.89227
8.01979
8.14472
8.26584
8.38271
8.49433
8.59976
8.69909
8.78987
8.87283
8.94574
9.00947
9.06194
9.10404
9.13361
9.15139
9.15552
9.14673
9.12318
9.08566
9.03258
8.96537
8.88244
8.78523
8.67349
8.54877
8.41131
8.2627
8.10281
7.9329
7.75321
7.56459
7.3708
7.19602
7.03846
6.87268
6.69729
6.51496
6.32422
6.14571
5.9114
5.85707
5.31984
6.11133
3.67337
8.71
4.96323
4.97776
4.98211
4.97509
4.96064
4.94203
4.92068
4.89677
4.87184
4.84976
4.8351
4.83063
4.83885
4.86101
4.89588
4.93922
4.98651
5.03302
5.07479
5.10705
5.12575
5.12718
5.10953
5.06951
5.00287
4.90421
4.7707
4.60248
4.40357
4.17897
3.93403
3.67283
3.39713
3.10675
2.80331
2.48929
2.16671
1.83603
1.49703
1.14944
0.793701
0.431112
0.0636182
-0.306508
-0.676899
-1.04513
-1.40872
-1.7652
-2.11204
-2.44669
-2.76653
-3.06889
-3.35118
-3.61085
-3.84587
-4.05396
-4.23351
-4.38329
-4.50255
-4.59086
-4.64816
-4.67476
-4.67148
-4.63931
-4.57991
-4.49453
-4.38556
-4.27131
-4.15199
-4.0245
-3.86283
-3.71731
-3.48452
-3.37707
-2.98099
-3.10062
-2.23183
-3.15715
-0.843625
-4.29185
4.94148
4.92055
4.904
4.89123
4.88297
4.87899
4.8797
4.88486
4.89483
4.90933
4.92878
4.95287
4.9821
5.01615
5.05558
5.10003
5.1501
5.20533
5.26635
5.33259
5.40465
5.48184
5.56474
5.65257
5.74585
5.8437
5.94657
6.05352
6.16491
6.27967
6.398
6.51878
6.64204
6.76653
6.89216
7.01766
7.14274
7.26628
7.38781
7.50621
7.62113
7.73064
7.83477
7.93176
8.02202
8.10362
8.17706
8.24027
8.29374
8.33565
8.36649
8.38431
8.38964
8.38063
8.35837
8.32069
8.26851
8.20109
8.11948
8.02387
7.91595
7.79569
7.66455
7.52262
7.37102
7.20996
7.043
6.89071
6.75212
6.6051
6.44842
6.28362
6.11022
5.94579
5.73128
5.6793
5.18161
5.92649
3.59907
8.47799
4.48804
4.50326
4.51004
4.50737
4.49792
4.48412
4.46686
4.44563
4.41978
4.39039
4.36123
4.33784
4.32426
4.32207
4.33074
4.34802
4.37026
4.39456
4.4184
4.43967
4.45508
4.46101
4.45363
4.43074
4.38965
4.32708
4.23871
4.12184
3.97518
3.80038
3.60139
3.38356
3.15136
2.90795
2.65444
2.39207
2.12143
1.84232
1.55372
1.2552
0.947211
0.631292
0.309482
-0.0160455
-0.343248
-0.670233
-0.995161
-1.3162
-1.63136
-1.93847
-2.23519
-2.51908
-2.78766
-3.03874
-3.26984
-3.47893
-3.66423
-3.82422
-3.95766
-4.06356
-4.1414
-4.19102
-4.21277
-4.20715
-4.17535
-4.1181
-4.03746
-3.94789
-3.85055
-3.74526
-3.60701
-3.48391
-3.27637
-3.18804
-2.82228
-2.94817
-2.12625
-3.02498
-0.802726
-4.15913
4.46626
4.44446
4.42543
4.40905
4.39574
4.38585
4.37948
4.37704
4.37849
4.38421
4.39403
4.40831
4.42683
4.44997
4.47746
4.50978
4.5466
4.58846
4.63501
4.68681
4.74342
4.8054
4.87222
4.9444
5.02133
5.10346
5.19012
5.28171
5.37748
5.47775
5.58167
5.68947
5.80026
5.9141
6.03001
6.14789
6.26668
6.38609
6.505
6.62291
6.73875
6.85201
6.96167
7.0673
7.16734
7.26157
7.34836
7.42776
7.49816
7.5597
7.61058
7.65102
7.67918
7.69583
7.69854
7.68774
7.66221
7.62236
7.56787
7.50003
7.41868
7.32541
7.22027
7.10484
6.97914
6.84426
6.70302
6.57246
6.45265
6.32464
6.18657
6.04013
5.88453
5.73514
5.54019
5.49042
5.03286
5.73058
3.51549
8.23718
3.98308
3.99453
3.99952
3.99724
3.98937
3.97745
3.96244
3.94424
3.92297
3.89918
3.8744
3.85111
3.833
3.82205
3.81744
3.8169
3.81912
3.82309
3.82863
3.83507
3.84125
3.84432
3.84083
3.82686
3.80004
3.75814
3.69873
3.6186
3.51548
3.38735
3.23451
3.06062
2.87161
2.67244
2.46611
2.25257
2.03084
1.79948
1.55742
1.30422
1.04077
0.768759
0.490335
0.207399
-0.0785048
-0.366073
-0.654077
-0.941076
-1.22537
-1.50499
-1.77776
-2.04141
-2.29384
-2.53271
-2.75596
-2.96162
-3.14784
-3.31289
-3.45514
-3.5733
-3.66649
-3.73423
-3.77637
-3.79304
-3.78471
-3.75224
-3.69675
-3.62961
-3.55238
-3.46772
-3.35134
-3.24939
-3.06622
-2.9961
-2.66025
-2.7919
-2.01636
-2.88797
-0.756887
-4.02267
3.96587
3.94813
3.93263
3.91876
3.90709
3.89754
3.89058
3.88623
3.885
3.88688
3.89235
3.90131
3.91421
3.93087
3.95167
3.97638
4.00542
4.03849
4.07606
4.11782
4.16426
4.21504
4.27064
4.33068
4.39561
4.46499
4.5392
4.61774
4.70094
4.78823
4.87984
4.97516
5.07437
5.17674
5.28234
5.39038
5.50077
5.6126
5.72566
5.83893
5.95202
6.06393
6.17411
6.28164
6.38595
6.48602
6.58131
6.67048
6.75316
6.82796
6.89465
6.95165
6.99926
7.03517
7.05949
7.07079
7.0689
7.05301
7.02365
6.98017
6.9238
6.85449
6.7738
6.682
6.58049
6.46951
6.35215
6.24221
6.14035
6.03062
5.91154
5.7835
5.6464
5.51204
5.33745
5.29017
4.87343
5.52369
3.42369
7.98657
3.48696
3.49556
3.49903
3.49677
3.4897
3.47927
3.46683
3.4533
3.43943
3.42584
3.41252
3.39882
3.38438
3.37025
3.35729
3.34478
3.33171
3.31902
3.30823
3.30045
3.29533
3.2915
3.28613
3.27593
3.2573
3.22799
3.18625
3.13037
3.05811
2.96776
2.85731
2.72662
2.57933
2.42123
2.25618
2.0851
1.906
1.71671
1.51593
1.30387
1.0817
0.85132
0.614514
0.372629
0.126491
-0.123287
-0.375868
-0.630089
-0.884294
-1.13662
-1.38498
-1.62741
-1.86184
-2.08632
-2.299
-2.49799
-2.68138
-2.84723
-2.99385
-3.11976
-3.22389
-3.30535
-3.36368
-3.39836
-3.40995
-3.39861
-3.36535
-3.31805
-3.25917
-3.19324
-3.09725
-3.01488
-2.85486
-2.80178
-2.49522
-2.63185
-1.90263
-2.74629
-0.707156
-3.88125
3.47373
3.46035
3.4492
3.4397
3.43196
3.42595
3.42166
3.41926
3.41883
3.42067
3.4249
3.4319
3.44175
3.45486
3.47121
3.49116
3.51464
3.54196
3.57297
3.60801
3.64687
3.6899
3.73688
3.78819
3.84355
3.90334
3.96723
4.0356
4.10805
4.18489
4.26564
4.35057
4.43914
4.53151
4.62708
4.72591
4.82731
4.9312
5.0368
5.14392
5.25168
5.35975
5.46719
5.57355
5.67792
5.77971
5.87808
5.97239
6.06176
6.14549
6.22237
6.2921
6.35279
6.40429
6.4452
6.47502
6.49268
6.49802
6.48981
6.4686
6.43388
6.38686
6.3276
6.25777
6.17754
6.08826
5.99236
5.90117
5.81591
5.72389
5.62269
5.51304
5.39429
5.27596
5.12167
5.07741
4.70223
5.30461
3.32408
7.72112
3.04184
3.049
3.05268
3.05249
3.04905
3.04345
3.03725
3.03116
3.0257
3.02053
3.01476
3.00639
2.99387
2.97646
2.95558
2.93325
2.91069
2.88808
2.8669
2.84873
2.83444
2.82313
2.81319
2.80205
2.78694
2.76495
2.73427
2.69373
2.64242
2.57909
2.50266
2.4111
2.30369
2.1833
2.05421
1.91801
1.77373
1.61917
1.45334
1.27679
1.09119
0.898264
0.699279
0.494794
0.284876
0.0696578
-0.150331
-0.373905
-0.599513
-0.825281
-1.04944
-1.27016
-1.48576
-1.6945
-1.89472
-2.08452
-2.26199
-2.42524
-2.57259
-2.70253
-2.81372
-2.90507
-2.97549
-3.02475
-3.05251
-3.05921
-3.04486
-3.01521
-2.97262
-2.92368
-2.84631
-2.78182
-2.64347
-2.60581
-2.32785
-2.46791
-1.78572
-2.59872
-0.654787
-3.73269
3.03067
3.01952
3.01075
3.00377
2.99882
2.99561
2.99422
2.99442
2.99636
2.99989
3.00529
3.01249
3.02187
3.03343
3.0476
3.06438
3.08421
3.10701
3.13319
3.16263
3.19567
3.23213
3.27235
3.31612
3.36377
3.41507
3.47035
3.52938
3.59248
3.65938
3.73035
3.80507
3.88378
3.96607
4.05207
4.1413
4.2338
4.32897
4.42674
4.52644
4.62784
4.73019
4.83316
4.93594
5.03807
5.13872
5.23731
5.33305
5.42529
5.51324
5.59626
5.67312
5.7433
5.8056
5.85935
5.90351
5.93739
5.95958
5.96984
5.9672
5.95214
5.92429
5.8849
5.83413
5.77317
5.70287
5.62604
5.55139
5.48131
5.40489
5.32087
5.22856
5.12794
5.02513
4.89169
4.85109
4.51874
5.0715
3.21897
7.43731
2.64535
2.65299
2.65798
2.6606
2.66107
2.66045
2.65945
2.65826
2.65617
2.65254
2.64611
2.63578
2.62034
2.59983
2.5752
2.54898
2.5236
2.50031
2.47845
2.45823
2.44044
2.42565
2.41294
2.40098
2.38783
2.37157
2.34991
2.32132
2.28468
2.23933
2.18489
2.12118
2.04653
1.95956
1.86157
1.7548
1.63968
1.51506
1.37985
1.23467
1.08133
0.921432
0.755643
0.58379
0.405474
0.220534
0.0295917
-0.16622
-0.365249
-0.56595
-0.766663
-0.966041
-1.16254
-1.35476
-1.54099
-1.71956
-1.88859
-2.04642
-2.19141
-2.32201
-2.43681
-2.53421
-2.61346
-2.67357
-2.71444
-2.73569
-2.73748
-2.72291
-2.6948
-2.66077
-2.60028
-2.55163
-2.43359
-2.40903
-2.15942
-2.29979
-1.66737
-2.44327
-0.602488
-3.57279
2.63415
2.62277
2.61336
2.60586
2.6005
2.59743
2.59651
2.59785
2.60118
2.60658
2.61377
2.62288
2.63369
2.64643
2.66099
2.67768
2.69646
2.71771
2.74141
2.76792
2.79719
2.82956
2.86492
2.90357
2.94535
2.99054
3.03895
3.09087
3.14611
3.20495
3.26719
3.33311
3.40249
3.47555
3.55201
3.63201
3.71519
3.80156
3.89068
3.98243
4.07625
4.1719
4.26872
4.36633
4.46405
4.56137
4.65755
4.75204
4.84408
4.93304
5.01821
5.09889
5.17432
5.24369
5.30619
5.36079
5.40637
5.44205
5.46667
5.47993
5.48107
5.47048
5.44797
5.41443
5.37023
5.31681
5.25628
5.19627
5.13882
5.07672
5.00746
4.93104
4.84703
4.76004
4.64687
4.61011
4.32293
4.82087
3.11291
7.12535
2.33176
2.33689
2.34003
2.34166
2.34202
2.34163
2.34078
2.33854
2.33382
2.32586
2.31478
2.30086
2.2846
2.26623
2.24657
2.22688
2.20904
2.19418
2.18152
2.16731
2.14805
2.12291
2.09335
2.0607
2.02615
1.99056
1.95509
1.92109
1.89092
1.86665
1.84866
1.83505
1.82106
1.79689
1.75088
1.67623
1.57616
1.46157
1.3414
1.2175
1.08852
0.953589
0.812489
0.664953
0.51051
0.349175
0.181549
0.00889704
-0.167403
-0.346003
-0.525742
-0.705431
-0.883959
-1.05993
-1.23194
-1.39833
-1.55758
-1.70816
-1.84848
-1.97714
-2.09236
-2.19299
-2.27769
-2.34577
-2.39636
-2.42941
-2.4443
-2.44258
-2.42689
-2.40589
-2.36046
-2.3255
-2.22676
-2.21203
-1.99208
-2.12678
-1.55077
-2.27768
-0.555399
-3.39782
2.32306
2.31325
2.30419
2.29588
2.28886
2.2833
2.27955
2.27771
2.27798
2.28032
2.2848
2.29129
2.29981
2.31022
2.32256
2.33672
2.35286
2.37095
2.39122
2.41371
2.43868
2.46618
2.4965
2.52963
2.56581
2.605
2.64737
2.69284
2.74158
2.7935
2.84874
2.90719
2.96903
3.03417
3.1027
3.17448
3.24956
3.32776
3.40899
3.49294
3.57944
3.66803
3.75843
3.8501
3.9426
4.03534
4.12778
4.21933
4.30942
4.39741
4.48269
4.56465
4.64255
4.71578
4.78351
4.8448
4.89867
4.94409
4.98004
5.00571
5.02071
5.02437
5.01693
4.99843
4.96942
4.93069
4.88471
4.83672
4.79075
4.74007
4.68369
4.62104
4.5526
4.47986
4.3868
4.35292
4.11598
4.54814
3.01271
6.77989
1.98192
1.98188
1.98066
1.97825
1.97433
1.96941
1.964
1.95755
1.94904
1.93791
1.92451
1.91
1.89584
1.88281
1.87076
1.85899
1.84697
1.83454
1.82197
1.80975
1.79771
1.78471
1.77028
1.75547
1.74166
1.72939
1.71832
1.70704
1.69367
1.67706
1.65685
1.6321
1.60076
1.56037
1.50916
1.44761
1.37675
1.29663
1.20825
1.1138
1.01413
0.908862
0.797219
0.678656
0.552798
0.419975
0.280896
0.136759
-0.0113743
-0.162496
-0.315877
-0.470649
-0.626002
-0.780725
-0.933637
-1.08328
-1.22842
-1.36757
-1.49941
-1.62233
-1.73499
-1.83593
-1.92405
-1.99819
-2.05747
-2.10144
-2.1293
-2.14021
-2.13782
-2.1297
-2.10144
-2.07919
-2.00475
-1.99567
-1.8161
-1.93337
-1.43528
-2.08985
-0.520387
-3.20272
1.97964
1.97647
1.97341
1.97033
1.96742
1.96479
1.96269
1.96136
1.96103
1.96196
1.96435
1.96833
1.97403
1.98153
1.99085
2.002
2.01501
2.02989
2.04666
2.0654
2.08618
2.10911
2.13431
2.1619
2.192
2.22471
2.26013
2.29832
2.33936
2.3833
2.43015
2.47994
2.53271
2.58851
2.64733
2.70914
2.77398
2.84181
2.91255
2.98605
3.0622
3.14072
3.22143
3.30397
3.38795
3.47296
3.55853
3.64414
3.72932
3.81353
3.89622
3.97689
4.05485
4.12957
4.20032
4.26631
4.32656
4.38023
4.42626
4.46391
4.49235
4.51104
4.51953
4.51772
4.50549
4.48376
4.45363
4.41992
4.38582
4.34797
4.30528
4.25816
4.20615
4.14996
4.08122
4.0487
3.88036
4.21807
2.92128
6.36189
1.6823
1.6813
1.67959
1.67669
1.67157
1.66474
1.65744
1.65031
1.64303
1.63498
1.62535
1.61414
1.60248
1.59213
1.58363
1.57581
1.56637
1.55402
1.53902
1.52323
1.50888
1.4977
1.48941
1.48272
1.4763
1.46966
1.46192
1.45157
1.43598
1.41247
1.37903
1.33575
1.28381
1.22552
1.16405
1.1031
1.04409
0.984999
0.921896
0.853477
0.780617
0.703888
0.622248
0.534712
0.440748
0.340787
0.235586
0.12614
0.0130546
-0.10322
-0.222561
-0.344604
-0.468827
-0.594286
-0.72003
-0.844846
-0.967724
-1.08738
-1.20265
-1.31213
-1.41462
-1.5088
-1.59353
-1.66758
-1.72989
-1.77985
-1.81621
-1.83688
-1.84469
-1.84805
-1.8337
-1.82549
-1.76985
-1.77422
-1.62135
-1.74445
-1.28976
-1.92662
-0.439836
-3.07512
1.68287
1.68359
1.68494
1.68672
1.68879
1.69111
1.69356
1.69629
1.69924
1.70269
1.70667
1.71152
1.7173
1.72435
1.73267
1.74254
1.75393
1.76705
1.78179
1.79835
1.81661
1.83678
1.85875
1.88273
1.90865
1.93671
1.96687
1.99929
2.03391
2.07087
2.1101
2.15168
2.19557
2.24185
2.29043
2.34138
2.39466
2.45031
2.50828
2.56855
2.63105
2.69572
2.76244
2.83103
2.90129
2.97299
3.04576
3.11927
3.19314
3.26701
3.34043
3.41308
3.48441
3.55404
3.62137
3.68578
3.74641
3.80252
3.85313
3.8975
3.93476
3.96425
3.98526
3.99722
3.99983
3.99326
3.97876
3.95792
3.9356
3.90983
3.88086
3.84829
3.81299
3.7739
3.72863
3.70596
3.58986
3.89184
2.72291
6.08624
1.41269
1.41083
1.40899
1.40686
1.40283
1.39687
1.39019
1.38378
1.37811
1.37293
1.36697
1.35871
1.34811
1.33704
1.32755
1.31968
1.31093
1.29836
1.28064
1.2589
1.23538
1.21232
1.191
1.17138
1.15167
1.12998
1.10553
1.07919
1.05217
1.02518
0.997789
0.969093
0.938381
0.90561
0.869984
0.830459
0.786493
0.738944
0.688465
0.634967
0.578004
0.51765
0.453406
0.384716
0.311253
0.23364
0.152614
0.0689214
-0.0173703
-0.106358
-0.198391
-0.293318
-0.390813
-0.490075
-0.590446
-0.691028
-0.791125
-0.889703
-0.985889
-1.07854
-1.16674
-1.24932
-1.32528
-1.39342
-1.45269
-1.50234
-1.5411
-1.56607
-1.57964
-1.58976
-1.58498
-1.58652
-1.54541
-1.56074
-1.42924
-1.55994
-1.13982
-1.77068
-0.347662
-2.95643
1.41399
1.41573
1.41836
1.4219
1.42617
1.43119
1.43669
1.4427
1.44897
1.45557
1.46232
1.46938
1.47669
1.4845
1.49279
1.50186
1.51171
1.52264
1.53463
1.54793
1.5625
1.57857
1.5961
1.61528
1.63608
1.65868
1.68305
1.70939
1.73766
1.768
1.80038
1.83491
1.87154
1.91033
1.9512
1.99418
2.03919
2.08622
2.13521
2.18615
2.23895
2.29357
2.3499
2.40785
2.4673
2.5281
2.58998
2.65276
2.71616
2.77998
2.84386
2.90763
2.97094
3.0335
3.09492
3.15473
3.21227
3.26696
3.31794
3.36454
3.40597
3.44148
3.47028
3.49161
3.50478
3.50998
3.50696
3.49675
3.48355
3.46795
3.44952
3.42921
3.40709
3.383
3.35756
3.34627
3.27582
3.55855
2.49556
5.81577
1.03599
1.0314
1.02814
1.02628
1.02348
1.01845
1.01171
1.00398
0.996781
0.991039
0.986268
0.979924
0.970329
0.958161
0.946495
0.937282
0.929573
0.91979
0.90504
0.885089
0.862685
0.841349
0.82367
0.810229
0.79976
0.789167
0.774935
0.755351
0.731533
0.706079
0.681345
0.658225
0.636109
0.614049
0.591379
0.567122
0.539607
0.507847
0.47215
0.433334
0.391218
0.345239
0.295191
0.241512
0.18464
0.125322
0.0641234
0.00140251
-0.0631711
-0.130029
-0.19964
-0.271924
-0.346629
-0.42315
-0.501097
-0.579813
-0.658817
-0.73731
-0.814701
-0.890133
-0.962963
-1.03221
-1.09704
-1.15637
-1.20922
-1.25489
-1.29205
-1.31779
-1.33373
-1.34752
-1.34865
-1.35691
-1.32697
-1.35032
-1.23794
-1.37339
-0.988421
-1.60907
-0.255006
-2.81681
1.03996
1.0442
1.04924
1.05524
1.0622
1.07025
1.0793
1.08935
1.10027
1.11197
1.12429
1.13713
1.15035
1.1639
1.17769
1.19174
1.20606
1.2207
1.23575
1.25128
1.26743
1.28424
1.30187
1.32036
1.33984
1.36036
1.38204
1.40494
1.42919
1.45482
1.48201
1.51076
1.54122
1.5734
1.60739
1.64319
1.68084
1.72031
1.76159
1.80466
1.84946
1.89595
1.94403
1.99364
2.04462
2.09687
2.15017
2.20438
2.25925
2.31468
2.37039
2.4263
2.48219
2.53792
2.5932
2.64777
2.70113
2.75286
2.80228
2.84882
2.89178
2.93049
2.96417
2.99188
3.01284
3.02663
3.03298
3.03107
3.02593
3.0183
3.00902
2.99823
2.9872
2.9754
2.96756
2.96642
2.93762
3.20115
2.25197
5.48002
0.765677
0.754456
0.744954
0.738136
0.731865
0.72436
0.714839
0.702924
0.690196
0.679177
0.671249
0.664365
0.655274
0.642404
0.627945
0.615209
0.605691
0.597194
0.586182
0.570482
0.551442
0.532632
0.517789
0.508344
0.503196
0.499065
0.491979
0.478658
0.458693
0.434624
0.410348
0.388881
0.371202
0.356297
0.342388
0.328008
0.31203
0.292974
0.269678
0.242072
0.210579
0.175251
0.136095
0.0940422
0.0504033
0.00633249
-0.0378291
-0.0821717
-0.127408
-0.174213
-0.223233
-0.274571
-0.328187
-0.383688
-0.440797
-0.498959
-0.55782
-0.616799
-0.675595
-0.733622
-0.790438
-0.84524
-0.897365
-0.945894
-0.989983
-1.02904
-1.06174
-1.08549
-1.10146
-1.11613
-1.1206
-1.13254
-1.111
-1.1396
-1.04378
-1.18187
-0.830613
-1.4389
-0.156189
-2.65574
0.775207
0.784056
0.79269
0.801308
0.810032
0.819065
0.828546
0.838601
0.849336
0.860804
0.873043
0.885992
0.899627
0.913824
0.928524
0.943573
0.958915
0.974416
0.990093
1.00588
1.02182
1.0379
1.05423
1.07082
1.08781
1.10523
1.12319
1.14175
1.16103
1.18111
1.2021
1.2241
1.24724
1.27164
1.29739
1.32463
1.35345
1.38396
1.41616
1.45017
1.48592
1.5235
1.56278
1.60374
1.6462
1.69008
1.73512
1.78121
1.82805
1.87559
1.92356
1.97194
2.02056
2.06937
2.11819
2.16687
2.21506
2.26246
2.30857
2.35294
2.39501
2.43417
2.46965
2.50053
2.52595
2.54548
2.55821
2.56306
2.56382
2.56275
2.56001
2.55679
2.55367
2.55211
2.55691
2.56412
2.56999
2.81344
1.97543
5.08628
0.566306
0.55294
0.539983
0.528443
0.517373
0.506441
0.494708
0.480609
0.464216
0.448724
0.437553
0.430883
0.424898
0.415503
0.401709
0.386254
0.372395
0.361205
0.35083
0.338849
0.324425
0.309319
0.296263
0.287061
0.28101
0.275387
0.266588
0.252235
0.23204
0.208463
0.185159
0.165491
0.15071
0.140305
0.132065
0.123554
0.112887
0.099314
0.081998
0.0604913
0.034845
0.00589363
-0.0256637
-0.0586131
-0.0914754
-0.12272
-0.152046
-0.180013
-0.207872
-0.23671
-0.267396
-0.300191
-0.335046
-0.371539
-0.4093
-0.447886
-0.487134
-0.52682
-0.566927
-0.607117
-0.647103
-0.686266
-0.724148
-0.760062
-0.793329
-0.823498
-0.84931
-0.868886
-0.882713
-0.896125
-0.901174
-0.914377
-0.898043
-0.929392
-0.846761
-0.985383
-0.664411
-1.25844
-0.0455607
-2.47047
0.578874
0.590472
0.601392
0.611661
0.62134
0.630571
0.639414
0.648086
0.656673
0.665435
0.674394
0.683815
0.693675
0.704201
0.715286
0.727082
0.739382
0.752302
0.765606
0.779396
0.793404
0.807768
0.822261
0.83706
0.851985
0.867239
0.88265
0.898478
0.914564
0.931163
0.948133
0.965742
0.983892
1.00285
1.0225
1.04318
1.06481
1.08769
1.11178
1.13736
1.16435
1.19303
1.22326
1.2552
1.28863
1.32361
1.35984
1.39729
1.43559
1.47474
1.5144
1.55461
1.59516
1.6361
1.67725
1.71862
1.75994
1.80106
1.84162
1.88132
1.9197
1.95626
1.99034
2.02106
2.04765
2.06959
2.08586
2.09462
2.09952
2.10243
2.10438
2.1058
2.10841
2.11287
2.1261
2.1379
2.17082
2.39166
1.65408
4.63466
0.361603
0.349317
0.33633
0.322836
0.309216
0.297602
0.288579
0.279536
0.267502
0.253459
0.241297
0.233757
0.228865
0.221922
0.209275
0.19161
0.172484
0.155731
0.142527
0.131934
0.122046
0.112104
0.10216
0.0926789
0.0829398
0.0714368
0.0561291
0.0365212
0.0139355
-0.00801251
-0.0258917
-0.0375588
-0.0437411
-0.0464507
-0.0485386
-0.05213
-0.0589344
-0.0691103
-0.0820417
-0.0965946
-0.112456
-0.129137
-0.146271
-0.162909
-0.178364
-0.191915
-0.203988
-0.215654
-0.228695
-0.244254
-0.262986
-0.2845
-0.308113
-0.332745
-0.35775
-0.382643
-0.407554
-0.432528
-0.457834
-0.483274
-0.508778
-0.533932
-0.558596
-0.582365
-0.604807
-0.625625
-0.643716
-0.658053
-0.668702
-0.679508
-0.683865
-0.69635
-0.683353
-0.715094
-0.642958
-0.779657
-0.485606
-1.0607
0.0800216
-2.23354
0.373339
0.384545
0.395222
0.405388
0.414843
0.423731
0.43188
0.439512
0.446498
0.453124
0.459285
0.465331
0.471182
0.477212
0.483325
0.489882
0.49674
0.504241
0.512173
0.52081
0.529872
0.539623
0.549746
0.560482
0.571514
0.58311
0.594953
0.607362
0.620038
0.633321
0.646922
0.661211
0.675923
0.691426
0.707441
0.724386
0.741997
0.760696
0.780248
0.801098
0.823026
0.84645
0.871147
0.897429
0.925042
0.954142
0.984383
1.01579
1.04798
1.0809
1.11419
1.14786
1.18168
1.21568
1.24976
1.28396
1.31815
1.35229
1.3862
1.4197
1.45248
1.48421
1.51439
1.54225
1.56716
1.58862
1.60534
1.61581
1.62281
1.62836
1.6328
1.63735
1.64216
1.64966
1.66569
1.67739
1.72643
1.92288
1.26619
4.08227
0.304355
0.303821
0.301154
0.294945
0.285927
0.278312
0.275141
0.274199
0.270066
0.260723
0.248939
0.239417
0.233041
0.226894
0.216312
0.199909
0.179574
0.159755
0.143359
0.131427
0.122312
0.11412
0.104637
0.0927631
0.077225
0.0576063
0.0336736
0.00709294
-0.0192976
-0.0410061
-0.054699
-0.0595224
-0.0587742
-0.0575033
-0.060661
-0.0706832
-0.0880603
-0.111587
-0.139536
-0.169342
-0.198564
-0.2248
-0.24637
-0.26199
-0.271543
-0.275631
-0.275825
-0.274228
-0.273397
-0.275145
-0.280277
-0.288169
-0.297698
-0.307507
-0.316984
-0.325959
-0.334992
-0.344448
-0.354738
-0.365708
-0.37728
-0.389161
-0.401337
-0.413588
-0.425597
-0.43721
-0.44743
-0.456292
-0.463139
-0.470856
-0.473153
-0.483956
-0.472052
-0.502611
-0.437624
-0.569835
-0.298693
-0.844964
0.214858
-1.91379
0.304863
0.305666
0.306771
0.308269
0.309758
0.311474
0.313004
0.31466
0.316045
0.317497
0.318678
0.320002
0.321174
0.322615
0.32405
0.325949
0.328074
0.330897
0.334141
0.338268
0.34301
0.348773
0.355237
0.362725
0.370881
0.379998
0.38969
0.400209
0.411175
0.422848
0.434847
0.447443
0.460298
0.473675
0.487263
0.501341
0.515627
0.530387
0.545392
0.560962
0.576907
0.593566
0.610789
0.628898
0.647712
0.66747
0.687899
0.709142
0.730858
0.753095
0.775514
0.798189
0.820848
0.843645
0.866429
0.889381
0.912391
0.935642
0.958994
0.982506
1.00595
1.02921
1.0519
1.07343
1.09334
1.11117
1.12546
1.13541
1.14255
1.14803
1.15296
1.15734
1.16215
1.16959
1.18553
1.19274
1.24793
1.4166
0.821808
3.38314
-0.790254
-0.792048
-0.791971
-0.792749
-0.798781
-0.807153
-0.811294
-0.810059
-0.808729
-0.812942
-0.8228
-0.833837
-0.841589
-0.845607
-0.848425
-0.852945
-0.859419
-0.865987
-0.869961
-0.870122
-0.866769
-0.861597
-0.856391
-0.852782
-0.851451
-0.852349
-0.854191
-0.854522
-0.849917
-0.83695
-0.813558
-0.781245
-0.745383
-0.713284
-0.689601
-0.673474
-0.658372
-0.635267
-0.595608
-0.533922
-0.449361
-0.347679
-0.24131
-0.145707
-0.0731303
-0.028993
-0.0109296
-0.0118233
-0.0235827
-0.0406689
-0.0598626
-0.0795619
-0.0981028
-0.11448
-0.128103
-0.139502
-0.149458
-0.158732
-0.167656
-0.176127
-0.18419
-0.191738
-0.199053
-0.205999
-0.212556
-0.218685
-0.223863
-0.228554
-0.232828
-0.237899
-0.238999
-0.247959
-0.237456
-0.26559
-0.209067
-0.328691
-0.0958297
-0.561829
0.314263
-1.34155
-0.787202
-0.782585
-0.776582
-0.769225
-0.760671
-0.750973
-0.740273
-0.7287
-0.71636
-0.703313
-0.68961
-0.675246
-0.660254
-0.644572
-0.628217
-0.611074
-0.593172
-0.574384
-0.554738
-0.534096
-0.512424
-0.489536
-0.465524
-0.440226
-0.413726
-0.385899
-0.356944
-0.326767
-0.295679
-0.263632
-0.230971
-0.19767
-0.16412
-0.130314
-0.0965899
-0.0629082
-0.0296365
0.0032816
0.0355553
0.0673245
0.0983402
0.128792
0.158482
0.187622
0.215995
0.243786
0.270713
0.296871
0.321923
0.345885
0.368459
0.389691
0.409405
0.427748
0.444762
0.460665
0.475679
0.490057
0.504111
0.517943
0.531821
0.545685
0.559555
0.572868
0.585598
0.597245
0.606504
0.613083
0.618338
0.622662
0.626503
0.629976
0.632256
0.635121
0.641953
0.633363
0.667464
0.803395
0.27087
2.30964
0.411485
0.398764
0.390698
0.38806
0.383158
0.373142
0.362904
0.3569
0.354581
0.351096
0.343528
0.332908
0.323504
0.318171
0.317404
0.318915
0.320741
0.321296
0.320676
0.318744
0.315914
0.311754
0.306476
0.299678
0.292024
0.283724
0.276197
0.270329
0.267951
0.270025
0.27837
0.29316
0.314113
0.337686
0.359149
0.371705
0.369268
0.344426
0.29029
0.199916
0.0714225
-0.0886668
-0.261145
-0.418078
-0.530628
-0.581736
-0.573643
-0.52561
-0.461452
-0.397739
-0.341286
-0.292128
-0.249075
-0.210739
-0.177516
-0.149355
-0.127138
-0.110181
-0.0983962
-0.0902689
-0.0852289
-0.0818204
-0.0796666
-0.0779754
-0.0767169
-0.0758817
-0.0750785
-0.0759244
-0.0767206
-0.0784155
-0.0767791
-0.081304
-0.071792
-0.0903659
-0.0502557
-0.127069
0.0190808
-0.24773
0.248876
-0.586619
0.423517
0.435057
0.445927
0.456383
0.466426
0.476139
0.485468
0.494274
0.502564
0.510133
0.516927
0.522693
0.52746
0.531045
0.533505
0.534684
0.534687
0.533421
0.530983
0.527237
0.522423
0.5165
0.509589
0.501727
0.493103
0.483822
0.47403
0.46391
0.453473
0.442939
0.432268
0.421649
0.410881
0.400107
0.389093
0.377979
0.366442
0.354617
0.342224
0.329507
0.316266
0.302832
0.289159
0.275652
0.26234
0.249641
0.237617
0.226546
0.216441
0.207388
0.199384
0.192317
0.18622
0.180863
0.176383
0.172518
0.169557
0.167254
0.165964
0.165405
0.165915
0.1672
0.169408
0.172092
0.175539
0.179186
0.181957
0.185417
0.187253
0.187072
0.186003
0.184511
0.183641
0.186292
0.196462
0.200343
0.225945
0.293361
0.0129539
0.96197
)
;

boundaryField
{
    inlet
    {
        type            freestreamPressure;
        freestreamValue uniform 0;
        value           nonuniform List<scalar> 
134
(
1.39146
0.818638
0.204333
-0.349855
-0.774273
-1.07038
-1.19288
-1.13702
-0.909483
-0.441083
-0.0802904
-0.125941
-0.212966
-0.299327
-0.389195
-0.484497
-0.585479
-0.692204
-0.805606
-0.927835
1.93611
-1.06206
-1.21002
-1.36505
-1.51026
-1.61501
-1.66501
-1.75388
-1.75296
-1.7835
-2.12936
-1.95549
-1.95972
-1.9935
-2.01805
-2.02854
-2.03774
-2.06679
-2.14623
-2.24191
2.43452
2.9294
3.31643
3.47795
3.32099
2.69347
1.44372
-2.4732
-2.42198
-2.33892
-2.28379
-2.24319
-2.19824
-2.14702
-2.09421
-2.04159
-1.98862
-1.93409
-1.87781
-1.81984
-1.76022
-1.69841
-1.63347
-1.56355
-1.48702
-1.40164
-1.3458
-1.29384
-1.23268
-1.16212
-1.08094
-0.977134
-0.837068
-0.586627
-0.256406
0.502085
1.07665
1.70035
2.30293
2.8791
3.41937
3.8725
4.2144
4.4545
4.6026
4.68019
4.71185
4.71821
4.71611
4.72965
4.79827
4.93749
5.09046
5.21265
5.30958
5.39089
5.45853
5.50965
5.54284
5.5592
5.5615
5.55656
5.55798
5.60038
5.73622
6.05569
6.18602
6.03384
5.8594
5.74329
5.64509
5.53483
5.41534
5.29531
5.1747
5.05171
4.92444
4.79341
4.65742
4.5159
4.366
4.20573
4.02956
3.83444
3.59831
3.44274
3.29015
3.10067
2.87842
2.62341
2.31135
1.91612
1.30856
0.545314
)
;
    }
    outlet
    {
        type            freestreamPressure;
        freestreamValue uniform 0;
        value           nonuniform List<scalar> 
160
(
0.00146692
0.00150165
0.00143208
0.00153525
0.00141078
0.00156662
0.00140525
0.00159701
0.00138997
0.00162641
0.00135768
0.00165513
0.00132632
0.00168302
0.00130964
0.00170953
0.00130385
0.00173469
0.0012919
0.00175768
0.00126527
0.00177832
0.00122892
0.00179563
0.00119795
0.00180971
0.00118136
0.00181982
0.00117995
0.00182623
0.00118529
0.00182831
0.00119071
0.00182649
0.00119099
0.00182039
0.00118678
0.00181041
0.00117768
0.00179604
0.00116527
0.00177817
0.0011481
0.00175664
0.00112706
0.00173195
0.00110094
0.00170422
0.00107242
0.00167415
0.00104269
0.00164214
0.00101712
0.00160874
0.000998798
0.00157462
0.000993309
0.00153982
0.00100215
0.00150513
0.00102897
0.00147037
0.00107208
0.00143623
0.0011304
0.00140191
0.00119524
0.00136789
0.0012563
0.00133324
0.00129581
0.00129842
0.00129517
0.00126218
0.00122657
0.00122494
0.00105911
0.0011856
0.000758855
0.00114499
0.000312175
0.0011023
-0.000255917
0.0010587
-0.000866783
0.00101397
-0.00141248
0.000969557
-0.00179308
0.000925544
-0.00195892
0.000883437
-0.0019263
0.000843467
-0.00176345
0.000806648
-0.00154949
0.000773043
-0.0013382
0.000742979
-0.00115118
0.000716474
-0.000987971
0.000693134
-0.000844474
0.00067312
-0.00071607
0.000655608
-0.000604318
0.000641159
-0.000509212
0.00062882
-0.00043404
0.000619722
-0.000376704
0.00061298
-0.000337178
0.000609977
-0.000310329
0.000609702
-0.000294201
0.000613479
-0.000283671
0.000620256
-0.000277426
0.000630667
-0.000272712
0.000643085
-0.000269472
0.00065863
-0.000267689
0.000675275
-0.000266035
0.000689041
-0.000270049
0.000705145
-0.000273843
0.000714978
-0.000280903
0.000717476
-0.000276282
0.000717007
-0.000293588
0.000715323
-0.000260982
0.000716578
-0.000328841
0.000732185
-0.000185407
0.000778492
-0.000463984
0.000802192
7.21075e-05
0.000913922
-0.000892065
0.00120205
0.00100199
5.50579e-05
-0.00196114
0.00387509
)
;
    }
    walls
    {
        type            zeroGradient;
    }
    frontAndBack
    {
        type            empty;
    }
}


// ************************************************************************* //
